Cruise namePNNL Tank
cast nameCast 192
cruise start date15/08/2023
cruise end date15/08/2023
25/07/2024 14:18:58.000,21.3309,33.1509,1.20,8.086,55.338,21.1906
25/07/2024 14:19:58.000,21.3344,33.1511,1.21,8.086,55.366,21.1882
25/07/2024 14:20:58.000,21.3362,33.1506,1.21,8.086,55.379,21.1903
25/07/2024 14:21:58.000,21.3387,33.1497,1.20,8.085,55.435,21.1906
25/07/2024 14:22:58.000,21.3403,33.1490,1.21,8.085,55.389,21.1906
25/07/2024 14:23:58.000,21.3399,33.1499,1.21,8.085,55.386,21.1902
25/07/2024 14:24:58.000,21.3398,33.1499,1.20,8.085,55.380,21.1917
25/07/2024 14:25:58.000,21.3389,33.1494,1.20,8.085,55.453,21.1922
25/07/2024 14:26:58.000,21.3359,33.1510,1.20,8.085,55.545,21.1924
25/07/2024 14:27:58.000,21.3321,33.1514,1.20,8.085,55.505,21.1895
25/07/2024 14:28:58.000,21.3306,33.1503,1.21,8.084,55.343,21.1928
25/07/2024 14:29:58.000,21.3299,33.1513,1.20,8.084,55.602,21.1928
25/07/2024 14:30:58.000,21.3309,33.1516,1.20,8.084,55.376,21.1938
25/07/2024 14:31:58.000,21.3334,33.1508,1.21,8.084,55.509,21.1937
25/07/2024 14:32:58.000,21.3340,33.1506,1.21,8.090,55.490,21.1937
25/07/2024 14:33:58.000,21.3346,33.1511,1.19,8.087,55.457,21.1938
25/07/2024 14:34:58.000,21.3346,33.1502,1.20,8.085,55.504,21.1936
25/07/2024 14:35:58.000,21.3333,33.1507,1.21,8.085,55.500,21.1945
25/07/2024 14:36:58.000,21.3311,33.1495,1.21,8.084,55.357,21.1945
25/07/2024 14:37:58.000,21.3284,33.1521,1.19,8.084,55.309,21.1947
25/07/2024 14:38:58.000,21.3287,33.1520,1.20,8.084,55.334,21.1955
25/07/2024 14:39:58.000,21.3285,33.1516,1.20,8.084,55.504,21.1957
25/07/2024 14:40:58.000,21.3283,33.1523,1.20,8.084,55.403,21.1961
25/07/2024 14:41:58.000,21.3304,33.1510,1.20,8.084,55.445,21.1959
25/07/2024 14:42:58.000,21.3314,33.1507,1.20,8.083,55.370,21.1954
25/07/2024 14:43:58.000,21.3315,33.1505,1.20,8.084,55.440,21.1962
25/07/2024 14:44:58.000,21.3309,33.1509,1.19,8.084,55.517,21.1956
25/07/2024 14:45:58.000,21.3285,33.1522,1.19,8.084,55.470,21.1961
25/07/2024 14:46:58.000,21.3271,33.1530,1.20,8.083,55.345,21.1970
25/07/2024 14:47:58.000,21.3264,33.1512,1.21,8.084,55.519,21.1971
25/07/2024 14:48:58.000,21.3265,33.1513,1.20,8.084,55.419,21.1975
25/07/2024 14:49:58.000,21.3274,33.1517,1.20,8.084,55.392,21.1979
25/07/2024 14:50:58.000,21.3272,33.1517,1.21,8.084,55.474,21.1978
25/07/2024 14:51:58.000,21.3278,33.1521,1.20,8.083,55.595,21.1974
25/07/2024 14:52:58.000,21.3286,33.1533,1.20,8.083,55.324,21.1986
25/07/2024 14:53:58.000,21.3295,33.1527,1.20,8.083,55.421,21.1985
25/07/2024 14:54:58.000,21.3307,33.1518,1.20,8.083,55.341,21.1988
25/07/2024 14:55:58.000,21.3303,33.1513,1.20,8.083,55.400,21.1984
25/07/2024 14:56:58.000,21.3283,33.1522,1.21,8.083,55.462,21.1987
25/07/2024 14:57:58.000,21.3282,33.1511,1.21,8.083,55.394,21.1990
25/07/2024 14:58:58.000,21.3269,33.1527,1.20,8.082,55.450,21.2002
25/07/2024 14:59:58.000,21.3263,33.1525,1.20,8.082,55.424,21.1994
25/07/2024 15:00:58.000,21.3263,33.1536,1.20,8.082,55.433,21.1989
25/07/2024 15:01:58.000,21.3269,33.1527,1.20,8.082,55.335,21.1998
25/07/2024 15:02:58.000,21.3269,33.1534,1.21,8.082,55.334,21.2000
25/07/2024 15:03:58.000,21.3275,33.1525,1.22,8.082,55.530,21.1982
25/07/2024 15:04:58.000,21.3280,33.1523,1.20,8.082,55.483,21.1990
25/07/2024 15:05:58.000,21.3284,33.1536,1.20,8.082,55.478,21.1996
25/07/2024 15:06:58.000,21.3292,33.1524,1.20,8.082,55.481,21.1993
25/07/2024 15:07:58.000,21.3301,33.1532,1.20,8.082,55.355,21.1989
25/07/2024 15:08:58.000,21.3322,33.1530,1.20,8.082,55.378,21.2007
25/07/2024 15:09:58.000,21.3327,33.1533,1.19,8.083,55.486,21.2003
25/07/2024 15:10:58.000,21.3312,33.1534,1.19,8.083,55.463,21.2002
25/07/2024 15:11:58.000,21.3310,33.1535,1.20,8.084,55.415,21.2008
25/07/2024 15:12:58.000,21.3317,33.1533,1.19,8.084,55.505,21.2007
25/07/2024 15:13:58.000,21.3309,33.1537,1.19,8.085,55.493,21.2001
25/07/2024 15:14:58.000,21.3322,33.1529,1.21,8.085,55.410,21.2005
25/07/2024 15:15:58.000,21.3320,33.1539,1.21,8.086,55.612,21.2005
25/07/2024 15:16:58.000,21.3318,33.1531,1.21,8.086,55.511,21.2010
25/07/2024 15:17:58.000,21.3317,33.1543,1.21,8.086,55.428,21.2017
25/07/2024 15:18:58.000,21.3325,33.1532,1.19,8.086,55.419,21.2029
25/07/2024 15:19:58.000,21.3327,33.1536,1.21,8.085,55.609,21.2031
25/07/2024 15:20:58.000,21.3344,33.1550,1.20,8.085,55.451,21.2029
25/07/2024 15:21:58.000,21.3358,33.1543,1.19,8.085,55.527,21.2031
25/07/2024 15:22:58.000,21.3367,33.1536,1.20,8.085,55.532,21.2014
25/07/2024 15:23:58.000,21.3365,33.1544,1.20,8.085,55.523,21.2019
25/07/2024 15:24:58.000,21.3366,33.1540,1.20,8.084,55.507,21.2035
25/07/2024 15:25:58.000,21.3358,33.1542,1.20,8.084,55.419,21.2034
25/07/2024 15:26:58.000,21.3359,33.1538,1.19,8.084,55.525,21.2042
25/07/2024 15:27:58.000,21.3354,33.1542,1.20,8.084,55.594,21.2049
25/07/2024 15:28:58.000,21.3357,33.1534,1.20,8.084,55.434,21.2056
25/07/2024 15:29:58.000,21.3356,33.1545,1.20,8.084,55.495,21.2063
25/07/2024 15:30:58.000,21.3364,33.1546,1.19,8.084,55.432,21.2059
25/07/2024 15:31:58.000,21.3371,33.1545,1.19,8.085,55.454,21.2065
25/07/2024 15:32:58.000,21.3374,33.1549,1.22,8.089,55.400,21.2049
25/07/2024 15:33:58.000,21.3381,33.1545,1.20,8.091,55.343,21.2071
25/07/2024 15:34:58.000,21.3372,33.1543,1.19,8.091,55.473,21.2068
25/07/2024 15:35:58.000,21.3374,33.1556,1.20,8.090,55.478,21.2071
25/07/2024 15:36:58.000,21.3363,33.1567,1.21,8.089,55.432,21.2075
25/07/2024 15:37:58.000,21.3368,33.1547,1.19,8.089,55.440,21.2056
25/07/2024 15:38:58.000,21.3385,33.1558,1.20,8.089,55.386,21.2079
25/07/2024 15:39:58.000,21.3390,33.1561,1.22,8.088,55.497,21.2070
25/07/2024 15:40:58.000,21.3408,33.1545,1.19,8.088,55.500,21.2085
25/07/2024 15:41:58.000,21.3414,33.1549,1.19,8.088,55.449,21.2087
25/07/2024 15:42:58.000,21.3420,33.1557,1.20,8.088,55.383,21.2090
25/07/2024 15:43:58.000,21.3431,33.1554,1.18,8.088,55.374,21.2094
25/07/2024 15:44:58.000,21.3443,33.1543,1.20,8.087,55.466,21.2094
25/07/2024 15:45:58.000,21.3448,33.1558,1.19,8.087,55.430,21.2100
25/07/2024 15:46:58.000,21.3460,33.1549,1.19,8.087,55.492,21.2089
25/07/2024 15:47:58.000,21.3462,33.1561,1.20,8.087,55.507,21.2093
25/07/2024 15:48:58.000,21.3472,33.1545,1.20,8.087,55.465,21.2096
25/07/2024 15:49:58.000,21.3470,33.1560,1.20,8.087,55.353,21.2099
25/07/2024 15:50:58.000,21.3471,33.1566,1.20,8.089,55.488,21.2102
25/07/2024 15:51:58.000,21.3463,33.1570,1.21,8.088,55.463,21.2100
25/07/2024 15:52:58.000,21.3472,33.1550,1.19,8.088,55.278,21.2109
25/07/2024 15:53:58.000,21.3471,33.1562,1.20,8.088,55.393,21.2106
25/07/2024 15:54:58.000,21.3482,33.1553,1.19,8.087,55.404,21.2113
25/07/2024 15:55:58.000,21.3482,33.1556,1.17,8.087,55.404,21.2110
25/07/2024 15:56:58.000,21.3494,33.1557,1.19,8.087,55.355,21.2109
25/07/2024 15:57:58.000,21.3499,33.1556,1.20,8.087,55.338,21.2115
25/07/2024 15:58:58.000,21.3510,33.1559,1.21,8.088,55.444,21.2111
25/07/2024 15:59:58.000,21.3512,33.1555,1.20,8.087,55.324,21.2111
25/07/2024 16:00:58.000,21.3512,33.1557,1.18,8.087,55.366,21.2108
25/07/2024 16:01:58.000,21.3521,33.1559,1.21,8.087,55.461,21.2112
25/07/2024 16:02:58.000,21.3524,33.1559,1.20,8.087,55.330,21.2118
25/07/2024 16:03:58.000,21.3532,33.1556,1.19,8.087,55.440,21.2113
25/07/2024 16:04:58.000,21.3539,33.1570,1.20,8.087,55.419,21.2126
25/07/2024 16:05:58.000,21.3541,33.1548,1.19,8.087,55.408,21.2128
25/07/2024 16:06:58.000,21.3545,33.1552,1.19,8.087,55.359,21.2109
25/07/2024 16:07:58.000,21.3544,33.1566,1.19,8.087,55.465,21.2127
25/07/2024 16:08:58.000,21.3541,33.1558,1.19,8.087,55.494,21.2123
25/07/2024 16:09:58.000,21.3544,33.1560,1.18,8.087,55.507,21.2131
25/07/2024 16:10:58.000,21.3545,33.1559,1.20,8.087,55.482,21.2135
25/07/2024 16:11:58.000,21.3553,33.1554,1.19,8.087,55.519,21.2139
25/07/2024 16:12:58.000,21.3548,33.1572,1.19,8.087,55.387,21.2138
25/07/2024 16:13:58.000,21.3546,33.1568,1.19,8.087,55.416,21.2140
25/07/2024 16:14:58.000,21.3552,33.1549,1.19,8.086,55.376,21.2147
25/07/2024 16:15:58.000,21.3549,33.1566,1.19,8.086,55.330,21.2145
25/07/2024 16:16:58.000,21.3549,33.1568,1.19,8.086,55.328,21.2148
25/07/2024 16:17:58.000,21.3543,33.1573,1.20,8.086,55.350,21.2152
25/07/2024 16:18:58.000,21.3553,33.1566,1.21,8.086,55.468,21.2147
25/07/2024 16:19:58.000,21.3565,33.1568,1.20,8.085,55.479,21.2160
25/07/2024 16:20:58.000,21.3558,33.1579,1.20,8.085,55.432,21.2155
25/07/2024 16:21:58.000,21.3567,33.1579,1.20,8.085,55.397,21.2153
25/07/2024 16:22:58.000,21.3570,33.1567,1.20,8.085,55.461,21.2158
25/07/2024 16:23:58.000,21.3582,33.1567,1.19,8.085,55.426,21.2159
25/07/2024 16:24:58.000,21.3581,33.1566,1.20,8.085,55.438,21.2164
25/07/2024 16:25:58.000,21.3585,33.1561,1.21,8.084,55.399,21.2168
25/07/2024 16:26:58.000,21.3582,33.1571,1.20,8.084,55.410,21.2170
25/07/2024 16:27:58.000,21.3582,33.1580,1.21,8.084,55.519,21.2170
25/07/2024 16:28:58.000,21.3584,33.1580,1.20,8.084,55.367,21.2174
25/07/2024 16:29:58.000,21.3588,33.1574,1.20,8.083,55.366,21.2177
25/07/2024 16:30:58.000,21.3593,33.1561,1.20,8.083,55.443,21.2185
25/07/2024 16:31:58.000,21.3590,33.1572,1.20,8.082,55.403,21.2183
25/07/2024 16:32:58.000,21.3589,33.1569,1.20,8.082,55.460,21.2165
25/07/2024 16:33:58.000,21.3597,33.1573,1.21,8.082,55.436,21.2183
25/07/2024 16:34:58.000,21.3585,33.1583,1.20,8.081,55.334,21.2180
25/07/2024 16:35:58.000,21.3598,33.1579,1.20,8.081,55.478,21.2184
25/07/2024 16:36:58.000,21.3597,33.1580,1.21,8.081,55.457,21.2191
25/07/2024 16:37:58.000,21.3600,33.1576,1.21,8.080,55.406,21.2195
25/07/2024 16:38:58.000,21.3624,33.1589,1.19,8.080,55.426,21.2174
25/07/2024 16:39:58.000,21.3636,33.1585,1.20,8.080,55.278,21.2202
25/07/2024 16:40:58.000,21.3632,33.1582,1.20,8.080,55.378,21.2210
25/07/2024 16:41:58.000,21.3633,33.1564,1.19,8.080,55.350,21.2211
25/07/2024 16:42:58.000,21.3620,33.1575,1.18,8.079,55.384,21.2215
25/07/2024 16:43:58.000,21.3618,33.1575,1.18,8.079,55.367,21.2216
25/07/2024 16:44:58.000,21.3615,33.1584,1.18,8.079,55.354,21.2219
25/07/2024 16:45:58.000,21.3621,33.1560,1.20,8.079,55.515,21.2212
25/07/2024 16:46:58.000,21.3624,33.1587,1.19,8.079,55.496,21.2215
25/07/2024 16:47:58.000,21.3614,33.1588,1.21,8.079,55.509,21.2216
25/07/2024 16:48:58.000,21.3624,33.1563,1.20,8.079,55.461,21.2220
25/07/2024 16:49:58.000,21.3613,33.1574,1.20,8.079,55.410,21.2225
25/07/2024 16:50:58.000,21.3608,33.1574,1.20,8.079,55.466,21.2225
25/07/2024 16:51:58.000,21.3613,33.1577,1.19,8.079,55.474,21.2224
25/07/2024 16:52:58.000,21.3610,33.1578,1.19,8.079,55.459,21.2228
25/07/2024 16:53:58.000,21.3604,33.1581,1.20,8.079,55.426,21.2232
25/07/2024 16:54:58.000,21.3615,33.1582,1.20,8.079,55.409,21.2230
25/07/2024 16:55:58.000,21.3611,33.1578,1.18,8.078,55.406,21.2236
25/07/2024 16:56:58.000,21.3612,33.1575,1.20,8.078,55.417,21.2234
25/07/2024 16:57:58.000,21.3609,33.1566,1.22,8.078,55.400,21.2234
25/07/2024 16:58:58.000,21.3605,33.1586,1.17,8.078,55.365,21.2228
25/07/2024 16:59:58.000,21.3607,33.1582,1.20,8.078,55.362,21.2218
25/07/2024 17:00:58.000,21.3610,33.1588,1.19,8.078,55.392,21.2232
25/07/2024 17:01:58.000,21.3596,33.1585,1.19,8.078,55.457,21.2232
25/07/2024 17:02:58.000,21.3600,33.1589,1.19,8.078,55.503,21.2226
25/07/2024 17:03:58.000,21.3606,33.1574,1.20,8.078,55.373,21.2236
25/07/2024 17:04:58.000,21.3605,33.1587,1.21,8.079,55.351,21.2233
25/07/2024 17:05:58.000,21.3604,33.1586,1.20,8.079,55.367,21.2239
25/07/2024 17:06:58.000,21.3612,33.1580,1.20,8.080,55.411,21.2229
25/07/2024 17:07:58.000,21.3605,33.1589,1.20,8.081,55.431,21.2230
25/07/2024 17:08:58.000,21.3616,33.1582,1.20,8.082,55.455,21.2232
25/07/2024 17:09:58.000,21.3615,33.1586,1.20,8.082,55.353,21.2234
25/07/2024 17:10:58.000,21.3617,33.1586,1.18,8.082,55.396,21.2229
25/07/2024 17:11:58.000,21.3619,33.1578,1.19,8.081,55.406,21.2233
25/07/2024 17:12:58.000,21.3621,33.1594,1.20,8.081,55.413,21.2237
25/07/2024 17:13:58.000,21.3626,33.1586,1.19,8.080,55.430,21.2237
25/07/2024 17:14:58.000,21.3623,33.1585,1.21,8.080,55.520,21.2242
25/07/2024 17:15:58.000,21.3626,33.1599,1.19,8.079,55.598,21.2245
25/07/2024 17:16:58.000,21.3619,33.1575,1.18,8.079,55.378,21.2253
25/07/2024 17:17:58.000,21.3621,33.1592,1.19,8.078,55.439,21.2256
25/07/2024 17:18:58.000,21.3615,33.1590,1.19,8.078,55.580,21.2252
25/07/2024 17:19:58.000,21.3621,33.1591,1.19,8.078,55.460,21.2258
25/07/2024 17:20:58.000,21.3622,33.1582,1.20,8.077,55.541,21.2246
25/07/2024 17:21:58.000,21.3616,33.1600,1.19,8.077,55.443,21.2267
25/07/2024 17:22:58.000,21.3616,33.1585,1.19,8.077,55.484,21.2263
25/07/2024 17:23:58.000,21.3612,33.1598,1.19,8.077,55.458,21.2268
25/07/2024 17:24:58.000,21.3612,33.1590,1.19,8.077,55.431,21.2268
25/07/2024 17:25:58.000,21.3615,33.1580,1.20,8.076,55.419,21.2262
25/07/2024 17:26:58.000,21.3607,33.1604,1.19,8.076,55.458,21.2279
25/07/2024 17:27:58.000,21.3610,33.1602,1.19,8.076,55.396,21.2257
25/07/2024 17:28:58.000,21.3604,33.1590,1.19,8.076,55.317,21.2270
25/07/2024 17:29:58.000,21.3597,33.1603,1.19,8.076,55.343,21.2267
25/07/2024 17:30:58.000,21.3600,33.1588,1.18,8.076,55.423,21.2275
25/07/2024 17:31:58.000,21.3596,33.1600,1.20,8.077,55.305,21.2266
25/07/2024 17:32:58.000,21.3589,33.1595,1.20,8.077,55.391,21.2277
25/07/2024 17:33:58.000,21.3586,33.1609,1.18,8.077,55.318,21.2277
25/07/2024 17:34:58.000,21.3586,33.1602,1.20,8.076,55.474,21.2272
25/07/2024 17:35:58.000,21.3587,33.1600,1.19,8.076,55.425,21.2272
25/07/2024 17:36:58.000,21.3580,33.1592,1.20,8.076,55.419,21.2276
25/07/2024 17:37:58.000,21.3570,33.1605,1.19,8.076,55.480,21.2275
25/07/2024 17:38:58.000,21.3565,33.1611,1.21,8.076,55.406,21.2284
25/07/2024 17:39:58.000,21.3559,33.1604,1.20,8.077,55.397,21.2277
25/07/2024 17:40:58.000,21.3561,33.1602,1.19,8.077,55.476,21.2281
25/07/2024 17:41:58.000,21.3554,33.1597,1.19,8.077,55.419,21.2284
25/07/2024 17:42:58.000,21.3551,33.1596,1.20,8.077,55.313,21.2283
25/07/2024 17:43:58.000,21.3544,33.1606,1.19,8.077,55.497,21.2286
25/07/2024 17:44:58.000,21.3533,33.1600,1.20,8.077,55.361,21.2283
25/07/2024 17:45:58.000,21.3531,33.1606,1.20,8.076,55.566,21.2283
25/07/2024 17:46:58.000,21.3524,33.1613,1.21,8.076,55.575,21.2293
25/07/2024 17:47:58.000,21.3516,33.1608,1.19,8.076,55.480,21.2293
25/07/2024 17:48:58.000,21.3515,33.1613,1.20,8.076,55.496,21.2291
25/07/2024 17:49:58.000,21.3511,33.1617,1.19,8.075,55.544,21.2293
25/07/2024 17:50:58.000,21.3514,33.1614,1.20,8.075,55.567,21.2290
25/07/2024 17:51:58.000,21.3509,33.1610,1.20,8.075,55.582,21.2293
25/07/2024 17:52:58.000,21.3497,33.1611,1.20,8.075,55.609,21.2290
25/07/2024 17:53:58.000,21.3493,33.1620,1.19,8.075,55.448,21.2296
25/07/2024 17:54:58.000,21.3494,33.1617,1.19,8.075,55.415,21.2295
25/07/2024 17:55:58.000,21.3492,33.1619,1.23,8.074,55.439,21.2297
25/07/2024 17:56:58.000,21.3481,33.1614,1.20,8.074,55.484,21.2291
25/07/2024 17:57:58.000,21.3492,33.1607,1.20,8.074,55.490,21.2293
25/07/2024 17:58:58.000,21.3476,33.1620,1.22,8.074,55.477,21.2299
25/07/2024 17:59:58.000,21.3468,33.1615,1.22,8.074,55.506,21.2293
25/07/2024 18:00:58.000,21.3471,33.1619,1.20,8.074,55.579,21.2294
25/07/2024 18:01:58.000,21.3473,33.1611,1.20,8.074,55.470,21.2295
25/07/2024 18:02:58.000,21.3471,33.1616,1.20,8.074,55.400,21.2301
25/07/2024 18:03:58.000,21.3460,33.1622,1.20,8.074,55.522,21.2297
25/07/2024 18:04:58.000,21.3460,33.1617,1.19,8.074,55.569,21.2300
25/07/2024 18:05:58.000,21.3460,33.1614,1.19,8.074,55.450,21.2281
25/07/2024 18:06:58.000,21.3452,33.1614,1.20,8.073,55.708,21.2303
25/07/2024 18:07:58.000,21.3451,33.1620,1.18,8.074,55.517,21.2304
25/07/2024 18:08:58.000,21.3447,33.1618,1.19,8.073,55.553,21.2296
25/07/2024 18:09:58.000,21.3436,33.1618,1.20,8.073,55.394,21.2298
25/07/2024 18:10:58.000,21.3442,33.1608,1.19,8.073,55.449,21.2304
25/07/2024 18:11:58.000,21.3430,33.1625,1.20,8.073,55.499,21.2301
25/07/2024 18:12:58.000,21.3431,33.1618,1.21,8.073,55.514,21.2302
25/07/2024 18:13:58.000,21.3439,33.1621,1.20,8.073,55.551,21.2299
25/07/2024 18:14:58.000,21.3429,33.1634,1.19,8.073,55.626,21.2305
25/07/2024 18:15:58.000,21.3434,33.1632,1.21,8.073,55.555,21.2301
25/07/2024 18:16:58.000,21.3422,33.1637,1.18,8.073,55.543,21.2305
25/07/2024 18:17:58.000,21.3423,33.1623,1.20,8.073,55.507,21.2300
25/07/2024 18:18:58.001,21.3418,33.1621,1.20,8.073,55.540,21.2299
25/07/2024 18:19:58.000,21.3411,33.1633,1.20,8.073,55.517,21.2301
25/07/2024 18:20:58.001,21.3419,33.1637,1.20,8.073,55.536,21.2298
25/07/2024 18:21:58.000,21.3412,33.1627,1.19,8.073,55.513,21.2301
25/07/2024 18:22:58.001,21.3408,33.1627,1.21,8.073,55.482,21.2299
25/07/2024 18:23:58.000,21.3400,33.1624,1.20,8.073,55.525,21.2302
25/07/2024 18:24:58.000,21.3402,33.1636,1.20,8.073,55.465,21.2297
25/07/2024 18:25:58.000,21.3392,33.1618,1.20,8.073,55.645,21.2295
25/07/2024 18:26:58.000,21.3385,33.1630,1.20,8.073,55.474,21.2296
25/07/2024 18:27:58.999,21.3374,33.1631,1.20,8.073,55.445,21.2295
25/07/2024 18:28:58.000,21.3383,33.1628,1.20,8.073,55.480,21.2293
25/07/2024 18:29:58.999,21.3378,33.1644,1.20,8.073,55.546,21.2292
25/07/2024 18:30:58.000,21.3373,33.1649,1.22,8.073,55.346,21.2294
25/07/2024 18:31:58.999,21.3371,33.1635,1.20,8.072,55.530,21.2295
25/07/2024 18:32:58.000,21.3364,33.1636,1.20,8.072,55.396,21.2295
25/07/2024 18:33:58.001,21.3364,33.1631,1.20,8.072,55.442,21.2288
25/07/2024 18:34:58.000,21.3363,33.1634,1.21,8.072,55.433,21.2286
25/07/2024 18:35:58.001,21.3366,33.1631,1.20,8.072,55.449,21.2291
25/07/2024 18:36:58.000,21.3347,33.1638,1.20,8.072,55.456,21.2303
25/07/2024 18:37:58.001,21.3345,33.1629,1.20,8.072,55.372,21.2313
25/07/2024 18:38:58.000,21.3334,33.1637,1.21,8.072,55.435,21.2296
25/07/2024 18:39:58.000,21.3328,33.1645,1.19,8.072,55.374,21.2289
25/07/2024 18:40:58.000,21.3328,33.1643,1.20,8.072,55.349,21.2290
25/07/2024 18:41:58.000,21.3331,33.1646,1.20,8.072,55.346,21.2291
25/07/2024 18:42:58.999,21.3318,33.1654,1.21,8.071,55.505,21.2291
25/07/2024 18:43:58.000,21.3309,33.1651,1.20,8.071,55.474,21.2289
25/07/2024 18:44:58.999,21.3305,33.1646,1.20,8.071,55.439,21.2292
25/07/2024 18:45:58.000,21.3300,33.1641,1.20,8.071,55.385,21.2287
25/07/2024 18:46:58.999,21.3296,33.1638,1.19,8.071,55.421,21.2286
25/07/2024 18:47:58.000,21.3299,33.1639,1.18,8.071,55.446,21.2289
25/07/2024 18:48:58.001,21.3279,33.1642,1.20,8.071,55.441,21.2287
25/07/2024 18:49:58.000,21.3279,33.1650,1.21,8.071,55.459,21.2286
25/07/2024 18:50:58.001,21.3274,33.1645,1.21,8.071,55.398,21.2284
25/07/2024 18:51:58.000,21.3273,33.1644,1.21,8.071,55.453,21.2285
25/07/2024 18:52:58.001,21.3260,33.1647,1.20,8.071,55.484,21.2283
25/07/2024 18:53:58.000,21.3255,33.1657,1.21,8.071,55.451,21.2270
25/07/2024 18:54:58.000,21.3254,33.1645,1.22,8.071,55.483,21.2281
25/07/2024 18:55:58.000,21.3251,33.1670,1.20,8.071,55.492,21.2278
25/07/2024 18:56:58.000,21.3241,33.1663,1.21,8.071,55.421,21.2283
25/07/2024 18:57:58.999,21.3246,33.1641,1.22,8.071,55.619,21.2271
25/07/2024 18:58:58.000,21.3239,33.1650,1.20,8.071,55.652,21.2279
25/07/2024 18:59:58.999,21.3240,33.1658,1.21,8.071,55.551,21.2281
25/07/2024 19:00:58.000,21.3235,33.1655,1.20,8.071,55.523,21.2276
25/07/2024 19:01:58.999,21.3236,33.1642,1.20,8.071,55.561,21.2273
25/07/2024 19:02:58.000,21.3231,33.1640,1.20,8.071,55.533,21.2271
25/07/2024 19:03:58.001,21.3213,33.1666,1.20,8.071,55.573,21.2252
25/07/2024 19:04:58.000,21.3219,33.1665,1.20,8.071,55.465,21.2273
25/07/2024 19:05:58.001,21.3222,33.1674,1.21,8.071,55.647,21.2271
25/07/2024 19:06:58.000,21.3209,33.1654,1.21,8.070,55.542,21.2272
25/07/2024 19:07:58.001,21.3193,33.1661,1.22,8.070,55.692,21.2275
25/07/2024 19:08:58.000,21.3180,33.1651,1.20,8.071,55.722,21.2263
25/07/2024 19:09:58.000,21.3179,33.1666,1.20,8.070,55.592,21.2270
25/07/2024 19:10:58.000,21.3179,33.1661,1.19,8.070,55.426,21.2271
25/07/2024 19:11:58.000,21.3174,33.1652,1.20,8.070,55.468,21.2270
25/07/2024 19:12:58.999,21.3167,33.1674,1.22,8.070,55.586,21.2268
25/07/2024 19:13:58.000,21.3163,33.1674,1.21,8.070,55.536,21.2263
25/07/2024 19:14:58.999,21.3164,33.1661,1.20,8.070,55.582,21.2266
25/07/2024 19:15:58.000,21.3162,33.1664,1.21,8.070,55.573,21.2265
25/07/2024 19:16:58.999,21.3165,33.1667,1.19,8.070,55.617,21.2267
25/07/2024 19:17:58.000,21.3152,33.1661,1.21,8.070,55.626,21.2256
25/07/2024 19:18:58.001,21.3144,33.1670,1.21,8.070,55.611,21.2262
25/07/2024 19:19:58.000,21.3154,33.1657,1.21,8.070,55.577,21.2253
25/07/2024 19:20:58.001,21.3145,33.1668,1.20,8.070,55.573,21.2245
25/07/2024 19:21:58.000,21.3133,33.1669,1.20,8.070,55.501,21.2250
25/07/2024 19:22:58.001,21.3129,33.1663,1.20,8.071,55.487,21.2250
25/07/2024 19:23:58.000,21.3118,33.1676,1.21,8.071,55.577,21.2249
25/07/2024 19:24:58.000,21.3114,33.1668,1.20,8.072,55.528,21.2245
25/07/2024 19:25:58.000,21.3114,33.1663,1.21,8.073,55.686,21.2245
25/07/2024 19:26:58.000,21.3115,33.1666,1.21,8.075,55.732,21.2248
25/07/2024 19:27:58.999,21.3113,33.1673,1.20,8.077,55.636,21.2247
25/07/2024 19:28:58.000,21.3113,33.1662,1.20,8.078,55.468,21.2243
25/07/2024 19:29:58.999,21.3102,33.1663,1.22,8.079,55.677,21.2246
25/07/2024 19:30:58.000,21.3089,33.1672,1.20,8.079,55.767,21.2232
25/07/2024 19:31:58.999,21.3081,33.1673,1.20,8.080,55.651,21.2240
25/07/2024 19:32:58.000,21.3075,33.1684,1.20,8.080,55.669,21.2236
25/07/2024 19:33:58.001,21.3077,33.1680,1.20,8.080,55.582,21.2231
25/07/2024 19:34:58.000,21.3076,33.1670,1.20,8.080,55.714,21.2235
25/07/2024 19:35:58.001,21.3061,33.1672,1.22,8.080,55.598,21.2231
25/07/2024 19:36:58.000,21.3065,33.1672,1.21,8.079,55.475,21.2230
25/07/2024 19:37:58.001,21.3051,33.1683,1.20,8.079,55.483,21.2229
25/07/2024 19:38:58.000,21.3048,33.1679,1.20,8.079,55.582,21.2229
25/07/2024 19:39:58.000,21.3047,33.1676,1.22,8.079,55.524,21.2229
25/07/2024 19:40:58.000,21.3046,33.1684,1.21,8.078,55.597,21.2228
25/07/2024 19:41:58.000,21.3045,33.1667,1.21,8.078,55.525,21.2227
25/07/2024 19:42:58.999,21.3030,33.1682,1.21,8.078,55.564,21.2232
25/07/2024 19:43:58.000,21.3024,33.1685,1.21,8.078,55.487,21.2217
25/07/2024 19:44:58.999,21.3020,33.1675,1.20,8.078,55.596,21.2220
25/07/2024 19:45:58.000,21.3007,33.1677,1.21,8.077,55.566,21.2221
25/07/2024 19:46:58.999,21.3008,33.1678,1.21,8.077,55.544,21.2225
25/07/2024 19:47:58.000,21.3002,33.1681,1.21,8.076,55.553,21.2224
25/07/2024 19:48:58.001,21.2995,33.1691,1.20,8.076,55.477,21.2223
25/07/2024 19:49:58.000,21.2990,33.1680,1.20,8.076,55.572,21.2218
25/07/2024 19:50:58.001,21.2984,33.1686,1.21,8.075,55.429,21.2218
25/07/2024 19:51:58.000,21.2974,33.1686,1.21,8.075,55.459,21.2219
25/07/2024 19:52:58.001,21.2974,33.1689,1.21,8.075,55.415,21.2215
25/07/2024 19:53:58.000,21.2981,33.1682,1.20,8.075,55.546,21.2208
25/07/2024 19:54:58.000,21.2960,33.1687,1.21,8.075,55.572,21.2212
25/07/2024 19:55:58.000,21.2970,33.1689,1.21,8.075,55.553,21.2213
25/07/2024 19:56:58.000,21.2956,33.1693,1.20,8.074,55.526,21.2211
25/07/2024 19:57:58.999,21.2950,33.1694,1.21,8.074,55.608,21.2207
25/07/2024 19:58:58.000,21.2944,33.1695,1.21,8.074,55.543,21.2205
25/07/2024 19:59:58.999,21.2935,33.1697,1.21,8.074,55.607,21.2205
25/07/2024 20:00:58.000,21.2923,33.1708,1.20,8.074,55.613,21.2194
25/07/2024 20:01:58.999,21.2927,33.1681,1.23,8.073,55.637,21.2204
25/07/2024 20:02:58.000,21.2927,33.1701,1.21,8.073,55.618,21.2203
25/07/2024 20:03:58.001,21.2923,33.1690,1.20,8.073,55.572,21.2191
25/07/2024 20:04:58.000,21.2906,33.1693,1.23,8.073,55.603,21.2192
25/07/2024 20:05:58.001,21.2901,33.1708,1.21,8.072,55.528,21.2192
25/07/2024 20:06:58.000,21.2904,33.1697,1.21,8.072,55.510,21.2187
25/07/2024 20:07:58.001,21.2898,33.1695,1.20,8.072,55.495,21.2166
25/07/2024 20:08:58.000,21.2898,33.1698,1.21,8.071,55.703,21.2170
25/07/2024 20:09:58.000,21.2908,33.1693,1.20,8.071,55.607,21.2151
25/07/2024 20:10:58.000,21.2892,33.1694,1.22,8.071,55.697,21.2158
25/07/2024 20:11:58.000,21.2881,33.1704,1.21,8.071,55.542,21.2167
25/07/2024 20:12:58.999,21.2869,33.1695,1.22,8.071,55.592,21.2160
25/07/2024 20:13:58.000,21.2868,33.1700,1.23,8.071,55.553,21.2164
25/07/2024 20:14:58.999,21.2870,33.1698,1.21,8.070,55.598,21.2150
25/07/2024 20:15:58.000,21.2869,33.1705,1.22,8.070,55.465,21.2154
25/07/2024 20:16:58.999,21.2852,33.1709,1.19,8.070,55.650,21.2157
25/07/2024 20:17:58.000,21.2846,33.1693,1.22,8.070,55.583,21.2165
25/07/2024 20:18:58.001,21.2837,33.1710,1.20,8.070,55.643,21.2156
25/07/2024 20:19:58.000,21.2841,33.1698,1.20,8.070,55.525,21.2158
25/07/2024 20:20:58.001,21.2822,33.1713,1.20,8.070,55.567,21.2153
25/07/2024 20:21:58.000,21.2821,33.1706,1.21,8.070,55.494,21.2153
25/07/2024 20:22:58.001,21.2818,33.1708,1.20,8.070,55.529,21.2152
25/07/2024 20:23:58.000,21.2811,33.1704,1.21,8.069,55.557,21.2153
25/07/2024 20:24:58.000,21.2807,33.1714,1.20,8.069,55.484,21.2153
25/07/2024 20:25:58.000,21.2808,33.1712,1.21,8.069,55.670,21.2151
25/07/2024 20:26:58.000,21.2817,33.1707,1.21,8.069,55.684,21.2146
25/07/2024 20:27:58.999,21.2799,33.1705,1.21,8.069,55.634,21.2145
25/07/2024 20:28:58.000,21.2792,33.1701,1.21,8.069,55.568,21.2142
25/07/2024 20:29:58.999,21.2791,33.1703,1.23,8.069,55.402,21.2138
25/07/2024 20:30:58.000,21.2779,33.1717,1.20,8.069,55.557,21.2135
25/07/2024 20:31:58.999,21.2771,33.1704,1.21,8.069,55.685,21.2126
25/07/2024 20:32:58.000,21.2761,33.1716,1.22,8.069,55.588,21.2130
25/07/2024 20:33:58.001,21.2764,33.1708,1.21,8.069,55.630,21.2123
25/07/2024 20:34:58.000,21.2772,33.1702,1.22,8.069,55.601,21.2124
25/07/2024 20:35:58.001,21.2748,33.1709,1.19,8.069,55.632,21.2123
25/07/2024 20:36:58.000,21.2745,33.1713,1.22,8.069,55.625,21.2117
25/07/2024 20:37:58.001,21.2725,33.1736,1.20,8.069,55.633,21.2116
25/07/2024 20:38:58.000,21.2737,33.1720,1.21,8.069,55.663,21.2119
25/07/2024 20:39:58.000,21.2734,33.1702,1.22,8.069,55.537,21.2118
25/07/2024 20:40:58.000,21.2713,33.1731,1.20,8.069,55.588,21.2118
25/07/2024 20:41:58.000,21.2713,33.1726,1.20,8.069,55.617,21.2103
25/07/2024 20:42:58.999,21.2707,33.1724,1.22,8.069,55.549,21.2114
25/07/2024 20:43:58.000,21.2711,33.1709,1.20,8.069,55.577,21.2109
25/07/2024 20:44:58.999,21.2685,33.1728,1.21,8.069,55.534,21.2113
25/07/2024 20:45:58.000,21.2681,33.1735,1.21,8.070,55.565,21.2108
25/07/2024 20:46:58.999,21.2679,33.1710,1.21,8.069,55.671,21.2092
25/07/2024 20:47:58.000,21.2670,33.1717,1.20,8.069,55.644,21.2101
25/07/2024 20:48:58.001,21.2663,33.1727,1.21,8.069,55.675,21.2098
25/07/2024 20:49:58.000,21.2661,33.1721,1.20,8.069,55.679,21.2098
25/07/2024 20:50:58.001,21.2639,33.1730,1.21,8.069,55.673,21.2090
25/07/2024 20:51:58.000,21.2636,33.1728,1.21,8.069,55.607,21.2092
25/07/2024 20:52:58.001,21.2634,33.1729,1.22,8.069,55.585,21.2086
25/07/2024 20:53:58.000,21.2637,33.1729,1.21,8.069,55.635,21.2086
25/07/2024 20:54:58.000,21.2635,33.1736,1.21,8.068,55.739,21.2083
25/07/2024 20:55:58.000,21.2621,33.1749,1.22,8.068,55.662,21.2081
25/07/2024 20:56:58.000,21.2614,33.1722,1.22,8.068,55.621,21.2077
25/07/2024 20:57:58.999,21.2601,33.1742,1.22,8.068,55.690,21.2079
25/07/2024 20:58:58.000,21.2595,33.1735,1.21,8.068,55.614,21.2071
25/07/2024 20:59:58.999,21.2585,33.1724,1.20,8.068,55.665,21.2066
25/07/2024 21:00:58.000,21.2569,33.1733,1.21,8.068,55.582,21.2067
25/07/2024 21:01:58.999,21.2573,33.1726,1.21,8.068,55.648,21.2053
25/07/2024 21:02:58.000,21.2554,33.1734,1.21,8.068,55.553,21.2065
25/07/2024 21:03:58.001,21.2550,33.1728,1.21,8.068,55.523,21.2057
25/07/2024 21:04:58.000,21.2552,33.1732,1.20,8.068,55.488,21.2059
25/07/2024 21:05:58.001,21.2538,33.1724,1.21,8.068,55.567,21.2039
25/07/2024 21:06:58.000,21.2536,33.1734,1.20,8.068,55.541,21.2049
25/07/2024 21:07:58.001,21.2532,33.1734,1.21,8.068,55.578,21.2045
25/07/2024 21:08:58.000,21.2525,33.1740,1.21,8.068,55.508,21.2041
25/07/2024 21:09:58.000,21.2520,33.1731,1.20,8.068,55.523,21.2031
25/07/2024 21:10:58.000,21.2507,33.1745,1.20,8.068,55.644,21.2029
25/07/2024 21:11:58.000,21.2508,33.1750,1.22,8.068,55.584,21.2023
25/07/2024 21:12:58.999,21.2506,33.1733,1.22,8.068,55.578,21.2025
25/07/2024 21:13:58.000,21.2505,33.1743,1.22,8.068,55.655,21.2013
25/07/2024 21:14:58.999,21.2492,33.1749,1.21,8.068,55.520,21.2026
25/07/2024 21:15:58.000,21.2471,33.1750,1.20,8.068,55.570,21.2005
25/07/2024 21:16:58.999,21.2461,33.1744,1.21,8.067,55.449,21.2013
25/07/2024 21:17:58.000,21.2447,33.1739,1.21,8.067,55.593,21.2008
25/07/2024 21:18:58.001,21.2442,33.1744,1.22,8.067,55.513,21.2002
25/07/2024 21:19:58.000,21.2444,33.1747,1.20,8.067,55.519,21.1996
25/07/2024 21:20:58.001,21.2435,33.1744,1.22,8.067,55.512,21.2003
25/07/2024 21:21:58.000,21.2416,33.1750,1.21,8.067,55.524,21.1998
25/07/2024 21:22:58.001,21.2425,33.1751,1.21,8.067,55.634,21.2001
25/07/2024 21:23:58.000,21.2418,33.1748,1.22,8.067,55.673,21.1999
25/07/2024 21:24:58.000,21.2407,33.1741,1.20,8.067,55.669,21.1992
25/07/2024 21:25:58.000,21.2402,33.1742,1.21,8.067,55.459,21.1982
25/07/2024 21:26:58.000,21.2395,33.1748,1.22,8.067,55.640,21.1978
25/07/2024 21:27:58.999,21.2372,33.1739,1.21,8.067,55.654,21.1982
25/07/2024 21:28:58.000,21.2365,33.1746,1.21,8.067,55.608,21.1982
25/07/2024 21:29:58.999,21.2351,33.1753,1.22,8.067,55.616,21.1979
25/07/2024 21:30:58.000,21.2341,33.1740,1.21,8.067,55.661,21.1972
25/07/2024 21:31:58.999,21.2310,33.1759,1.21,8.067,55.598,21.1972
25/07/2024 21:32:58.000,21.2312,33.1755,1.21,8.067,55.661,21.1965
25/07/2024 21:33:58.001,21.2311,33.1759,1.20,8.066,55.685,21.1964
25/07/2024 21:34:58.000,21.2295,33.1764,1.21,8.066,55.727,21.1959
25/07/2024 21:35:58.001,21.2296,33.1772,1.21,8.066,55.672,21.1952
25/07/2024 21:36:58.000,21.2303,33.1759,1.21,8.066,55.699,21.1954
25/07/2024 21:37:58.001,21.2281,33.1761,1.20,8.066,55.734,21.1946
25/07/2024 21:38:58.000,21.2268,33.1772,1.22,8.066,55.773,21.1943
25/07/2024 21:39:58.000,21.2265,33.1767,1.21,8.066,55.891,21.1938
25/07/2024 21:40:58.000,21.2272,33.1756,1.21,8.066,55.673,21.1936
25/07/2024 21:41:58.000,21.2270,33.1762,1.21,8.066,55.641,21.1930
25/07/2024 21:42:58.999,21.2266,33.1760,1.21,8.066,55.667,21.1917
25/07/2024 21:43:58.000,21.2257,33.1759,1.20,8.066,55.594,21.1915
25/07/2024 21:44:58.999,21.2242,33.1761,1.20,8.066,55.790,21.1918
25/07/2024 21:45:58.000,21.2225,33.1759,1.22,8.066,55.727,21.1911
25/07/2024 21:46:58.999,21.2200,33.1754,1.19,8.066,55.586,21.1910
25/07/2024 21:47:58.000,21.2194,33.1766,1.20,8.066,55.730,21.1908
25/07/2024 21:48:58.001,21.2196,33.1770,1.22,8.066,55.701,21.1904
25/07/2024 21:49:58.000,21.2190,33.1783,1.21,8.066,55.682,21.1896
25/07/2024 21:50:58.001,21.2186,33.1753,1.20,8.065,55.626,21.1900
25/07/2024 21:51:58.000,21.2171,33.1769,1.20,8.065,55.677,21.1888
25/07/2024 21:52:58.001,21.2164,33.1761,1.22,8.065,55.703,21.1887
25/07/2024 21:53:58.000,21.2162,33.1758,1.23,8.065,55.597,21.1882
25/07/2024 21:54:58.000,21.2148,33.1769,1.22,8.065,55.532,21.1873
25/07/2024 21:55:58.000,21.2154,33.1769,1.22,8.065,55.608,21.1868
25/07/2024 21:56:58.000,21.2127,33.1773,1.19,8.065,55.640,21.1867
25/07/2024 21:57:58.999,21.2133,33.1765,1.21,8.065,55.555,21.1867
25/07/2024 21:58:58.000,21.2117,33.1772,1.21,8.065,55.653,21.1864
25/07/2024 21:59:58.999,21.2116,33.1768,1.21,8.065,55.658,21.1855
25/07/2024 22:00:58.000,21.2103,33.1770,1.21,8.065,55.598,21.1853
25/07/2024 22:01:58.999,21.2087,33.1769,1.20,8.065,55.633,21.1847
25/07/2024 22:02:58.000,21.2079,33.1779,1.18,8.065,55.786,21.1841
25/07/2024 22:03:58.001,21.2071,33.1787,1.21,8.065,55.665,21.1833
25/07/2024 22:04:58.000,21.2076,33.1777,1.23,8.065,55.641,21.1829
25/07/2024 22:05:58.001,21.2068,33.1786,1.20,8.065,55.719,21.1836
25/07/2024 22:06:58.000,21.2069,33.1768,1.22,8.065,55.592,21.1826
25/07/2024 22:07:58.001,21.2059,33.1780,1.21,8.065,55.583,21.1807
25/07/2024 22:08:58.000,21.2041,33.1784,1.20,8.065,55.736,21.1813
25/07/2024 22:09:58.000,21.2040,33.1770,1.22,8.065,55.635,21.1811
25/07/2024 22:10:58.000,21.2024,33.1779,1.22,8.065,55.594,21.1809
25/07/2024 22:11:58.000,21.2015,33.1781,1.22,8.065,55.659,21.1805
25/07/2024 22:12:58.999,21.2009,33.1778,1.22,8.064,55.543,21.1802
25/07/2024 22:13:58.000,21.2008,33.1780,1.20,8.064,55.568,21.1792
25/07/2024 22:14:58.999,21.1992,33.1776,1.21,8.064,55.732,21.1787
25/07/2024 22:15:58.000,21.1975,33.1793,1.21,8.064,55.760,21.1785
25/07/2024 22:16:58.999,21.1991,33.1787,1.21,8.064,55.689,21.1760
25/07/2024 22:17:58.000,21.1990,33.1783,1.22,8.064,55.720,21.1773
25/07/2024 22:18:58.999,21.1991,33.1794,1.21,8.064,55.703,21.1749
25/07/2024 22:19:58.002,21.1984,33.1794,1.22,8.064,55.606,21.1767
25/07/2024 22:20:58.001,21.1977,33.1783,1.22,8.064,55.658,21.1749
25/07/2024 22:21:58.000,21.1964,33.1791,1.21,8.064,55.729,21.1757
25/07/2024 22:22:58.999,21.1956,33.1804,1.22,8.064,55.649,21.1754
25/07/2024 22:23:58.001,21.1954,33.1771,1.19,8.064,55.716,21.1743
25/07/2024 22:24:58.000,21.1944,33.1790,1.22,8.064,55.756,21.1735
25/07/2024 22:25:58.000,21.1935,33.1772,1.22,8.064,55.693,21.1742
25/07/2024 22:26:58.999,21.1923,33.1784,1.22,8.064,55.797,21.1734
25/07/2024 22:27:58.001,21.1905,33.1778,1.21,8.064,55.722,21.1735
25/07/2024 22:28:58.000,21.1892,33.1790,1.20,8.064,55.651,21.1726
25/07/2024 22:29:58.999,21.1886,33.1789,1.19,8.064,55.744,21.1721
25/07/2024 22:30:58.998,21.1880,33.1794,1.22,8.064,55.808,21.1716
25/07/2024 22:31:58.001,21.1883,33.1788,1.21,8.064,55.662,21.1706
25/07/2024 22:32:58.000,21.1861,33.1795,1.22,8.064,55.942,21.1696
25/07/2024 22:33:58.999,21.1853,33.1786,1.21,8.063,55.830,21.1691
25/07/2024 22:34:58.002,21.1859,33.1805,1.23,8.063,55.826,21.1696
25/07/2024 22:35:58.001,21.1858,33.1792,1.21,8.064,55.879,21.1688
25/07/2024 22:36:58.000,21.1865,33.1796,1.22,8.064,55.724,21.1685
25/07/2024 22:37:58.999,21.1857,33.1812,1.21,8.063,55.766,21.1676
25/07/2024 22:38:58.001,21.1901,33.1815,1.20,8.063,55.804,21.1651
25/07/2024 22:39:58.000,21.1943,33.1809,1.22,8.063,55.733,21.1667
25/07/2024 22:40:58.000,21.1996,33.1802,1.20,8.063,55.801,21.1658
25/07/2024 22:41:58.999,21.2036,33.1811,1.22,8.063,55.757,21.1659
25/07/2024 22:42:58.001,21.2068,33.1803,1.21,8.063,55.832,21.1654
25/07/2024 22:43:58.000,21.2081,33.1818,1.20,8.063,55.633,21.1654
25/07/2024 22:44:58.999,21.2108,33.1794,1.20,8.064,55.620,21.1650
25/07/2024 22:45:58.998,21.2122,33.1794,1.21,8.063,55.604,21.1649
25/07/2024 22:46:58.001,21.2141,33.1790,1.21,8.064,55.682,21.1650
25/07/2024 22:47:58.000,21.2141,33.1795,1.21,8.063,55.676,21.1646
25/07/2024 22:48:58.999,21.2141,33.1805,1.21,8.063,55.772,21.1641
25/07/2024 22:49:58.002,21.2165,33.1802,1.24,8.063,55.646,21.1637
25/07/2024 22:50:58.001,21.2175,33.1794,1.22,8.063,55.694,21.1632
25/07/2024 22:51:58.000,21.2183,33.1795,1.21,8.063,55.794,21.1636
25/07/2024 22:52:58.999,21.2190,33.1785,1.24,8.063,55.748,21.1631
25/07/2024 22:53:58.001,21.2197,33.1792,1.22,8.063,55.747,21.1630
25/07/2024 22:54:58.000,21.2208,33.1793,1.22,8.063,55.775,21.1623
25/07/2024 22:55:58.000,21.2212,33.1800,1.22,8.063,55.748,21.1625
25/07/2024 22:56:58.999,21.2231,33.1796,1.21,8.063,55.724,21.1621
25/07/2024 22:57:58.001,21.2240,33.1788,1.21,8.063,55.818,21.1614
25/07/2024 22:58:58.000,21.2241,33.1798,1.22,8.063,55.773,21.1616
25/07/2024 22:59:58.999,21.2239,33.1791,1.22,8.063,55.811,21.1610
25/07/2024 23:00:58.998,21.2250,33.1780,1.22,8.063,55.840,21.1600
25/07/2024 23:01:58.001,21.2244,33.1794,1.20,8.063,55.661,21.1604
25/07/2024 23:02:58.000,21.2244,33.1798,1.21,8.064,55.719,21.1606
25/07/2024 23:03:58.999,21.2259,33.1798,1.21,8.064,55.707,21.1600
25/07/2024 23:04:58.002,21.2249,33.1807,1.22,8.065,55.740,21.1587
25/07/2024 23:05:58.001,21.2256,33.1799,1.22,8.065,55.631,21.1600
25/07/2024 23:06:58.000,21.2260,33.1786,1.21,8.065,55.713,21.1586
25/07/2024 23:07:58.999,21.2270,33.1804,1.21,8.065,55.720,21.1581
25/07/2024 23:08:58.001,21.2277,33.1798,1.22,8.064,55.679,21.1581
25/07/2024 23:09:58.000,21.2284,33.1801,1.23,8.064,55.772,21.1587
25/07/2024 23:10:58.000,21.2285,33.1798,1.22,8.064,55.695,21.1581
25/07/2024 23:11:58.999,21.2292,33.1787,1.20,8.064,55.721,21.1588
25/07/2024 23:12:58.001,21.2289,33.1799,1.22,8.064,55.724,21.1577
25/07/2024 23:13:58.000,21.2298,33.1807,1.21,8.064,55.613,21.1577
25/07/2024 23:14:58.999,21.2291,33.1806,1.20,8.063,55.747,21.1576
25/07/2024 23:15:58.998,21.2294,33.1803,1.19,8.063,55.643,21.1574
25/07/2024 23:16:58.001,21.2302,33.1799,1.21,8.063,55.615,21.1580
25/07/2024 23:17:58.000,21.2310,33.1801,1.21,8.063,55.687,21.1583
25/07/2024 23:18:58.999,21.2309,33.1802,1.21,8.063,55.631,21.1586
25/07/2024 23:19:58.002,21.2314,33.1802,1.22,8.063,55.666,21.1580
25/07/2024 23:20:58.001,21.2317,33.1799,1.22,8.063,55.635,21.1583
25/07/2024 23:21:58.000,21.2314,33.1808,1.22,8.063,55.678,21.1576
25/07/2024 23:22:58.999,21.2304,33.1808,1.21,8.063,55.674,21.1578
25/07/2024 23:23:58.001,21.2314,33.1800,1.22,8.063,55.557,21.1575
25/07/2024 23:24:58.000,21.2323,33.1810,1.20,8.063,55.638,21.1580
25/07/2024 23:25:58.000,21.2336,33.1789,1.22,8.063,55.594,21.1578
25/07/2024 23:26:58.999,21.2331,33.1808,1.22,8.063,55.594,21.1577
25/07/2024 23:27:58.001,21.2339,33.1806,1.21,8.063,55.594,21.1579
25/07/2024 23:28:58.000,21.2345,33.1799,1.22,8.063,55.654,21.1573
25/07/2024 23:29:58.999,21.2343,33.1806,1.21,8.063,55.669,21.1575
25/07/2024 23:30:58.998,21.2348,33.1788,1.22,8.063,55.733,21.1569
25/07/2024 23:31:58.001,21.2350,33.1809,1.21,8.063,55.509,21.1571
25/07/2024 23:32:58.000,21.2346,33.1811,1.22,8.063,55.707,21.1567
25/07/2024 23:33:58.999,21.2354,33.1806,1.21,8.063,55.579,21.1576
25/07/2024 23:34:58.002,21.2353,33.1805,1.21,8.062,55.560,21.1571
25/07/2024 23:35:58.001,21.2362,33.1798,1.23,8.062,55.709,21.1545
25/07/2024 23:36:58.000,21.2360,33.1816,1.22,8.062,55.520,21.1573
25/07/2024 23:37:58.999,21.2367,33.1802,1.23,8.063,55.719,21.1575
25/07/2024 23:38:58.001,21.2369,33.1805,1.21,8.062,55.662,21.1570
25/07/2024 23:39:58.000,21.2361,33.1804,1.22,8.062,55.589,21.1560
25/07/2024 23:40:58.000,21.2362,33.1800,1.21,8.062,55.653,21.1560
25/07/2024 23:41:58.999,21.2354,33.1822,1.23,8.062,55.670,21.1562
25/07/2024 23:42:58.001,21.2366,33.1806,1.21,8.062,55.643,21.1564
25/07/2024 23:43:58.000,21.2363,33.1813,1.21,8.062,55.767,21.1563
25/07/2024 23:44:58.999,21.2370,33.1823,1.21,8.062,55.680,21.1558
25/07/2024 23:45:58.998,21.2385,33.1817,1.21,8.062,55.695,21.1559
25/07/2024 23:46:58.001,21.2382,33.1827,1.21,8.062,55.681,21.1558
25/07/2024 23:47:58.000,21.2382,33.1810,1.21,8.062,55.618,21.1555
25/07/2024 23:48:58.999,21.2379,33.1807,1.22,8.062,55.684,21.1562
25/07/2024 23:49:58.002,21.2381,33.1810,1.21,8.062,55.747,21.1556
25/07/2024 23:50:58.001,21.2369,33.1837,1.21,8.062,55.642,21.1559
25/07/2024 23:51:58.000,21.2377,33.1811,1.21,8.062,55.628,21.1560
25/07/2024 23:52:58.999,21.2384,33.1805,1.23,8.062,55.682,21.1562
25/07/2024 23:53:58.001,21.2381,33.1810,1.20,8.062,55.504,21.1555
25/07/2024 23:54:58.000,21.2386,33.1801,1.22,8.065,55.662,21.1559
25/07/2024 23:55:58.000,21.2384,33.1800,1.22,8.065,55.717,21.1558
25/07/2024 23:56:58.999,21.2401,33.1808,1.20,8.065,55.582,21.1561
25/07/2024 23:57:58.001,21.2403,33.1812,1.22,8.066,55.548,21.1560
25/07/2024 23:58:58.000,21.2389,33.1821,1.22,8.066,55.649,21.1562
25/07/2024 23:59:58.999,21.2392,33.1821,1.22,8.067,55.641,21.1559
26/07/2024 00:00:58.998,21.2388,33.1801,1.22,8.067,55.749,21.1559
26/07/2024 00:01:58.001,21.2396,33.1814,1.22,8.067,55.596,21.1554
26/07/2024 00:02:58.000,21.2388,33.1823,1.22,8.067,55.535,21.1558
26/07/2024 00:03:58.999,21.2385,33.1828,1.21,8.068,55.540,21.1557
26/07/2024 00:04:58.002,21.2392,33.1823,1.22,8.068,55.632,21.1562
26/07/2024 00:05:58.001,21.2400,33.1822,1.22,8.068,55.594,21.1554
26/07/2024 00:06:58.000,21.2411,33.1824,1.21,8.068,55.611,21.1557
26/07/2024 00:07:58.999,21.2402,33.1815,1.22,8.069,55.632,21.1549
26/07/2024 00:08:58.001,21.2398,33.1819,1.22,8.069,55.770,21.1558
26/07/2024 00:09:58.000,21.2397,33.1821,1.22,8.069,55.725,21.1558
26/07/2024 00:10:58.000,21.2402,33.1817,1.22,8.069,55.673,21.1545
26/07/2024 00:11:58.999,21.2405,33.1819,1.22,8.070,55.633,21.1556
26/07/2024 00:12:58.001,21.2407,33.1811,1.22,8.075,55.671,21.1553
26/07/2024 00:13:58.000,21.2411,33.1818,1.22,8.073,55.621,21.1554
26/07/2024 00:14:58.999,21.2402,33.1812,1.22,8.072,55.624,21.1552
26/07/2024 00:15:58.998,21.2405,33.1821,1.22,8.071,55.702,21.1559
26/07/2024 00:16:58.001,21.2414,33.1807,1.23,8.071,55.737,21.1555
26/07/2024 00:17:58.000,21.2419,33.1818,1.22,8.071,55.774,21.1556
26/07/2024 00:18:58.999,21.2405,33.1831,1.21,8.071,55.614,21.1560
26/07/2024 00:19:58.002,21.2405,33.1826,1.22,8.070,55.655,21.1555
26/07/2024 00:20:58.001,21.2403,33.1830,1.22,8.070,55.726,21.1556
26/07/2024 00:21:58.000,21.2412,33.1823,1.22,8.069,55.643,21.1559
26/07/2024 00:22:58.999,21.2416,33.1812,1.22,8.069,55.607,21.1556
26/07/2024 00:23:58.001,21.2416,33.1818,1.21,8.069,55.565,21.1555
26/07/2024 00:24:58.000,21.2417,33.1821,1.22,8.069,55.656,21.1554
26/07/2024 00:25:58.000,21.2425,33.1828,1.20,8.071,55.629,21.1557
26/07/2024 00:26:58.999,21.2429,33.1823,1.21,8.072,55.595,21.1557
26/07/2024 00:27:58.001,21.2409,33.1828,1.23,8.071,55.597,21.1560
26/07/2024 00:28:58.000,21.2421,33.1821,1.21,8.070,55.590,21.1557
26/07/2024 00:29:58.999,21.2413,33.1819,1.21,8.069,55.606,21.1559
26/07/2024 00:30:58.998,21.2408,33.1826,1.22,8.069,55.575,21.1557
26/07/2024 00:31:58.001,21.2413,33.1830,1.21,8.068,55.622,21.1556
26/07/2024 00:32:58.000,21.2423,33.1817,1.21,8.068,55.577,21.1555
26/07/2024 00:33:58.999,21.2427,33.1831,1.21,8.068,55.641,21.1556
26/07/2024 00:34:58.002,21.2435,33.1832,1.23,8.068,55.516,21.1561
26/07/2024 00:35:58.001,21.2440,33.1825,1.21,8.068,55.581,21.1557
26/07/2024 00:36:58.000,21.2440,33.1828,1.22,8.067,55.581,21.1554
26/07/2024 00:37:58.999,21.2444,33.1835,1.19,8.067,55.593,21.1534
26/07/2024 00:38:58.001,21.2451,33.1830,1.21,8.067,55.611,21.1548
26/07/2024 00:39:58.000,21.2448,33.1832,1.23,8.067,55.569,21.1553
26/07/2024 00:40:58.000,21.2442,33.1830,1.21,8.067,55.648,21.1553
26/07/2024 00:41:58.999,21.2445,33.1836,1.22,8.067,55.555,21.1548
26/07/2024 00:42:58.001,21.2447,33.1823,1.21,8.067,55.522,21.1545
26/07/2024 00:43:58.000,21.2444,33.1832,1.21,8.067,55.589,21.1552
26/07/2024 00:44:58.999,21.2447,33.1830,1.22,8.067,55.469,21.1554
26/07/2024 00:45:58.998,21.2445,33.1828,1.21,8.067,55.501,21.1551
26/07/2024 00:46:58.001,21.2440,33.1844,1.21,8.067,55.612,21.1549
26/07/2024 00:47:58.000,21.2454,33.1822,1.21,8.067,55.588,21.1547
26/07/2024 00:48:58.999,21.2448,33.1837,1.21,8.067,55.519,21.1548
26/07/2024 00:49:58.002,21.2434,33.1829,1.21,8.067,55.665,21.1536
26/07/2024 00:50:58.001,21.2420,33.1838,1.22,8.067,55.645,21.1542
26/07/2024 00:51:58.000,21.2435,33.1835,1.21,8.067,55.649,21.1545
26/07/2024 00:52:58.999,21.2432,33.1840,1.20,8.068,55.570,21.1549
26/07/2024 00:53:58.001,21.2437,33.1837,1.20,8.068,55.534,21.1548
26/07/2024 00:54:58.000,21.2442,33.1836,1.22,8.068,55.596,21.1557
26/07/2024 00:55:58.000,21.2442,33.1842,1.22,8.068,55.566,21.1558
26/07/2024 00:56:58.999,21.2445,33.1827,1.22,8.068,55.503,21.1557
26/07/2024 00:57:58.001,21.2444,33.1838,1.23,8.068,55.516,21.1556
26/07/2024 00:58:58.000,21.2452,33.1835,1.22,8.068,55.676,21.1558
26/07/2024 00:59:58.999,21.2447,33.1834,1.22,8.068,55.673,21.1557
26/07/2024 01:00:58.998,21.2439,33.1835,1.22,8.068,55.618,21.1560
26/07/2024 01:01:58.001,21.2455,33.1832,1.23,8.069,55.539,21.1561
26/07/2024 01:02:58.000,21.2446,33.1830,1.21,8.069,55.465,21.1555
26/07/2024 01:03:58.999,21.2441,33.1836,1.22,8.069,55.487,21.1563
26/07/2024 01:04:58.002,21.2448,33.1835,1.22,8.069,55.478,21.1565
26/07/2024 01:05:58.001,21.2454,33.1846,1.21,8.069,55.456,21.1564
26/07/2024 01:06:58.000,21.2457,33.1837,1.22,8.070,55.581,21.1566
26/07/2024 01:07:58.999,21.2448,33.1838,1.22,8.070,55.565,21.1564
26/07/2024 01:08:58.001,21.2454,33.1842,1.22,8.070,55.641,21.1564
26/07/2024 01:09:58.000,21.2450,33.1843,1.21,8.070,55.705,21.1560
26/07/2024 01:10:58.000,21.2457,33.1828,1.21,8.071,55.675,21.1563
26/07/2024 01:11:58.999,21.2454,33.1830,1.22,8.071,55.652,21.1565
26/07/2024 01:12:58.001,21.2463,33.1842,1.22,8.071,55.575,21.1565
26/07/2024 01:13:58.000,21.2467,33.1835,1.22,8.072,55.625,21.1564
26/07/2024 01:14:58.999,21.2475,33.1850,1.22,8.072,55.656,21.1563
26/07/2024 01:15:58.998,21.2471,33.1847,1.22,8.072,55.698,21.1553
26/07/2024 01:16:58.001,21.2468,33.1844,1.22,8.072,55.639,21.1562
26/07/2024 01:17:58.000,21.2470,33.1845,1.22,8.072,55.648,21.1570
26/07/2024 01:18:58.999,21.2473,33.1846,1.22,8.072,55.692,21.1566
26/07/2024 01:19:58.002,21.2471,33.1842,1.23,8.072,55.711,21.1566
26/07/2024 01:20:58.001,21.2474,33.1841,1.22,8.072,55.615,21.1564
26/07/2024 01:21:58.000,21.2480,33.1858,1.22,8.072,55.679,21.1569
26/07/2024 01:22:58.999,21.2494,33.1857,1.21,8.072,55.519,21.1566
26/07/2024 01:23:58.001,21.2515,33.1855,1.21,8.071,55.495,21.1568
26/07/2024 01:24:58.000,21.2535,33.1846,1.22,8.071,55.447,21.1563
26/07/2024 01:25:58.000,21.2540,33.1860,1.21,8.071,55.492,21.1568
26/07/2024 01:26:58.999,21.2549,33.1849,1.21,8.071,55.544,21.1551
26/07/2024 01:27:58.001,21.2562,33.1844,1.22,8.071,55.574,21.1567
26/07/2024 01:28:58.000,21.2562,33.1860,1.22,8.070,55.399,21.1558
26/07/2024 01:29:58.999,21.2580,33.1840,1.22,8.070,55.541,21.1571
26/07/2024 01:30:58.998,21.2581,33.1850,1.22,8.070,55.541,21.1576
26/07/2024 01:31:58.001,21.2593,33.1860,1.22,8.069,55.606,21.1563
26/07/2024 01:32:58.000,21.2594,33.1848,1.22,8.069,55.520,21.1572
26/07/2024 01:33:58.999,21.2602,33.1847,1.22,8.068,55.569,21.1565
26/07/2024 01:34:58.002,21.2596,33.1860,1.22,8.068,55.547,21.1571
26/07/2024 01:35:58.001,21.2603,33.1852,1.21,8.068,55.643,21.1555
26/07/2024 01:36:58.000,21.2611,33.1848,1.22,8.068,55.563,21.1558
26/07/2024 01:37:58.999,21.2617,33.1850,1.21,8.068,55.490,21.1572
26/07/2024 01:38:58.001,21.2618,33.1866,1.21,8.067,55.667,21.1574
26/07/2024 01:39:58.000,21.2626,33.1853,1.22,8.067,55.544,21.1576
26/07/2024 01:40:58.000,21.2637,33.1854,1.21,8.067,55.647,21.1571
26/07/2024 01:41:58.999,21.2640,33.1863,1.22,8.067,55.614,21.1577
26/07/2024 01:42:58.001,21.2646,33.1849,1.22,8.066,55.612,21.1567
26/07/2024 01:43:58.000,21.2646,33.1851,1.22,8.066,55.576,21.1572
26/07/2024 01:44:58.999,21.2638,33.1841,1.22,8.067,55.589,21.1573
26/07/2024 01:45:58.998,21.2647,33.1840,1.21,8.067,55.585,21.1574
26/07/2024 01:46:58.001,21.2652,33.1850,1.22,8.067,55.626,21.1576
26/07/2024 01:47:58.000,21.2640,33.1864,1.22,8.067,55.713,21.1579
26/07/2024 01:48:58.999,21.2630,33.1858,1.22,8.068,55.557,21.1575
26/07/2024 01:49:58.002,21.2616,33.1843,1.22,8.068,55.665,21.1576
26/07/2024 01:50:58.001,21.2597,33.1856,1.21,8.068,55.565,21.1576
26/07/2024 01:51:58.000,21.2569,33.1861,1.21,8.068,55.613,21.1563
26/07/2024 01:52:58.999,21.2537,33.1850,1.21,8.067,55.603,21.1571
26/07/2024 01:53:58.001,21.2528,33.1848,1.21,8.067,55.496,21.1574
26/07/2024 01:54:58.000,21.2491,33.1846,1.22,8.067,55.526,21.1573
26/07/2024 01:55:58.000,21.2462,33.1841,1.22,8.067,55.577,21.1569
26/07/2024 01:56:58.999,21.2437,33.1844,1.22,8.067,55.601,21.1564
26/07/2024 01:57:58.001,21.2405,33.1859,1.22,8.067,55.558,21.1572
26/07/2024 01:58:58.000,21.2388,33.1853,1.22,8.067,55.529,21.1566
26/07/2024 01:59:58.999,21.2363,33.1860,1.21,8.067,55.573,21.1565
26/07/2024 02:00:58.998,21.2333,33.1872,1.22,8.068,55.627,21.1566
26/07/2024 02:01:58.001,21.2319,33.1860,1.21,8.075,55.594,21.1566
26/07/2024 02:02:58.000,21.2322,33.1861,1.22,8.078,55.709,21.1559
26/07/2024 02:03:58.999,21.2309,33.1867,1.22,8.076,55.635,21.1557
26/07/2024 02:04:58.002,21.2301,33.1859,1.22,8.075,55.653,21.1542
26/07/2024 02:05:58.001,21.2293,33.1856,1.22,8.075,55.791,21.1558
26/07/2024 02:06:58.000,21.2284,33.1864,1.22,8.074,55.715,21.1534
26/07/2024 02:07:58.999,21.2270,33.1868,1.22,8.073,55.505,21.1537
26/07/2024 02:08:58.001,21.2262,33.1865,1.22,8.073,55.544,21.1528
26/07/2024 02:09:58.000,21.2245,33.1873,1.22,8.072,55.608,21.1530
26/07/2024 02:10:58.000,21.2231,33.1859,1.22,8.072,55.695,21.1521
26/07/2024 02:11:58.999,21.2208,33.1881,1.23,8.071,55.678,21.1527
26/07/2024 02:12:58.001,21.2201,33.1873,1.22,8.071,55.570,21.1507
26/07/2024 02:13:58.000,21.2191,33.1875,1.22,8.070,55.556,21.1520
26/07/2024 02:14:58.999,21.2168,33.1873,1.22,8.070,55.592,21.1523
26/07/2024 02:15:58.998,21.2155,33.1890,1.22,8.069,55.712,21.1512
26/07/2024 02:16:58.001,21.2166,33.1874,1.22,8.069,55.639,21.1516
26/07/2024 02:17:58.000,21.2148,33.1878,1.22,8.068,55.620,21.1520
26/07/2024 02:18:58.999,21.2135,33.1888,1.22,8.068,55.546,21.1515
26/07/2024 02:19:58.002,21.2135,33.1880,1.22,8.067,55.642,21.1521
26/07/2024 02:20:58.001,21.2117,33.1865,1.22,8.067,55.679,21.1520
26/07/2024 02:21:58.000,21.2084,33.1876,1.22,8.067,55.735,21.1503
26/07/2024 02:22:58.999,21.2073,33.1880,1.22,8.066,55.658,21.1510
26/07/2024 02:23:58.001,21.2062,33.1890,1.23,8.066,55.732,21.1495
26/07/2024 02:24:58.000,21.2049,33.1887,1.22,8.065,55.652,21.1506
26/07/2024 02:25:58.000,21.2046,33.1878,1.22,8.065,55.690,21.1493
26/07/2024 02:26:58.999,21.2031,33.1884,1.22,8.065,55.671,21.1487
26/07/2024 02:27:58.001,21.2020,33.1892,1.22,8.064,55.689,21.1478
26/07/2024 02:28:58.000,21.2007,33.1891,1.22,8.064,55.681,21.1471
26/07/2024 02:29:58.999,21.1993,33.1890,1.22,8.064,55.574,21.1471
26/07/2024 02:30:58.998,21.1971,33.1880,1.22,8.064,55.629,21.1461
26/07/2024 02:31:58.001,21.1955,33.1886,1.22,8.064,55.616,21.1446
26/07/2024 02:32:58.000,21.1930,33.1896,1.22,8.064,55.513,21.1456
26/07/2024 02:33:58.999,21.1936,33.1890,1.22,8.063,55.688,21.1442
26/07/2024 02:34:58.002,21.1918,33.1889,1.22,8.063,55.709,21.1448
26/07/2024 02:35:58.001,21.1914,33.1898,1.22,8.064,55.666,21.1442
26/07/2024 02:36:58.000,21.1918,33.1895,1.22,8.064,55.694,21.1440
26/07/2024 02:37:58.999,21.1918,33.1896,1.22,8.064,55.571,21.1439
26/07/2024 02:38:58.001,21.1923,33.1900,1.22,8.063,55.663,21.1422
26/07/2024 02:39:58.000,21.1911,33.1909,1.22,8.064,55.646,21.1428
26/07/2024 02:40:58.000,21.1912,33.1892,1.22,8.064,55.709,21.1405
26/07/2024 02:41:58.999,21.1894,33.1894,1.22,8.064,55.620,21.1417
26/07/2024 02:42:58.001,21.1896,33.1896,1.22,8.064,55.678,21.1421
26/07/2024 02:43:58.000,21.1886,33.1899,1.22,8.064,55.696,21.1420
26/07/2024 02:44:58.999,21.1846,33.1892,1.22,8.064,55.685,21.1415
26/07/2024 02:45:58.998,21.1838,33.1895,1.22,8.064,55.572,21.1413
26/07/2024 02:46:58.001,21.1815,33.1904,1.22,8.064,55.693,21.1412
26/07/2024 02:47:58.000,21.1811,33.1893,1.22,8.064,55.691,21.1396
26/07/2024 02:48:58.999,21.1786,33.1906,1.22,8.064,55.660,21.1400
26/07/2024 02:49:58.002,21.1771,33.1890,1.22,8.064,55.638,21.1383
26/07/2024 02:50:58.001,21.1740,33.1892,1.22,8.065,55.603,21.1390
26/07/2024 02:51:58.000,21.1745,33.1913,1.22,8.065,55.594,21.1382
26/07/2024 02:52:58.999,21.1734,33.1900,1.22,8.066,55.663,21.1367
26/07/2024 02:53:58.001,21.1733,33.1917,1.22,8.066,55.820,21.1378
26/07/2024 02:54:58.000,21.1752,33.1909,1.22,8.066,55.697,21.1374
26/07/2024 02:55:58.000,21.1759,33.1921,1.22,8.067,55.685,21.1368
26/07/2024 02:56:58.999,21.1776,33.1914,1.22,8.067,55.660,21.1368
26/07/2024 02:57:58.001,21.1768,33.1912,1.22,8.067,55.775,21.1351
26/07/2024 02:58:58.000,21.1756,33.1900,1.23,8.068,55.682,21.1361
26/07/2024 02:59:58.999,21.1727,33.1924,1.22,8.068,55.580,21.1345
26/07/2024 03:00:58.998,21.1716,33.1912,1.22,8.069,55.707,21.1362
26/07/2024 03:01:58.001,21.1701,33.1914,1.22,8.069,55.791,21.1339
26/07/2024 03:02:58.000,21.1676,33.1909,1.22,8.069,55.754,21.1350
26/07/2024 03:03:58.999,21.1667,33.1919,1.22,8.070,55.620,21.1343
26/07/2024 03:04:58.002,21.1672,33.1924,1.22,8.070,55.762,21.1339
26/07/2024 03:05:58.001,21.1692,33.1918,1.22,8.070,55.790,21.1327
26/07/2024 03:06:58.000,21.1712,33.1927,1.23,8.071,55.776,21.1328
26/07/2024 03:07:58.999,21.1761,33.1923,1.22,8.071,55.671,21.1334
26/07/2024 03:08:58.001,21.1801,33.1923,1.22,8.072,55.705,21.1312
26/07/2024 03:09:58.000,21.1828,33.1917,1.21,8.072,55.623,21.1325
26/07/2024 03:10:58.000,21.1837,33.1924,1.22,8.072,55.645,21.1307
26/07/2024 03:11:58.999,21.1849,33.1918,1.22,8.073,55.614,21.1306
26/07/2024 03:12:58.001,21.1854,33.1920,1.22,8.073,55.731,21.1316
26/07/2024 03:13:58.000,21.1858,33.1914,1.21,8.074,55.705,21.1310
26/07/2024 03:14:58.999,21.1867,33.1923,1.21,8.074,55.604,21.1305
26/07/2024 03:15:58.998,21.1873,33.1912,1.22,8.074,55.640,21.1312
26/07/2024 03:16:58.001,21.1874,33.1913,1.22,8.074,55.641,21.1312
26/07/2024 03:17:58.000,21.1858,33.1919,1.22,8.074,55.623,21.1306
26/07/2024 03:18:58.999,21.1846,33.1922,1.22,8.074,55.624,21.1305
26/07/2024 03:19:58.002,21.1813,33.1906,1.22,8.075,55.680,21.1306
26/07/2024 03:20:58.001,21.1776,33.1921,1.20,8.074,55.575,21.1291
26/07/2024 03:21:58.000,21.1750,33.1925,1.22,8.074,55.499,21.1297
26/07/2024 03:22:58.999,21.1761,33.1928,1.22,8.074,55.456,21.1291
26/07/2024 03:23:58.001,21.1787,33.1919,1.21,8.075,55.560,21.1287
26/07/2024 03:24:58.000,21.1809,33.1928,1.22,8.074,55.570,21.1288
26/07/2024 03:25:58.000,21.1833,33.1924,1.20,8.074,55.507,21.1274
26/07/2024 03:26:58.999,21.1827,33.1932,1.23,8.074,55.655,21.1278
26/07/2024 03:27:58.001,21.1842,33.1919,1.22,8.074,55.659,21.1264
26/07/2024 03:28:58.000,21.1846,33.1926,1.22,8.074,55.580,21.1276
26/07/2024 03:29:58.999,21.1845,33.1927,1.23,8.074,55.571,21.1271
26/07/2024 03:30:58.998,21.1847,33.1910,1.21,8.074,55.597,21.1264
26/07/2024 03:31:58.001,21.1844,33.1926,1.24,8.074,55.593,21.1269
26/07/2024 03:32:58.000,21.1849,33.1923,1.22,8.075,55.649,21.1261
26/07/2024 03:33:58.999,21.1842,33.1922,1.22,8.075,55.714,21.1263
26/07/2024 03:34:58.002,21.1851,33.1916,1.21,8.075,55.606,21.1248
26/07/2024 03:35:58.001,21.1821,33.1920,1.22,8.075,55.661,21.1237
26/07/2024 03:36:58.000,21.1802,33.1929,1.22,8.075,55.608,21.1236
26/07/2024 03:37:58.999,21.1772,33.1931,1.23,8.075,55.585,21.1246
26/07/2024 03:38:58.001,21.1762,33.1924,1.22,8.075,55.674,21.1234
26/07/2024 03:39:58.000,21.1763,33.1928,1.22,8.075,55.612,21.1242
26/07/2024 03:40:58.000,21.1775,33.1937,1.22,8.076,55.686,21.1235
26/07/2024 03:41:58.999,21.1789,33.1931,1.22,8.076,55.698,21.1231
26/07/2024 03:42:58.001,21.1806,33.1932,1.22,8.076,55.642,21.1235
26/07/2024 03:43:58.000,21.1806,33.1934,1.22,8.076,55.690,21.1229
26/07/2024 03:44:58.999,21.1810,33.1928,1.22,8.076,55.639,21.1223
26/07/2024 03:45:58.998,21.1801,33.1935,1.22,8.077,55.681,21.1222
26/07/2024 03:46:58.001,21.1802,33.1937,1.22,8.077,55.644,21.1205
26/07/2024 03:47:58.000,21.1801,33.1934,1.22,8.078,55.712,21.1217
26/07/2024 03:48:58.999,21.1796,33.1942,1.23,8.079,55.603,21.1211
26/07/2024 03:49:58.002,21.1801,33.1934,1.20,8.079,55.686,21.1215
26/07/2024 03:50:58.001,21.1798,33.1932,1.23,8.080,55.643,21.1212
26/07/2024 03:51:58.000,21.1806,33.1913,1.22,8.081,55.695,21.1209
26/07/2024 03:52:58.999,21.1793,33.1920,1.22,8.081,55.740,21.1213
26/07/2024 03:53:58.001,21.1752,33.1940,1.20,8.082,55.555,21.1196
26/07/2024 03:54:58.000,21.1727,33.1923,1.21,8.082,55.647,21.1188
26/07/2024 03:55:58.000,21.1711,33.1931,1.22,8.083,55.673,21.1190
26/07/2024 03:56:58.999,21.1714,33.1951,1.23,8.083,55.641,21.1175
26/07/2024 03:57:58.001,21.1731,33.1941,1.23,8.083,55.583,21.1190
26/07/2024 03:58:58.000,21.1751,33.1938,1.23,8.083,55.525,21.1181
26/07/2024 03:59:58.999,21.1760,33.1936,1.22,8.084,55.579,21.1184
26/07/2024 04:00:58.998,21.1763,33.1940,1.23,8.084,55.486,21.1182
26/07/2024 04:01:58.001,21.1763,33.1943,1.22,8.084,55.560,21.1180
26/07/2024 04:02:58.000,21.1759,33.1940,1.23,8.084,55.510,21.1167
26/07/2024 04:03:58.999,21.1771,33.1943,1.21,8.085,55.682,21.1170
26/07/2024 04:04:58.002,21.1765,33.1946,1.23,8.085,55.605,21.1169
26/07/2024 04:05:58.001,21.1761,33.1945,1.23,8.085,55.593,21.1168
26/07/2024 04:06:58.000,21.1766,33.1933,1.22,8.085,55.772,21.1158
26/07/2024 04:07:58.999,21.1766,33.1939,1.23,8.085,55.710,21.1163
26/07/2024 04:08:58.001,21.1758,33.1952,1.23,8.085,55.643,21.1159
26/07/2024 04:09:58.000,21.1754,33.1922,1.23,8.086,55.579,21.1158
26/07/2024 04:10:58.000,21.1730,33.1940,1.22,8.086,55.662,21.1155
26/07/2024 04:11:58.999,21.1703,33.1942,1.22,8.086,55.629,21.1151
26/07/2024 04:12:58.001,21.1677,33.1943,1.21,8.086,55.708,21.1135
26/07/2024 04:13:58.000,21.1671,33.1940,1.22,8.086,55.570,21.1144
26/07/2024 04:14:58.999,21.1680,33.1936,1.23,8.087,55.745,21.1143
26/07/2024 04:15:58.998,21.1687,33.1954,1.21,8.087,55.649,21.1126
26/07/2024 04:16:58.001,21.1698,33.1953,1.23,8.087,55.905,21.1137
26/07/2024 04:17:58.000,21.1711,33.1952,1.22,8.087,55.631,21.1134
26/07/2024 04:18:58.999,21.1704,33.1948,1.23,8.087,55.674,21.1126
26/07/2024 04:19:58.002,21.1705,33.1949,1.23,8.088,55.626,21.1127
26/07/2024 04:20:58.001,21.1715,33.1944,1.22,8.088,55.643,21.1116
26/07/2024 04:21:58.000,21.1701,33.1948,1.23,8.088,55.674,21.1119
26/07/2024 04:22:58.999,21.1706,33.1956,1.22,8.088,55.606,21.1101
26/07/2024 04:23:58.001,21.1694,33.1953,1.22,8.088,55.586,21.1112
26/07/2024 04:24:58.000,21.1702,33.1952,1.23,8.089,55.509,21.1101
26/07/2024 04:25:58.000,21.1704,33.1954,1.23,8.089,55.526,21.1109
26/07/2024 04:26:58.999,21.1699,33.1947,1.21,8.089,55.524,21.1100
26/07/2024 04:27:58.001,21.1687,33.1950,1.21,8.089,55.637,21.1103
26/07/2024 04:28:58.000,21.1666,33.1950,1.23,8.089,55.657,21.1107
26/07/2024 04:29:58.999,21.1633,33.1955,1.22,8.089,55.575,21.1096
26/07/2024 04:30:58.998,21.1614,33.1946,1.21,8.089,55.559,21.1095
26/07/2024 04:31:58.001,21.1620,33.1955,1.21,8.089,55.665,21.1080
26/07/2024 04:32:58.000,21.1628,33.1959,1.22,8.090,55.718,21.1089
26/07/2024 04:33:58.999,21.1637,33.1970,1.22,8.090,55.509,21.1071
26/07/2024 04:34:58.002,21.1652,33.1961,1.22,8.090,55.622,21.1084
26/07/2024 04:35:58.001,21.1654,33.1961,1.21,8.090,55.597,21.1076
26/07/2024 04:36:58.000,21.1661,33.1956,1.22,8.091,55.558,21.1081
26/07/2024 04:37:58.999,21.1662,33.1962,1.22,8.091,55.546,21.1078
26/07/2024 04:38:58.001,21.1659,33.1972,1.23,8.091,55.564,21.1074
26/07/2024 04:39:58.000,21.1656,33.1962,1.22,8.092,55.596,21.1064
26/07/2024 04:40:58.000,21.1657,33.1953,1.22,8.092,55.689,21.1066
26/07/2024 04:41:58.999,21.1663,33.1954,1.22,8.093,55.694,21.1057
26/07/2024 04:42:58.001,21.1654,33.1957,1.21,8.093,55.674,21.1069
26/07/2024 04:43:58.000,21.1650,33.1956,1.22,8.094,55.678,21.1053
26/07/2024 04:44:58.999,21.1646,33.1958,1.23,8.094,55.689,21.1053
26/07/2024 04:45:58.998,21.1644,33.1941,1.22,8.095,55.709,21.1052
26/07/2024 04:46:58.001,21.1617,33.1952,1.22,8.095,55.694,21.1058
26/07/2024 04:47:58.000,21.1586,33.1956,1.21,8.096,55.656,21.1044
26/07/2024 04:48:58.999,21.1556,33.1962,1.21,8.096,55.542,21.1051
26/07/2024 04:49:58.002,21.1551,33.1978,1.23,8.096,55.690,21.1047
26/07/2024 04:50:58.001,21.1575,33.1962,1.23,8.097,55.644,21.1039
26/07/2024 04:51:58.000,21.1584,33.1975,1.23,8.097,55.606,21.1037
26/07/2024 04:52:58.999,21.1586,33.1969,1.22,8.098,55.643,21.1021
26/07/2024 04:53:58.001,21.1606,33.1969,1.21,8.098,55.597,21.1034
26/07/2024 04:54:58.000,21.1610,33.1956,1.21,8.099,55.627,21.1025
26/07/2024 04:55:58.000,21.1603,33.1982,1.22,8.099,55.549,21.1027
26/07/2024 04:56:58.999,21.1598,33.1968,1.23,8.100,55.655,21.1030
26/07/2024 04:57:58.001,21.1603,33.1957,1.22,8.100,55.664,21.1022
26/07/2024 04:58:58.000,21.1597,33.1964,1.22,8.100,55.623,21.1022
26/07/2024 04:59:58.999,21.1600,33.1960,1.24,8.100,55.650,21.1008
26/07/2024 05:00:58.998,21.1608,33.1981,1.22,8.100,55.650,21.1020
26/07/2024 05:01:58.001,21.1609,33.1954,1.22,8.101,55.627,21.1015
26/07/2024 05:02:58.000,21.1587,33.1972,1.22,8.102,55.551,21.0999
26/07/2024 05:03:58.999,21.1569,33.1966,1.22,8.101,55.622,21.1010
26/07/2024 05:04:58.002,21.1549,33.1956,1.21,8.101,55.689,21.1002
26/07/2024 05:05:58.001,21.1525,33.1959,1.23,8.101,55.629,21.1000
26/07/2024 05:06:58.000,21.1482,33.1956,1.21,8.101,55.720,21.0996
26/07/2024 05:07:58.999,21.1444,33.1988,1.23,8.102,55.749,21.0991
26/07/2024 05:08:58.001,21.1431,33.1976,1.22,8.102,55.734,21.0981
26/07/2024 05:09:58.000,21.1424,33.1963,1.23,8.102,55.617,21.0973
26/07/2024 05:10:58.000,21.1420,33.1962,1.22,8.102,55.682,21.0973
26/07/2024 05:11:58.999,21.1417,33.1965,1.21,8.102,55.662,21.0963
26/07/2024 05:12:58.001,21.1393,33.1986,1.21,8.102,55.741,21.0972
26/07/2024 05:13:58.000,21.1401,33.1970,1.22,8.102,55.759,21.0954
26/07/2024 05:14:58.999,21.1385,33.1975,1.21,8.102,55.670,21.0965
26/07/2024 05:15:58.998,21.1379,33.1969,1.22,8.103,55.684,21.0956
26/07/2024 05:16:58.001,21.1353,33.1985,1.22,8.103,55.737,21.0952
26/07/2024 05:17:58.000,21.1347,33.1977,1.22,8.103,55.678,21.0954
26/07/2024 05:18:58.999,21.1332,33.1975,1.23,8.103,55.507,21.0935
26/07/2024 05:19:58.002,21.1286,33.1983,1.22,8.104,55.578,21.0948
26/07/2024 05:20:58.001,21.1254,33.1979,1.22,8.104,55.597,21.0924
26/07/2024 05:21:58.000,21.1247,33.1985,1.23,8.104,55.399,21.0938
26/07/2024 05:22:58.999,21.1222,33.1982,1.22,8.104,55.522,21.0921
26/07/2024 05:23:58.001,21.1208,33.1977,1.21,8.104,55.571,21.0923
26/07/2024 05:24:58.000,21.1174,33.1977,1.23,8.104,55.742,21.0922
26/07/2024 05:25:58.000,21.1155,33.1991,1.21,8.104,55.549,21.0919
26/07/2024 05:26:58.999,21.1129,33.1992,1.23,8.104,55.522,21.0916
26/07/2024 05:27:58.001,21.1126,33.1976,1.23,8.104,55.510,21.0906
26/07/2024 05:28:58.000,21.1115,33.2002,1.22,8.104,55.667,21.0887
26/07/2024 05:29:58.999,21.1135,33.1995,1.22,8.105,55.636,21.0902
26/07/2024 05:30:58.998,21.1122,33.2002,1.23,8.105,55.653,21.0884
26/07/2024 05:31:58.001,21.1144,33.1981,1.21,8.105,55.600,21.0889
26/07/2024 05:32:58.000,21.1132,33.1986,1.22,8.105,55.623,21.0883
26/07/2024 05:33:58.999,21.1132,33.1987,1.20,8.106,55.769,21.0877
26/07/2024 05:34:58.002,21.1097,33.2012,1.22,8.106,55.614,21.0866
26/07/2024 05:35:58.001,21.1105,33.1989,1.23,8.106,55.649,21.0864
26/07/2024 05:36:58.000,21.1091,33.1995,1.21,8.106,55.576,21.0857
26/07/2024 05:37:58.999,21.1067,33.1976,1.22,8.107,55.619,21.0860
26/07/2024 05:38:58.001,21.1047,33.1982,1.21,8.107,55.470,21.0840
26/07/2024 05:39:58.000,21.1037,33.1991,1.23,8.107,55.593,21.0855
26/07/2024 05:40:58.000,21.1020,33.1976,1.21,8.107,55.555,21.0843
26/07/2024 05:41:58.999,21.0977,33.2007,1.22,8.107,55.586,21.0834
26/07/2024 05:42:58.001,21.0971,33.2020,1.23,8.106,55.616,21.0834
26/07/2024 05:43:58.000,21.0950,33.2013,1.24,8.106,55.633,21.0830
26/07/2024 05:44:58.999,21.0949,33.2012,1.22,8.106,55.610,21.0824
26/07/2024 05:45:58.998,21.0948,33.2005,1.22,8.106,55.696,21.0821
26/07/2024 05:46:58.001,21.0936,33.2019,1.22,8.106,55.690,21.0815
26/07/2024 05:47:58.000,21.0941,33.2007,1.24,8.106,55.594,21.0789
26/07/2024 05:48:58.999,21.0948,33.2017,1.21,8.105,55.614,21.0802
26/07/2024 05:49:58.002,21.0935,33.1995,1.21,8.105,55.633,21.0800
26/07/2024 05:50:58.001,21.0932,33.2015,1.21,8.105,55.687,21.0795
26/07/2024 05:51:58.000,21.0942,33.2014,1.22,8.105,55.693,21.0790
26/07/2024 05:52:58.999,21.0932,33.2005,1.23,8.105,55.664,21.0784
26/07/2024 05:53:58.001,21.0928,33.2000,1.23,8.105,55.646,21.0781
26/07/2024 05:54:58.000,21.0901,33.2003,1.21,8.105,55.734,21.0773
26/07/2024 05:55:58.000,21.0881,33.2001,1.21,8.104,55.565,21.0757
26/07/2024 05:56:58.999,21.0871,33.2017,1.22,8.104,55.613,21.0756
26/07/2024 05:57:58.001,21.0891,33.2023,1.22,8.104,55.681,21.0735
26/07/2024 05:58:58.000,21.0910,33.2026,1.23,8.104,55.660,21.0747
26/07/2024 05:59:58.999,21.0930,33.2016,1.22,8.103,55.614,21.0737
26/07/2024 06:00:58.998,21.0978,33.2019,1.24,8.103,55.626,21.0735
26/07/2024 06:01:58.001,21.0994,33.2027,1.22,8.103,55.630,21.0736
26/07/2024 06:02:58.000,21.1021,33.2014,1.23,8.102,55.801,21.0731
26/07/2024 06:03:58.999,21.1018,33.2023,1.22,8.102,55.681,21.0726
26/07/2024 06:04:58.002,21.1034,33.2008,1.24,8.101,55.768,21.0725
26/07/2024 06:05:58.001,21.1035,33.2006,1.22,8.101,55.709,21.0724
26/07/2024 06:06:58.000,21.1054,33.2001,1.22,8.100,55.612,21.0698
26/07/2024 06:07:58.999,21.1039,33.2018,1.22,8.100,55.654,21.0710
26/07/2024 06:08:58.001,21.1059,33.2004,1.21,8.099,55.628,21.0697
26/07/2024 06:09:58.000,21.1054,33.2013,1.23,8.099,55.673,21.0709
26/07/2024 06:10:58.000,21.1052,33.2014,1.22,8.098,55.625,21.0695
26/07/2024 06:11:58.999,21.1050,33.2004,1.23,8.098,55.583,21.0698
26/07/2024 06:12:58.001,21.1011,33.2013,1.21,8.097,55.587,21.0687
26/07/2024 06:13:58.000,21.0990,33.2003,1.23,8.097,55.619,21.0683
26/07/2024 06:14:58.999,21.0961,33.2008,1.23,8.096,55.587,21.0677
26/07/2024 06:15:58.998,21.0946,33.2030,1.23,8.095,55.637,21.0652
26/07/2024 06:16:58.001,21.0964,33.2022,1.21,8.095,55.716,21.0667
26/07/2024 06:17:58.000,21.0970,33.2036,1.24,8.095,55.603,21.0663
26/07/2024 06:18:58.999,21.1011,33.2020,1.22,8.094,55.662,21.0646
26/07/2024 06:19:58.998,21.1020,33.2030,1.22,8.094,55.599,21.0646
26/07/2024 06:20:58.997,21.1027,33.2025,1.22,8.093,55.628,21.0651
26/07/2024 06:21:58.003,21.1024,33.2027,1.22,8.093,55.606,21.0647
26/07/2024 06:22:58.002,21.1029,33.2011,1.22,8.093,55.573,21.0645
26/07/2024 06:23:58.001,21.1034,33.2018,1.24,8.093,55.601,21.0630
26/07/2024 06:24:58.000,21.1036,33.2024,1.22,8.093,55.494,21.0608
26/07/2024 06:25:58.000,21.1050,33.2015,1.22,8.093,55.666,21.0634
26/07/2024 06:26:58.999,21.1037,33.2020,1.21,8.093,55.591,21.0635
26/07/2024 06:27:58.998,21.1047,33.2021,1.20,8.092,55.575,21.0629
26/07/2024 06:28:58.997,21.1045,33.2025,1.21,8.092,55.678,21.0624
26/07/2024 06:29:58.003,21.1036,33.2021,1.22,8.092,55.622,21.0619
26/07/2024 06:30:58.002,21.1016,33.2024,1.22,8.092,55.683,21.0613
26/07/2024 06:31:58.001,21.0991,33.2011,1.21,8.092,55.678,21.0615
26/07/2024 06:32:58.000,21.0954,33.2008,1.24,8.092,55.633,21.0599
26/07/2024 06:33:58.999,21.0911,33.2029,1.23,8.092,55.621,21.0575
26/07/2024 06:34:58.998,21.0887,33.2028,1.23,8.092,55.683,21.0583
26/07/2024 06:35:58.997,21.0907,33.2031,1.23,8.092,55.588,21.0579
26/07/2024 06:36:58.003,21.0927,33.2041,1.22,8.092,55.607,21.0584
26/07/2024 06:37:58.002,21.0965,33.2034,1.23,8.093,55.480,21.0573
26/07/2024 06:38:58.001,21.0988,33.2031,1.23,8.093,55.673,21.0563
26/07/2024 06:39:58.000,21.0996,33.2030,1.23,8.093,55.667,21.0565
26/07/2024 06:40:58.000,21.1005,33.2036,1.22,8.093,55.755,21.0563
26/07/2024 06:41:58.999,21.1004,33.2033,1.23,8.093,55.755,21.0547
26/07/2024 06:42:58.998,21.1011,33.2031,1.22,8.093,55.675,21.0555
26/07/2024 06:43:58.997,21.1005,33.2037,1.22,8.093,55.680,21.0555
26/07/2024 06:44:58.003,21.1020,33.2031,1.21,8.093,55.636,21.0528
26/07/2024 06:45:58.002,21.1015,33.2032,1.25,8.093,55.697,21.0547
26/07/2024 06:46:58.001,21.1023,33.2022,1.22,8.093,55.684,21.0539
26/07/2024 06:47:58.000,21.1024,33.2029,1.21,8.093,55.723,21.0540
26/07/2024 06:48:58.999,21.1015,33.2024,1.22,8.093,55.745,21.0537
26/07/2024 06:49:58.998,21.0997,33.2019,1.21,8.093,55.711,21.0537
26/07/2024 06:50:58.997,21.0962,33.2033,1.24,8.093,55.726,21.0538
26/07/2024 06:51:58.003,21.0927,33.2031,1.23,8.093,55.711,21.0525
26/07/2024 06:52:58.002,21.0902,33.2034,1.22,8.093,55.644,21.0524
26/07/2024 06:53:58.001,21.0911,33.2050,1.22,8.093,55.788,21.0519
26/07/2024 06:54:58.000,21.0924,33.2055,1.21,8.093,55.702,21.0515
26/07/2024 06:55:58.000,21.0945,33.2050,1.24,8.094,55.727,21.0514
26/07/2024 06:56:58.999,21.0971,33.2031,1.22,8.094,55.677,21.0519
26/07/2024 06:57:58.998,21.0976,33.2040,1.22,8.094,55.572,21.0506
26/07/2024 06:58:58.997,21.0977,33.2060,1.23,8.094,55.674,21.0502
26/07/2024 06:59:58.003,21.0993,33.2037,1.22,8.094,55.673,21.0508
26/07/2024 07:00:58.002,21.0993,33.2038,1.22,8.094,55.640,21.0503
26/07/2024 07:01:58.001,21.0996,33.2042,1.23,8.094,55.718,21.0495
26/07/2024 07:02:58.000,21.0991,33.2040,1.24,8.094,55.683,21.0490
26/07/2024 07:03:58.999,21.1003,33.2044,1.23,8.094,55.709,21.0475
26/07/2024 07:04:58.998,21.1006,33.2043,1.23,8.094,55.637,21.0468
26/07/2024 07:05:58.997,21.1007,33.2035,1.23,8.094,55.718,21.0475
26/07/2024 07:06:58.003,21.0994,33.2046,1.23,8.094,55.656,21.0482
26/07/2024 07:07:58.002,21.0983,33.2035,1.22,8.094,55.714,21.0478
26/07/2024 07:08:58.001,21.0971,33.2028,1.24,8.094,55.694,21.0472
26/07/2024 07:09:58.000,21.0929,33.2030,1.22,8.094,55.702,21.0460
26/07/2024 07:10:58.000,21.0904,33.2030,1.22,8.094,55.615,21.0462
26/07/2024 07:11:58.999,21.0878,33.2043,1.24,8.093,55.638,21.0453
26/07/2024 07:12:58.998,21.0843,33.2039,1.22,8.093,55.666,21.0436
26/07/2024 07:13:58.997,21.0807,33.2051,1.22,8.093,55.644,21.0438
26/07/2024 07:14:58.003,21.0821,33.2057,1.24,8.092,55.622,21.0421
26/07/2024 07:15:58.002,21.0835,33.2053,1.23,8.092,55.572,21.0433
26/07/2024 07:16:58.001,21.0868,33.2060,1.22,8.091,55.650,21.0432
26/07/2024 07:17:58.000,21.0897,33.2052,1.21,8.091,55.731,21.0428
26/07/2024 07:18:58.999,21.0909,33.2058,1.23,8.090,55.719,21.0434
26/07/2024 07:19:58.998,21.0933,33.2050,1.23,8.090,55.705,21.0412
26/07/2024 07:20:58.997,21.0930,33.2063,1.22,8.089,55.707,21.0423
26/07/2024 07:21:58.003,21.0946,33.2050,1.23,8.089,55.691,21.0399
26/07/2024 07:22:58.002,21.0958,33.2046,1.23,8.088,55.650,21.0418
26/07/2024 07:23:58.001,21.0966,33.2051,1.22,8.088,55.669,21.0420
26/07/2024 07:24:58.000,21.0972,33.2054,1.24,8.088,55.754,21.0405
26/07/2024 07:25:58.000,21.0975,33.2063,1.22,8.088,55.709,21.0414
26/07/2024 07:26:58.999,21.0986,33.2057,1.23,8.087,55.721,21.0412
26/07/2024 07:27:58.998,21.0989,33.2023,1.23,8.087,55.629,21.0411
26/07/2024 07:28:58.997,21.0969,33.2048,1.22,8.087,55.711,21.0403
26/07/2024 07:29:58.003,21.0955,33.2045,1.24,8.087,55.700,21.0402
26/07/2024 07:30:58.002,21.0930,33.2043,1.23,8.086,55.732,21.0401
26/07/2024 07:31:58.001,21.0898,33.2055,1.22,8.086,55.802,21.0375
26/07/2024 07:32:58.000,21.0872,33.2048,1.22,8.086,55.834,21.0386
26/07/2024 07:33:58.999,21.0839,33.2049,1.23,8.086,55.716,21.0372
26/07/2024 07:34:58.998,21.0807,33.2045,1.22,8.086,55.827,21.0382
26/07/2024 07:35:58.997,21.0801,33.2039,1.23,8.085,55.652,21.0374
26/07/2024 07:36:58.003,21.0772,33.2044,1.21,8.085,55.810,21.0364
26/07/2024 07:37:58.002,21.0739,33.2063,1.21,8.085,55.816,21.0362
26/07/2024 07:38:58.001,21.0722,33.2063,1.24,8.085,55.802,21.0352
26/07/2024 07:39:58.000,21.0714,33.2062,1.25,8.085,55.792,21.0359
26/07/2024 07:40:58.000,21.0691,33.2060,1.22,8.085,55.783,21.0352
26/07/2024 07:41:58.999,21.0657,33.2070,1.21,8.085,55.749,21.0348
26/07/2024 07:42:58.998,21.0656,33.2070,1.23,8.085,55.832,21.0341
26/07/2024 07:43:58.997,21.0638,33.2068,1.22,8.085,55.800,21.0342
26/07/2024 07:44:58.003,21.0626,33.2065,1.21,8.085,55.715,21.0344
26/07/2024 07:45:58.002,21.0614,33.2054,1.23,8.085,55.711,21.0335
26/07/2024 07:46:58.001,21.0608,33.2070,1.22,8.084,55.767,21.0324
26/07/2024 07:47:58.000,21.0594,33.2064,1.23,8.084,55.799,21.0322
26/07/2024 07:48:58.999,21.0558,33.2072,1.22,8.084,55.703,21.0310
26/07/2024 07:49:58.998,21.0545,33.2075,1.23,8.084,55.711,21.0299
26/07/2024 07:50:58.997,21.0545,33.2074,1.22,8.084,55.650,21.0311
26/07/2024 07:51:58.003,21.0542,33.2078,1.23,8.084,55.818,21.0307
26/07/2024 07:52:58.002,21.0536,33.2072,1.23,8.084,55.798,21.0298
26/07/2024 07:53:58.001,21.0524,33.2061,1.21,8.084,55.665,21.0299
26/07/2024 07:54:58.000,21.0510,33.2080,1.24,8.084,55.628,21.0291
26/07/2024 07:55:58.000,21.0491,33.2068,1.25,8.084,55.900,21.0285
26/07/2024 07:56:58.999,21.0458,33.2077,1.24,8.084,55.746,21.0279
26/07/2024 07:57:58.998,21.0469,33.2088,1.22,8.085,55.792,21.0281
26/07/2024 07:58:58.997,21.0486,33.2072,1.23,8.085,55.895,21.0272
26/07/2024 07:59:58.003,21.0522,33.2100,1.25,8.085,55.931,21.0256
26/07/2024 08:00:58.002,21.0554,33.2098,1.23,8.085,55.680,21.0261
26/07/2024 08:01:58.001,21.0595,33.2092,1.23,8.085,55.765,21.0262
26/07/2024 08:02:58.000,21.0637,33.2090,1.24,8.085,55.810,21.0258
26/07/2024 08:03:58.999,21.0666,33.2091,1.23,8.086,55.739,21.0257
26/07/2024 08:04:58.998,21.0696,33.2076,1.22,8.086,55.673,21.0251
26/07/2024 08:05:58.997,21.0713,33.2091,1.23,8.086,55.825,21.0256
26/07/2024 08:06:58.003,21.0734,33.2071,1.20,8.087,55.677,21.0247
26/07/2024 08:07:58.002,21.0744,33.2080,1.23,8.087,55.688,21.0241
26/07/2024 08:08:58.001,21.0759,33.2068,1.22,8.087,55.790,21.0246
26/07/2024 08:09:58.000,21.0756,33.2089,1.23,8.088,55.703,21.0225
26/07/2024 08:10:58.000,21.0772,33.2071,1.22,8.088,55.689,21.0229
26/07/2024 08:11:58.999,21.0781,33.2081,1.22,8.089,55.725,21.0234
26/07/2024 08:12:58.998,21.0786,33.2081,1.22,8.089,55.840,21.0235
26/07/2024 08:13:58.997,21.0800,33.2074,1.23,8.090,55.855,21.0230
26/07/2024 08:14:58.003,21.0799,33.2082,1.23,8.090,55.881,21.0233
26/07/2024 08:15:58.002,21.0795,33.2080,1.22,8.090,55.757,21.0223
26/07/2024 08:16:58.001,21.0804,33.2080,1.23,8.091,55.745,21.0214
26/07/2024 08:17:58.000,21.0800,33.2083,1.24,8.091,55.695,21.0210
26/07/2024 08:18:58.999,21.0811,33.2086,1.22,8.091,55.850,21.0224
26/07/2024 08:19:58.998,21.0811,33.2078,1.24,8.092,55.783,21.0225
26/07/2024 08:20:58.997,21.0825,33.2080,1.21,8.092,55.765,21.0225
26/07/2024 08:21:58.003,21.0820,33.2090,1.23,8.092,55.734,21.0227
26/07/2024 08:22:58.002,21.0840,33.2075,1.23,8.092,55.776,21.0224
26/07/2024 08:23:58.001,21.0842,33.2078,1.22,8.093,55.732,21.0219
26/07/2024 08:24:58.000,21.0833,33.2081,1.23,8.093,55.839,21.0218
26/07/2024 08:25:58.000,21.0839,33.2076,1.24,8.093,55.641,21.0200
26/07/2024 08:26:58.999,21.0846,33.2088,1.23,8.093,55.757,21.0221
26/07/2024 08:27:58.998,21.0852,33.2080,1.22,8.093,55.790,21.0220
26/07/2024 08:28:58.997,21.0852,33.2097,1.23,8.093,55.668,21.0208
26/07/2024 08:29:58.003,21.0870,33.2091,1.23,8.093,55.672,21.0204
26/07/2024 08:30:58.002,21.0872,33.2099,1.23,8.093,55.626,21.0208
26/07/2024 08:31:58.001,21.0891,33.2086,1.22,8.093,55.872,21.0197
26/07/2024 08:32:58.000,21.0904,33.2072,1.21,8.093,55.851,21.0203
26/07/2024 08:33:58.999,21.0914,33.2091,1.23,8.092,55.736,21.0200
26/07/2024 08:34:58.998,21.0929,33.2084,1.23,8.092,55.616,21.0200
26/07/2024 08:35:58.997,21.0944,33.2085,1.23,8.092,55.742,21.0191
26/07/2024 08:36:58.003,21.0954,33.2080,1.23,8.091,55.740,21.0200
26/07/2024 08:37:58.002,21.0958,33.2083,1.22,8.091,55.711,21.0183
26/07/2024 08:38:58.001,21.0961,33.2087,1.22,8.091,55.692,21.0196
26/07/2024 08:39:58.000,21.0961,33.2088,1.23,8.091,55.742,21.0193
26/07/2024 08:40:58.000,21.0968,33.2086,1.23,8.091,55.649,21.0191
26/07/2024 08:41:58.999,21.0973,33.2093,1.23,8.091,55.615,21.0202
26/07/2024 08:42:58.998,21.0982,33.2081,1.23,8.090,55.654,21.0193
26/07/2024 08:43:58.997,21.0974,33.2092,1.23,8.090,55.604,21.0208
26/07/2024 08:44:58.003,21.0978,33.2090,1.22,8.090,55.678,21.0186
26/07/2024 08:45:58.002,21.0985,33.2084,1.23,8.090,55.761,21.0193
26/07/2024 08:46:58.001,21.0985,33.2082,1.23,8.090,55.654,21.0197
26/07/2024 08:47:58.000,21.0997,33.2087,1.23,8.090,55.691,21.0194
26/07/2024 08:48:58.999,21.1010,33.2078,1.23,8.090,55.621,21.0190
26/07/2024 08:49:58.998,21.1018,33.2098,1.24,8.090,55.641,21.0197
26/07/2024 08:50:58.997,21.1020,33.2079,1.23,8.090,55.679,21.0195
26/07/2024 08:51:58.003,21.1015,33.2096,1.23,8.089,55.582,21.0193
26/07/2024 08:52:58.002,21.1014,33.2092,1.23,8.089,55.571,21.0186
26/07/2024 08:53:58.001,21.1028,33.2078,1.22,8.089,55.700,21.0187
26/07/2024 08:54:58.000,21.1033,33.2088,1.23,8.090,55.592,21.0183
26/07/2024 08:55:58.000,21.1044,33.2081,1.23,8.090,55.562,21.0199
26/07/2024 08:56:58.999,21.1055,33.2089,1.24,8.089,55.626,21.0202
26/07/2024 08:57:58.998,21.1063,33.2090,1.21,8.089,55.574,21.0195
26/07/2024 08:58:58.997,21.1068,33.2100,1.23,8.089,55.532,21.0193
26/07/2024 08:59:58.003,21.1077,33.2088,1.23,8.088,55.560,21.0199
26/07/2024 09:00:58.002,21.1079,33.2084,1.22,8.088,55.495,21.0202
26/07/2024 09:01:58.001,21.1081,33.2083,1.23,8.088,55.601,21.0194
26/07/2024 09:02:58.000,21.1085,33.2090,1.23,8.088,55.629,21.0202
26/07/2024 09:03:58.999,21.1091,33.2094,1.23,8.087,55.662,21.0201
26/07/2024 09:04:58.998,21.1100,33.2093,1.23,8.087,55.668,21.0191
26/07/2024 09:05:58.997,21.1106,33.2085,1.23,8.087,55.602,21.0192
26/07/2024 09:06:58.003,21.1111,33.2084,1.22,8.086,55.551,21.0189
26/07/2024 09:07:58.002,21.1130,33.2098,1.23,8.086,55.574,21.0194
26/07/2024 09:08:58.001,21.1140,33.2091,1.23,8.086,55.681,21.0199
26/07/2024 09:09:58.000,21.1154,33.2092,1.23,8.086,55.601,21.0202
26/07/2024 09:10:58.000,21.1150,33.2089,1.23,8.085,55.638,21.0190
26/07/2024 09:11:58.999,21.1169,33.2084,1.23,8.085,55.569,21.0190
26/07/2024 09:12:58.998,21.1160,33.2095,1.23,8.085,55.743,21.0194
26/07/2024 09:13:58.997,21.1173,33.2094,1.22,8.085,55.582,21.0194
26/07/2024 09:14:58.003,21.1172,33.2094,1.22,8.085,55.497,21.0195
26/07/2024 09:15:58.002,21.1185,33.2093,1.23,8.086,55.581,21.0198
26/07/2024 09:16:58.001,21.1186,33.2100,1.23,8.086,55.510,21.0196
26/07/2024 09:17:58.000,21.1191,33.2094,1.22,8.086,55.624,21.0200
26/07/2024 09:18:58.999,21.1196,33.2087,1.23,8.085,55.676,21.0195
26/07/2024 09:19:58.998,21.1203,33.2089,1.23,8.086,55.603,21.0182
26/07/2024 09:20:58.997,21.1203,33.2099,1.23,8.086,55.637,21.0196
26/07/2024 09:21:58.003,21.1219,33.2096,1.23,8.086,55.602,21.0191
26/07/2024 09:22:58.002,21.1226,33.2095,1.23,8.086,55.696,21.0191
26/07/2024 09:23:58.001,21.1223,33.2103,1.22,8.086,55.628,21.0188
26/07/2024 09:24:58.000,21.1235,33.2085,1.23,8.086,55.625,21.0183
26/07/2024 09:25:58.000,21.1241,33.2097,1.23,8.086,55.661,21.0196
26/07/2024 09:26:58.999,21.1263,33.2104,1.23,8.085,55.594,21.0189
26/07/2024 09:27:58.998,21.1276,33.2102,1.23,8.085,55.581,21.0196
26/07/2024 09:28:58.997,21.1295,33.2103,1.22,8.085,55.560,21.0198
26/07/2024 09:29:58.003,21.1311,33.2105,1.23,8.085,55.588,21.0205
26/07/2024 09:30:58.002,21.1327,33.2100,1.22,8.085,55.566,21.0204
26/07/2024 09:31:58.001,21.1337,33.2097,1.24,8.085,55.591,21.0190
26/07/2024 09:32:58.000,21.1345,33.2101,1.22,8.085,55.627,21.0204
26/07/2024 09:33:58.999,21.1350,33.2091,1.23,8.086,55.650,21.0199
26/07/2024 09:34:58.998,21.1367,33.2089,1.23,8.085,55.479,21.0211
26/07/2024 09:35:58.997,21.1380,33.2094,1.23,8.086,55.563,21.0211
26/07/2024 09:36:58.003,21.1392,33.2099,1.23,8.086,55.481,21.0213
26/07/2024 09:37:58.002,21.1410,33.2092,1.24,8.086,55.607,21.0213
26/07/2024 09:38:58.001,21.1425,33.2089,1.23,8.086,55.500,21.0220
26/07/2024 09:39:58.000,21.1429,33.2087,1.22,8.086,55.603,21.0219
26/07/2024 09:40:58.000,21.1445,33.2091,1.22,8.086,55.546,21.0211
26/07/2024 09:41:58.999,21.1457,33.2088,1.23,8.086,55.642,21.0226
26/07/2024 09:42:58.998,21.1459,33.2093,1.23,8.087,55.590,21.0211
26/07/2024 09:43:58.997,21.1471,33.2094,1.22,8.087,55.603,21.0219
26/07/2024 09:44:58.003,21.1492,33.2089,1.22,8.087,55.574,21.0236
26/07/2024 09:45:58.002,21.1508,33.2102,1.23,8.087,55.455,21.0238
26/07/2024 09:46:58.001,21.1515,33.2099,1.23,8.087,55.571,21.0250
26/07/2024 09:47:58.000,21.1525,33.2093,1.23,8.088,55.516,21.0254
26/07/2024 09:48:58.999,21.1539,33.2087,1.22,8.088,55.559,21.0252
26/07/2024 09:49:58.998,21.1544,33.2111,1.23,8.088,55.571,21.0247
26/07/2024 09:50:58.997,21.1548,33.2087,1.23,8.088,55.524,21.0241
26/07/2024 09:51:58.003,21.1542,33.2097,1.22,8.088,55.659,21.0252
26/07/2024 09:52:58.002,21.1542,33.2095,1.23,8.087,55.584,21.0247
26/07/2024 09:53:58.001,21.1539,33.2089,1.24,8.087,55.492,21.0258
26/07/2024 09:54:58.000,21.1526,33.2075,1.23,8.087,55.615,21.0256
26/07/2024 09:55:58.000,21.1512,33.2081,1.24,8.087,55.438,21.0260
26/07/2024 09:56:58.999,21.1503,33.2107,1.22,8.087,55.686,21.0266
26/07/2024 09:57:58.998,21.1480,33.2095,1.23,8.087,55.623,21.0258
26/07/2024 09:58:58.997,21.1471,33.2086,1.22,8.087,55.509,21.0265
26/07/2024 09:59:58.003,21.1456,33.2100,1.24,8.087,55.654,21.0263
26/07/2024 10:00:58.002,21.1432,33.2097,1.22,8.087,55.560,21.0266
26/07/2024 10:01:58.001,21.1413,33.2088,1.21,8.087,55.565,21.0270
26/07/2024 10:02:58.000,21.1402,33.2094,1.25,8.088,55.536,21.0267
26/07/2024 10:03:58.999,21.1396,33.2096,1.21,8.088,55.646,21.0282
26/07/2024 10:04:58.998,21.1382,33.2104,1.22,8.088,55.537,21.0275
26/07/2024 10:05:58.997,21.1368,33.2099,1.22,8.088,55.518,21.0281
26/07/2024 10:06:58.003,21.1378,33.2094,1.23,8.088,55.449,21.0274
26/07/2024 10:07:58.002,21.1369,33.2098,1.24,8.088,55.527,21.0267
26/07/2024 10:08:58.001,21.1356,33.2101,1.22,8.089,55.535,21.0277
26/07/2024 10:09:58.000,21.1357,33.2099,1.22,8.089,55.530,21.0279
26/07/2024 10:10:58.000,21.1352,33.2101,1.24,8.089,55.741,21.0270
26/07/2024 10:11:58.999,21.1347,33.2108,1.23,8.089,55.487,21.0277
26/07/2024 10:12:58.998,21.1356,33.2107,1.22,8.089,55.498,21.0283
26/07/2024 10:13:58.997,21.1347,33.2117,1.22,8.089,55.611,21.0277
26/07/2024 10:14:58.003,21.1342,33.2111,1.22,8.089,55.539,21.0281
26/07/2024 10:15:58.002,21.1349,33.2095,1.25,8.089,55.548,21.0289
26/07/2024 10:16:58.001,21.1344,33.2105,1.22,8.089,55.696,21.0282
26/07/2024 10:17:58.000,21.1341,33.2101,1.24,8.089,55.648,21.0280
26/07/2024 10:18:58.999,21.1334,33.2115,1.23,8.090,55.487,20.6871
26/07/2024 10:19:58.998,21.1329,33.2092,1.23,8.090,55.633,20.7750
26/07/2024 10:20:58.997,21.1318,33.2104,1.22,8.090,55.461,20.7241
26/07/2024 10:21:58.003,21.1329,33.2109,1.23,8.091,55.577,20.7072
26/07/2024 10:22:58.002,21.1325,33.2114,1.22,8.091,55.484,20.7133
26/07/2024 10:23:58.001,21.1335,33.2094,1.23,8.091,55.485,20.7070
26/07/2024 10:24:58.000,21.1324,33.2104,1.22,8.092,55.582,20.6888
26/07/2024 10:25:58.000,21.1323,33.2096,1.22,8.092,55.421,20.6964
26/07/2024 10:26:58.999,21.1307,33.2115,1.24,8.092,55.516,20.7012
26/07/2024 10:27:58.998,21.1316,33.2117,1.23,8.092,55.520,20.7158
26/07/2024 10:28:58.997,21.1312,33.2104,1.21,8.092,55.531,20.7117
26/07/2024 10:29:58.003,21.1308,33.2117,1.23,8.092,55.542,20.7458
26/07/2024 10:30:58.002,21.1311,33.2096,1.24,8.092,55.559,20.6830
26/07/2024 10:31:58.001,21.1305,33.2109,1.23,8.093,55.578,20.7134
26/07/2024 10:32:58.000,21.1292,33.2110,1.23,8.093,55.537,20.7134
26/07/2024 10:33:58.999,21.1289,33.2105,1.23,8.093,55.534,20.7351
26/07/2024 10:34:58.998,21.1284,33.2119,1.22,8.093,55.537,20.7367
26/07/2024 10:35:58.997,21.1298,33.2112,1.22,8.093,55.528,20.7345
26/07/2024 10:36:58.003,21.1295,33.2118,1.24,8.093,55.545,20.7399
26/07/2024 10:37:58.002,21.1301,33.2114,1.22,8.093,55.584,20.7228
26/07/2024 10:38:58.001,21.1295,33.2120,1.22,8.094,55.635,20.7372
26/07/2024 10:39:58.000,21.1292,33.2112,1.22,8.094,55.505,20.7359
26/07/2024 10:40:58.000,21.1289,33.2106,1.22,8.094,55.673,20.7479
26/07/2024 10:41:58.999,21.1285,33.2115,1.22,8.094,55.538,20.7561
26/07/2024 10:42:58.998,21.1285,33.2123,1.23,8.095,55.570,20.7542
26/07/2024 10:43:58.997,21.1282,33.2117,1.22,8.095,55.615,20.7523
26/07/2024 10:44:58.003,21.1283,33.2112,1.23,8.094,55.599,20.7592
26/07/2024 10:45:58.002,21.1284,33.2118,1.22,8.094,55.656,20.7602
26/07/2024 10:46:58.001,21.1286,33.2116,1.22,8.094,55.613,20.7723
26/07/2024 10:47:58.000,21.1289,33.2117,1.22,8.094,55.611,20.7651
26/07/2024 10:48:58.999,21.1283,33.2124,1.23,8.093,55.562,20.7586
26/07/2024 10:49:58.998,21.1285,33.2118,1.23,8.093,55.615,20.7674
26/07/2024 10:50:58.997,21.1278,33.2125,1.22,8.093,55.621,20.7604
26/07/2024 10:51:58.003,21.1289,33.2133,1.23,8.092,55.617,20.7710
26/07/2024 10:52:58.002,21.1279,33.2116,1.21,8.092,55.614,20.7542
26/07/2024 10:53:58.001,21.1281,33.2117,1.23,8.092,55.549,20.7508
26/07/2024 10:54:58.000,21.1287,33.2121,1.22,8.092,55.587,20.7559
26/07/2024 10:55:58.000,21.1288,33.2122,1.22,8.091,55.592,20.7485
26/07/2024 10:56:58.999,21.1277,33.2124,1.22,8.091,55.588,20.7345
26/07/2024 10:57:58.998,21.1279,33.2119,1.22,8.091,55.629,20.7363
26/07/2024 10:58:58.997,21.1279,33.2127,1.24,8.091,55.664,20.7429
26/07/2024 10:59:58.003,21.1280,33.2124,1.22,8.090,55.663,20.7457
26/07/2024 11:00:58.002,21.1287,33.2129,1.22,8.090,55.574,20.7470
26/07/2024 11:01:58.001,21.1282,33.2128,1.22,8.090,55.636,20.7497
26/07/2024 11:02:58.000,21.1286,33.2138,1.22,8.089,55.646,20.7426
26/07/2024 11:03:58.999,21.1285,33.2131,1.22,8.089,55.736,20.7600
26/07/2024 11:04:58.998,21.1288,33.2136,1.23,8.089,55.788,20.7777
26/07/2024 11:05:58.997,21.1282,33.2136,1.21,8.089,55.845,20.7862
26/07/2024 11:06:58.003,21.1293,33.2130,1.22,8.088,55.798,20.7609
26/07/2024 11:07:58.002,21.1297,33.2123,1.24,8.088,55.722,20.7640
26/07/2024 11:08:58.001,21.1295,33.2135,1.23,8.088,55.660,21.0263
26/07/2024 11:09:58.000,21.1290,33.2139,1.22,8.088,55.720,21.0258
26/07/2024 11:10:58.000,21.1288,33.2126,1.24,8.087,55.737,21.0264
26/07/2024 11:11:58.999,21.1277,33.2131,1.23,8.087,55.706,21.0271
26/07/2024 11:12:58.998,21.1283,33.2134,1.22,8.087,55.684,21.0266
26/07/2024 11:13:58.997,21.1286,33.2139,1.22,8.087,55.587,21.0270
26/07/2024 11:14:58.003,21.1293,33.2143,1.23,8.086,55.606,21.0269
26/07/2024 11:15:58.002,21.1296,33.2118,1.23,8.086,55.690,21.0265
26/07/2024 11:16:58.001,21.1287,33.2132,1.21,8.086,55.690,21.0266
26/07/2024 11:17:58.000,21.1283,33.2128,1.24,8.086,55.729,21.0282
26/07/2024 11:18:58.999,21.1277,33.2128,1.21,8.086,55.651,21.0291
26/07/2024 11:19:58.998,21.1273,33.2141,1.23,8.086,55.830,21.0282
26/07/2024 11:20:58.997,21.1283,33.2149,1.23,8.086,55.652,21.0286
26/07/2024 11:21:58.003,21.1277,33.2133,1.24,8.086,55.638,21.0284
26/07/2024 11:22:58.002,21.1277,33.2131,1.23,8.085,55.604,21.0285
26/07/2024 11:23:58.001,21.1272,33.2146,1.24,8.085,55.733,21.0290
26/07/2024 11:24:58.000,21.1288,33.2134,1.23,8.085,55.757,21.0300
26/07/2024 11:25:58.000,21.1288,33.2148,1.22,8.086,55.743,21.0298
26/07/2024 11:26:58.999,21.1291,33.2139,1.24,8.087,55.736,21.0293
26/07/2024 11:27:58.998,21.1294,33.2134,1.23,8.087,55.782,21.0284
26/07/2024 11:28:58.997,21.1291,33.2146,1.23,8.087,55.832,21.0288
26/07/2024 11:29:58.003,21.1295,33.2146,1.23,8.088,55.626,21.0290
26/07/2024 11:30:58.002,21.1292,33.2135,1.23,8.088,55.736,21.0292
26/07/2024 11:31:58.001,21.1306,33.2126,1.24,8.088,55.692,21.0296
26/07/2024 11:32:58.000,21.1297,33.2131,1.23,8.089,55.704,21.0287
26/07/2024 11:33:58.999,21.1281,33.2138,1.22,8.089,55.698,21.0290
26/07/2024 11:34:58.998,21.1288,33.2141,1.22,8.089,55.736,21.0293
26/07/2024 11:35:58.997,21.1266,33.2142,1.24,8.090,55.633,21.0291
26/07/2024 11:36:58.003,21.1276,33.2154,1.22,8.090,55.727,21.0293
26/07/2024 11:37:58.002,21.1278,33.2154,1.22,8.091,55.714,21.0294
26/07/2024 11:38:58.001,21.1280,33.2141,1.23,8.091,55.630,21.0292
26/07/2024 11:39:58.000,21.1278,33.2133,1.24,8.092,55.650,21.0291
26/07/2024 11:40:58.000,21.1275,33.2141,1.21,8.092,55.647,21.0292
26/07/2024 11:41:58.999,21.1275,33.2144,1.23,8.093,55.725,21.0290
26/07/2024 11:42:58.998,21.1280,33.2140,1.23,8.093,55.597,21.0292
26/07/2024 11:43:58.997,21.1284,33.2140,1.22,8.093,55.608,21.0263
26/07/2024 11:44:58.003,21.1282,33.2151,1.23,8.094,55.672,21.0295
26/07/2024 11:45:58.002,21.1285,33.2149,1.21,8.094,55.620,21.0287
26/07/2024 11:46:58.001,21.1280,33.2152,1.21,8.094,55.620,21.0288
26/07/2024 11:47:58.000,21.1273,33.2156,1.24,8.094,55.672,21.0298
26/07/2024 11:48:58.999,21.1284,33.2145,1.23,8.094,55.695,21.0293
26/07/2024 11:49:58.998,21.1284,33.2138,1.23,8.095,55.640,21.0291
26/07/2024 11:50:58.997,21.1290,33.2152,1.23,8.094,55.625,21.0294
26/07/2024 11:51:58.003,21.1276,33.2154,1.22,8.095,55.628,21.0293
26/07/2024 11:52:58.002,21.1278,33.2163,1.22,8.095,55.638,21.0296
26/07/2024 11:53:58.001,21.1286,33.2140,1.24,8.094,55.610,21.0294
26/07/2024 11:54:58.000,21.1279,33.2140,1.23,8.094,55.624,21.0298
26/07/2024 11:55:58.000,21.1280,33.2150,1.23,8.094,55.546,21.0300
26/07/2024 11:56:58.999,21.1281,33.2146,1.22,8.094,55.608,21.0299
26/07/2024 11:57:58.998,21.1285,33.2166,1.23,8.094,55.588,21.0298
26/07/2024 11:58:58.997,21.1287,33.2156,1.23,8.094,55.524,21.0297
26/07/2024 11:59:58.003,21.1301,33.2150,1.23,8.094,55.521,21.0294
26/07/2024 12:00:58.002,21.1290,33.2151,1.22,8.095,55.602,21.0299
26/07/2024 12:01:58.001,21.1292,33.2166,1.23,8.095,55.693,21.0286
26/07/2024 12:02:58.000,21.1305,33.2161,1.22,8.095,55.588,21.0296
26/07/2024 12:03:58.999,21.1304,33.2144,1.23,8.095,55.682,21.0298
26/07/2024 12:04:58.998,21.1299,33.2161,1.21,8.095,55.545,21.0303
26/07/2024 12:05:58.997,21.1304,33.2159,1.23,8.095,55.657,21.0294
26/07/2024 12:06:58.003,21.1299,33.2167,1.23,8.095,55.588,21.0302
26/07/2024 12:07:58.002,21.1292,33.2153,1.23,8.096,55.655,21.0297
26/07/2024 12:08:58.001,21.1284,33.2171,1.24,8.096,55.538,21.0290
26/07/2024 12:09:58.000,21.1301,33.2151,1.22,8.096,55.478,21.0299
26/07/2024 12:10:58.000,21.1283,33.2158,1.23,8.096,55.526,21.0292
26/07/2024 12:11:58.999,21.1287,33.2165,1.23,8.096,55.511,21.0296
26/07/2024 12:12:58.998,21.1298,33.2159,1.23,8.096,55.638,21.0298
26/07/2024 12:13:58.997,21.1295,33.2165,1.23,8.097,55.591,21.0298
26/07/2024 12:14:58.003,21.1293,33.2161,1.23,8.097,55.500,21.0299
26/07/2024 12:15:58.002,21.1298,33.2159,1.22,8.097,55.560,21.0298
26/07/2024 12:16:58.001,21.1295,33.2157,1.23,8.097,55.617,21.0299
26/07/2024 12:17:58.000,21.1282,33.2174,1.23,8.097,55.542,21.0296
26/07/2024 12:18:58.999,21.1279,33.2167,1.22,8.097,55.515,21.0296
26/07/2024 12:19:58.998,21.1289,33.2151,1.24,8.097,55.592,21.0300
26/07/2024 12:20:58.997,21.1301,33.2171,1.24,8.097,55.578,21.0295
26/07/2024 12:21:58.003,21.1306,33.2169,1.23,8.097,55.679,21.0295
26/07/2024 12:22:58.002,21.1322,33.2164,1.23,8.097,55.627,21.0296
26/07/2024 12:23:58.001,21.1327,33.2155,1.23,8.098,55.653,21.0296
26/07/2024 12:24:58.000,21.1326,33.2160,1.23,8.097,55.546,21.0295
26/07/2024 12:25:58.000,21.1329,33.2167,1.22,8.097,55.552,21.0305
26/07/2024 12:26:58.999,21.1340,33.2173,1.24,8.098,55.557,21.0299
26/07/2024 12:27:58.998,21.1357,33.2169,1.23,8.098,55.489,21.0303
26/07/2024 12:28:58.997,21.1365,33.2184,1.23,8.098,55.589,21.0305
26/07/2024 12:29:58.003,21.1374,33.2175,1.24,8.098,55.587,21.0307
26/07/2024 12:30:58.002,21.1394,33.2166,1.22,8.098,55.675,21.0305
26/07/2024 12:31:58.001,21.1408,33.2166,1.23,8.098,55.693,21.0310
26/07/2024 12:32:58.000,21.1415,33.2175,1.23,8.098,55.597,21.0308
26/07/2024 12:33:58.999,21.1432,33.2172,1.21,8.098,55.617,21.0297
26/07/2024 12:34:58.998,21.1442,33.2152,1.22,8.098,55.782,21.0304
26/07/2024 12:35:58.997,21.1441,33.2161,1.20,8.099,55.646,21.0303
26/07/2024 12:36:58.003,21.1444,33.2176,1.21,8.099,55.737,21.0310
26/07/2024 12:37:58.002,21.1461,33.2173,1.24,8.099,55.654,21.0310
26/07/2024 12:38:58.001,21.1468,33.2165,1.22,8.099,55.696,21.0317
26/07/2024 12:39:58.000,21.1478,33.2172,1.22,8.099,55.720,21.0313
26/07/2024 12:40:58.000,21.1490,33.2166,1.22,8.099,55.766,21.0314
26/07/2024 12:41:58.999,21.1496,33.2173,1.22,8.099,55.620,21.0315
26/07/2024 12:42:58.998,21.1517,33.2175,1.23,8.099,55.535,21.0319
26/07/2024 12:43:58.997,21.1526,33.2165,1.23,8.099,55.632,21.0317
26/07/2024 12:44:58.003,21.1526,33.2179,1.21,8.099,55.745,21.0314
26/07/2024 12:45:58.002,21.1536,33.2167,1.23,8.099,55.656,21.0320
26/07/2024 12:46:58.001,21.1545,33.2166,1.23,8.099,55.659,21.0332
26/07/2024 12:47:58.000,21.1546,33.2170,1.24,8.098,55.681,21.0320
26/07/2024 12:48:58.999,21.1557,33.2169,1.23,8.098,55.579,21.0330
26/07/2024 12:49:58.998,21.1566,33.2166,1.22,8.097,55.704,21.0324
26/07/2024 12:50:58.997,21.1564,33.2179,1.24,8.097,55.697,21.0323
26/07/2024 12:51:58.003,21.1568,33.2167,1.22,8.096,55.642,21.0327
26/07/2024 12:52:58.002,21.1567,33.2162,1.23,8.096,55.731,21.0333
26/07/2024 12:53:58.001,21.1572,33.2172,1.21,8.096,55.542,21.0324
26/07/2024 12:54:58.000,21.1577,33.2179,1.22,8.096,55.601,21.0337
26/07/2024 12:55:58.000,21.1582,33.2178,1.24,8.095,55.654,21.0331
26/07/2024 12:56:58.999,21.1589,33.2166,1.21,8.095,55.517,21.0336
26/07/2024 12:57:58.998,21.1595,33.2173,1.24,8.095,55.595,21.0329
26/07/2024 12:58:58.997,21.1606,33.2180,1.22,8.095,55.744,21.0342
26/07/2024 12:59:58.003,21.1610,33.2173,1.24,8.095,55.556,21.0343
26/07/2024 13:00:58.002,21.1621,33.2169,1.21,8.095,55.558,21.0334
26/07/2024 13:01:58.001,21.1628,33.2174,1.23,8.095,55.543,21.0346
26/07/2024 13:02:58.000,21.1628,33.2170,1.25,8.094,55.530,21.0344
26/07/2024 13:03:58.999,21.1635,33.2166,1.23,8.094,55.574,21.0349
26/07/2024 13:04:58.998,21.1642,33.2180,1.22,8.094,55.706,21.0354
26/07/2024 13:05:58.997,21.1650,33.2185,1.23,8.094,55.580,21.0343
26/07/2024 13:06:58.003,21.1660,33.2165,1.22,8.094,55.499,21.0354
26/07/2024 13:07:58.002,21.1660,33.2186,1.24,8.094,55.615,21.0355
26/07/2024 13:08:58.001,21.1669,33.2179,1.22,8.094,55.631,21.0354
26/07/2024 13:09:58.000,21.1664,33.2187,1.22,8.094,55.626,21.0356
26/07/2024 13:10:58.000,21.1680,33.2167,1.23,8.094,55.567,21.0355
26/07/2024 13:11:58.999,21.1687,33.2167,1.23,8.094,55.613,21.0359
26/07/2024 13:12:58.998,21.1679,33.2171,1.22,8.094,55.757,21.0362
26/07/2024 13:13:58.997,21.1681,33.2177,1.23,8.094,55.638,21.0363
26/07/2024 13:14:58.003,21.1695,33.2186,1.22,8.093,55.658,21.0366
26/07/2024 13:15:58.002,21.1707,33.2173,1.23,8.093,55.697,21.0365
26/07/2024 13:16:58.001,21.1706,33.2178,1.21,8.093,55.502,21.0367
26/07/2024 13:17:58.000,21.1707,33.2179,1.23,8.093,55.720,21.0357
26/07/2024 13:18:58.999,21.1713,33.2175,1.24,8.093,55.667,21.0366
26/07/2024 13:19:58.998,21.1722,33.2176,1.24,8.093,55.517,21.0376
26/07/2024 13:20:58.997,21.1727,33.2168,1.24,8.093,55.559,21.0374
26/07/2024 13:21:58.003,21.1732,33.2180,1.23,8.093,55.546,21.0378
26/07/2024 13:22:58.002,21.1737,33.2185,1.22,8.093,55.519,21.0378
26/07/2024 13:23:58.001,21.1747,33.2190,1.24,8.093,55.528,21.0380
26/07/2024 13:24:58.000,21.1755,33.2179,1.22,8.093,55.477,21.0379
26/07/2024 13:25:58.000,21.1760,33.2177,1.23,8.094,55.545,21.0379
26/07/2024 13:26:58.999,21.1774,33.2175,1.22,8.094,55.500,21.0385
26/07/2024 13:27:58.998,21.1773,33.2179,1.23,8.094,55.508,21.0388
26/07/2024 13:28:58.997,21.1780,33.2169,1.23,8.093,55.553,21.0387
26/07/2024 13:29:58.003,21.1784,33.2180,1.23,8.096,55.598,21.0392
26/07/2024 13:30:58.002,21.1790,33.2172,1.23,8.095,55.602,21.0393
26/07/2024 13:31:58.001,21.1799,33.2183,1.24,8.094,55.529,21.0398
26/07/2024 13:32:58.000,21.1812,33.2177,1.24,8.093,55.555,21.0402
26/07/2024 13:33:58.999,21.1810,33.2186,1.23,8.092,55.634,21.0402
26/07/2024 13:34:58.998,21.1808,33.2171,1.24,8.092,55.508,21.0393
26/07/2024 13:35:58.997,21.1807,33.2186,1.23,8.092,55.556,21.0407
26/07/2024 13:36:58.003,21.1817,33.2183,1.22,8.091,55.539,21.0413
26/07/2024 13:37:58.002,21.1826,33.2180,1.24,8.091,55.573,21.0412
26/07/2024 13:38:58.001,21.1836,33.2184,1.23,8.090,55.583,21.0411
26/07/2024 13:39:58.000,21.1848,33.2174,1.24,8.090,55.560,21.0413
26/07/2024 13:40:58.000,21.1853,33.2176,1.24,8.090,55.649,21.0413
26/07/2024 13:41:58.999,21.1845,33.2188,1.24,8.089,55.571,21.0411
26/07/2024 13:42:58.998,21.1845,33.2173,1.23,8.089,55.597,21.0420
26/07/2024 13:43:58.997,21.1849,33.2191,1.24,8.089,55.716,21.0412
26/07/2024 13:44:58.003,21.1850,33.2193,1.23,8.089,55.474,21.0418
26/07/2024 13:45:58.002,21.1858,33.2190,1.22,8.089,55.533,21.0424
26/07/2024 13:46:58.001,21.1867,33.2183,1.23,8.088,55.551,21.0428
26/07/2024 13:47:58.000,21.1867,33.2173,1.22,8.088,55.586,21.0420
26/07/2024 13:48:58.999,21.1870,33.2184,1.22,8.088,55.386,21.0429
26/07/2024 13:49:58.998,21.1870,33.2193,1.23,8.088,55.481,21.0429
26/07/2024 13:50:58.997,21.1872,33.2198,1.23,8.087,55.698,21.0415
26/07/2024 13:51:58.003,21.1892,33.2181,1.24,8.087,55.655,21.0437
26/07/2024 13:52:58.002,21.1889,33.2190,1.24,8.087,55.606,21.0437
26/07/2024 13:53:58.001,21.1896,33.2189,1.23,8.087,55.664,21.0442
26/07/2024 13:54:58.000,21.1887,33.2203,1.24,8.086,55.625,21.0440
26/07/2024 13:55:58.000,21.1890,33.2192,1.22,8.086,55.506,21.0445
26/07/2024 13:56:58.999,21.1893,33.2183,1.22,8.086,55.459,21.0449
26/07/2024 13:57:58.998,21.1896,33.2195,1.23,8.086,55.538,21.0443
26/07/2024 13:58:58.997,21.1896,33.2190,1.23,8.086,55.569,21.0450
26/07/2024 13:59:58.003,21.1905,33.2180,1.23,8.085,55.478,21.0446
26/07/2024 14:00:58.002,21.1897,33.2188,1.24,8.085,55.426,21.0454
26/07/2024 14:01:58.001,21.1898,33.2196,1.23,8.085,55.623,21.0454
26/07/2024 14:02:58.000,21.1912,33.2186,1.24,8.085,55.546,21.0454
26/07/2024 14:03:58.999,21.1922,33.2182,1.23,8.085,55.467,21.0441
26/07/2024 14:04:58.998,21.1919,33.2192,1.23,8.084,55.556,21.0458
26/07/2024 14:05:58.997,21.1921,33.2189,1.23,8.084,55.708,21.0468
26/07/2024 14:06:58.003,21.1926,33.2190,1.23,8.084,55.619,21.0457
26/07/2024 14:07:58.002,21.1934,33.2182,1.23,8.084,55.522,21.0454
26/07/2024 14:08:58.001,21.1937,33.2184,1.24,8.083,55.575,21.0452
26/07/2024 14:09:58.000,21.1934,33.2193,1.24,8.083,55.521,21.0455
26/07/2024 14:10:58.000,21.1943,33.2201,1.23,8.083,55.620,21.0462
26/07/2024 14:11:58.999,21.1908,33.2087,1.19,8.083,55.765,21.0474
26/07/2024 14:12:58.998,21.1858,33.2291,1.19,8.083,55.806,21.0481
26/07/2024 14:13:58.997,21.1575,33.2160,1.19,8.083,55.619,21.0465
26/07/2024 14:14:58.003,21.1726,33.2249,1.19,8.083,55.522,21.0461
26/07/2024 14:15:58.002,21.1881,33.2222,1.19,8.083,55.632,21.0450
26/07/2024 14:16:58.001,21.1941,33.2205,1.19,8.083,55.555,21.0476
26/07/2024 14:17:58.000,21.1959,33.2210,1.20,8.083,55.541,21.0485
