Cruise namePNNL Tank
cast nameCast 188
cruise start date15/08/2023
cruise end date15/08/2023
23/07/2024 15:08:03.000,21.6441,33.0018,1.25,8.048,55.139,21.4436
23/07/2024 15:09:03.000,21.6462,33.0036,1.22,8.069,55.234,21.4431
23/07/2024 15:10:03.000,21.6492,33.0019,1.20,8.079,55.133,21.4411
23/07/2024 15:11:03.000,21.6527,33.0006,1.19,8.085,55.160,21.4439
23/07/2024 15:12:03.000,21.6537,33.0011,1.18,8.093,55.156,21.4440
23/07/2024 15:13:03.000,21.6559,33.0020,1.19,8.094,54.999,21.4444
23/07/2024 15:14:03.000,21.6575,33.0030,1.19,8.095,55.117,21.4452
23/07/2024 15:15:03.000,21.6600,33.0012,1.18,8.096,55.112,21.4461
23/07/2024 15:16:03.000,21.6604,33.0012,1.18,8.097,55.106,21.4456
23/07/2024 15:17:03.000,21.6600,33.0025,1.17,8.098,55.093,21.4442
23/07/2024 15:18:03.000,21.6622,33.0017,1.18,8.099,55.069,21.4482
23/07/2024 15:19:03.000,21.6630,33.0019,1.17,8.100,55.185,21.4504
23/07/2024 15:20:03.000,21.6647,33.0010,1.16,8.100,55.093,21.4510
23/07/2024 15:21:03.000,21.6658,33.0010,1.17,8.100,55.069,21.4514
23/07/2024 15:22:03.000,21.6660,33.0022,1.17,8.101,55.202,21.4504
23/07/2024 15:23:03.000,21.6679,33.0013,1.17,8.101,55.121,21.4528
23/07/2024 15:24:03.000,21.6702,33.0011,1.16,8.101,55.101,21.4530
23/07/2024 15:25:03.000,21.6710,33.0034,1.17,8.101,55.056,21.4533
23/07/2024 15:26:03.000,21.6715,33.0017,1.16,8.102,55.128,21.4534
23/07/2024 15:27:03.000,21.6738,33.0002,1.17,8.102,55.078,21.4533
23/07/2024 15:28:03.000,21.6734,33.0031,1.16,8.102,55.214,21.4535
23/07/2024 15:29:03.000,21.6736,33.0014,1.16,8.102,55.055,21.4560
23/07/2024 15:30:03.000,21.6737,33.0027,1.17,8.102,55.121,21.4550
23/07/2024 15:31:03.000,21.6724,33.0025,1.16,8.103,55.105,21.4559
23/07/2024 15:32:03.000,21.6721,33.0014,1.16,8.103,55.213,21.4569
23/07/2024 15:33:03.000,21.6713,33.0013,1.16,8.103,55.089,21.4578
23/07/2024 15:34:03.000,21.6700,33.0021,1.16,8.103,55.087,21.4574
23/07/2024 15:35:03.000,21.6711,33.0026,1.16,8.103,55.181,21.4582
23/07/2024 15:36:03.000,21.6698,33.0013,1.17,8.103,55.146,21.4586
23/07/2024 15:37:03.000,21.6687,33.0020,1.16,8.103,55.105,21.4563
23/07/2024 15:38:03.000,21.6680,33.0017,1.16,8.103,55.033,21.4575
23/07/2024 15:39:03.000,21.6690,33.0027,1.17,8.103,55.215,21.4585
23/07/2024 15:40:03.000,21.6675,33.0031,1.17,8.103,55.117,21.4601
23/07/2024 15:41:03.000,21.6674,33.0032,1.16,8.104,54.997,21.4609
23/07/2024 15:42:03.000,21.6669,33.0020,1.16,8.103,55.190,21.4607
23/07/2024 15:43:03.000,21.6673,33.0021,1.16,8.103,55.067,21.4606
23/07/2024 15:44:03.000,21.6690,33.0016,1.17,8.103,55.079,21.4614
23/07/2024 15:45:03.000,21.6677,33.0021,1.15,8.103,55.006,21.4611
23/07/2024 15:46:03.000,21.6671,33.0025,1.16,8.104,55.154,21.4603
23/07/2024 15:47:03.000,21.6678,33.0027,1.16,8.103,55.140,21.4607
23/07/2024 15:48:03.000,21.6680,33.0021,1.15,8.103,55.000,21.4625
23/07/2024 15:49:03.000,21.6675,33.0026,1.15,8.103,55.104,21.4631
23/07/2024 15:50:03.000,21.6680,33.0016,1.17,8.103,55.251,21.4635
23/07/2024 15:51:03.000,21.6682,33.0023,1.16,8.103,55.102,21.4632
23/07/2024 15:52:03.000,21.6674,33.0022,1.17,8.104,55.159,21.4637
23/07/2024 15:53:03.000,21.6662,33.0021,1.17,8.104,55.133,21.4637
23/07/2024 15:54:03.000,21.6669,33.0018,1.18,8.104,55.069,21.4641
23/07/2024 15:55:03.000,21.6658,33.0016,1.16,8.103,55.138,21.4647
23/07/2024 15:56:03.000,21.6643,33.0027,1.16,8.103,55.117,21.4650
23/07/2024 15:57:03.000,21.6644,33.0019,1.16,8.103,55.284,21.4656
23/07/2024 15:58:03.000,21.6646,33.0032,1.17,8.104,55.099,21.4644
23/07/2024 15:59:03.000,21.6648,33.0024,1.17,8.104,55.105,21.4649
23/07/2024 16:00:03.000,21.6657,33.0037,1.16,8.103,55.111,21.4657
23/07/2024 16:01:03.000,21.6643,33.0031,1.16,8.104,55.280,21.4666
23/07/2024 16:02:03.000,21.6650,33.0027,1.16,8.104,55.013,21.4669
23/07/2024 16:03:03.000,21.6644,33.0026,1.16,8.104,55.059,21.4667
23/07/2024 16:04:03.000,21.6634,33.0030,1.15,8.103,55.195,21.4656
23/07/2024 16:05:03.000,21.6626,33.0030,1.16,8.104,55.014,21.4661
23/07/2024 16:06:03.000,21.6632,33.0026,1.16,8.103,55.036,21.4676
23/07/2024 16:07:03.000,21.6632,33.0030,1.15,8.103,55.041,21.4682
23/07/2024 16:08:03.000,21.6633,33.0034,1.16,8.103,55.047,21.4684
23/07/2024 16:09:03.000,21.6630,33.0035,1.17,8.103,55.111,21.4675
23/07/2024 16:10:03.000,21.6628,33.0039,1.16,8.103,55.156,21.4690
23/07/2024 16:11:03.000,21.6625,33.0031,1.17,8.103,55.091,21.4687
23/07/2024 16:12:03.000,21.6614,33.0041,1.15,8.103,55.207,21.4692
23/07/2024 16:13:03.000,21.6612,33.0053,1.16,8.103,55.165,21.4683
23/07/2024 16:14:03.000,21.6613,33.0043,1.15,8.103,55.200,21.4676
23/07/2024 16:15:03.000,21.6619,33.0029,1.16,8.103,55.076,21.4679
23/07/2024 16:16:03.000,21.6612,33.0034,1.17,8.103,55.139,21.4684
23/07/2024 16:17:03.000,21.6613,33.0042,1.17,8.103,55.053,21.4691
23/07/2024 16:18:03.000,21.6610,33.0033,1.16,8.104,55.170,21.4705
23/07/2024 16:19:03.000,21.6605,33.0045,1.17,8.104,55.107,21.4707
23/07/2024 16:20:03.000,21.6605,33.0037,1.16,8.104,55.100,21.4699
23/07/2024 16:21:03.000,21.6607,33.0039,1.17,8.105,55.146,21.4705
23/07/2024 16:22:03.000,21.6589,33.0050,1.16,8.105,55.077,21.4703
23/07/2024 16:23:03.000,21.6598,33.0039,1.15,8.105,55.100,21.4696
23/07/2024 16:24:03.000,21.6600,33.0044,1.17,8.105,55.142,21.4713
23/07/2024 16:25:03.000,21.6592,33.0043,1.16,8.106,55.134,21.4715
23/07/2024 16:26:03.000,21.6581,33.0047,1.17,8.106,55.124,21.4719
23/07/2024 16:27:03.000,21.6577,33.0048,1.16,8.107,55.114,21.4717
23/07/2024 16:28:03.000,21.6578,33.0041,1.16,8.107,55.254,21.4718
23/07/2024 16:29:03.000,21.6569,33.0048,1.17,8.107,55.162,21.4721
23/07/2024 16:30:03.000,21.6569,33.0047,1.16,8.108,55.205,21.4721
23/07/2024 16:31:03.000,21.6556,33.0035,1.16,8.108,55.134,21.4717
23/07/2024 16:32:03.000,21.6551,33.0043,1.16,8.108,55.105,21.4708
23/07/2024 16:33:03.000,21.6545,33.0057,1.17,8.109,55.178,21.4701
23/07/2024 16:34:03.000,21.6546,33.0041,1.16,8.109,55.192,21.4711
23/07/2024 16:35:03.000,21.6553,33.0054,1.16,8.109,55.114,21.4726
23/07/2024 16:36:03.000,21.6555,33.0054,1.16,8.109,55.187,21.4712
23/07/2024 16:37:03.000,21.6548,33.0039,1.16,8.110,55.154,21.4724
23/07/2024 16:38:03.000,21.6562,33.0050,1.16,8.110,55.135,21.4722
23/07/2024 16:39:03.000,21.6562,33.0053,1.16,8.110,55.130,21.4722
23/07/2024 16:40:03.000,21.6556,33.0050,1.18,8.110,55.037,21.4723
23/07/2024 16:41:03.000,21.6547,33.0053,1.17,8.110,55.029,21.4728
23/07/2024 16:42:03.000,21.6548,33.0050,1.16,8.110,55.064,21.4724
23/07/2024 16:43:03.000,21.6540,33.0069,1.16,8.111,55.107,21.4728
23/07/2024 16:44:03.000,21.6540,33.0057,1.16,8.111,55.175,21.4733
23/07/2024 16:45:03.000,21.6550,33.0063,1.16,8.110,55.079,21.4736
23/07/2024 16:46:03.000,21.6566,33.0053,1.16,8.111,55.076,21.4730
23/07/2024 16:47:03.000,21.6571,33.0068,1.16,8.110,55.129,21.4739
23/07/2024 16:48:03.000,21.6592,33.0070,1.16,8.110,55.094,21.4742
23/07/2024 16:49:03.000,21.6618,33.0078,1.16,8.110,55.151,21.4734
23/07/2024 16:50:03.000,21.6632,33.0064,1.17,8.110,55.187,21.4736
23/07/2024 16:51:03.000,21.6644,33.0060,1.16,8.110,55.184,21.4732
23/07/2024 16:52:03.000,21.6647,33.0063,1.16,8.110,55.084,21.4736
23/07/2024 16:53:03.000,21.6647,33.0062,1.18,8.110,55.096,21.4730
23/07/2024 16:54:03.000,21.6657,33.0066,1.16,8.110,55.062,21.4739
23/07/2024 16:55:03.000,21.6663,33.0067,1.16,8.110,55.124,21.4744
23/07/2024 16:56:03.000,21.6662,33.0069,1.16,8.110,55.101,21.4749
23/07/2024 16:57:03.000,21.6664,33.0069,1.16,8.110,54.949,21.4754
23/07/2024 16:58:03.000,21.6662,33.0072,1.16,8.110,55.001,21.4760
23/07/2024 16:59:03.000,21.6671,33.0065,1.16,8.110,55.103,21.4764
23/07/2024 17:00:03.000,21.6668,33.0063,1.17,8.110,55.083,21.4762
23/07/2024 17:01:03.000,21.6662,33.0072,1.17,8.109,55.168,21.4759
23/07/2024 17:02:03.000,21.6652,33.0063,1.17,8.109,55.098,21.4759
23/07/2024 17:03:03.000,21.6642,33.0052,1.17,8.109,55.233,21.4762
23/07/2024 17:04:03.000,21.6631,33.0058,1.15,8.109,55.110,21.4771
23/07/2024 17:05:03.000,21.6625,33.0064,1.16,8.109,55.094,21.4773
23/07/2024 17:06:03.000,21.6614,33.0066,1.17,8.108,55.109,21.4772
23/07/2024 17:07:03.000,21.6605,33.0055,1.17,8.108,55.177,21.4766
23/07/2024 17:08:03.000,21.6589,33.0063,1.16,8.108,55.047,21.4763
23/07/2024 17:09:03.000,21.6587,33.0070,1.16,8.108,55.164,21.4754
23/07/2024 17:10:03.000,21.6578,33.0063,1.17,8.108,55.031,21.4751
23/07/2024 17:11:03.000,21.6571,33.0065,1.17,8.107,55.250,21.4743
23/07/2024 17:12:03.000,21.6558,33.0075,1.16,8.107,55.104,21.4750
23/07/2024 17:13:03.000,21.6543,33.0072,1.16,8.107,55.125,21.4759
23/07/2024 17:14:03.000,21.6534,33.0074,1.16,8.107,55.137,21.4765
23/07/2024 17:15:03.000,21.6537,33.0077,1.16,8.107,55.175,21.4773
23/07/2024 17:16:03.000,21.6535,33.0076,1.17,8.106,55.205,21.4768
23/07/2024 17:17:03.000,21.6534,33.0087,1.16,8.106,55.070,21.4784
23/07/2024 17:18:03.000,21.6541,33.0078,1.16,8.106,55.149,21.4784
23/07/2024 17:19:03.000,21.6549,33.0078,1.16,8.106,55.031,21.4785
23/07/2024 17:20:03.000,21.6562,33.0085,1.16,8.106,55.245,21.4782
23/07/2024 17:21:03.000,21.6588,33.0077,1.15,8.105,55.152,21.4789
23/07/2024 17:22:03.000,21.6611,33.0067,1.16,8.105,55.065,21.4788
23/07/2024 17:23:03.000,21.6617,33.0077,1.16,8.106,55.063,21.4792
23/07/2024 17:24:03.000,21.6630,33.0086,1.16,8.106,55.136,21.4792
23/07/2024 17:25:03.000,21.6635,33.0084,1.16,8.105,55.208,21.4794
23/07/2024 17:26:03.000,21.6646,33.0084,1.17,8.105,55.033,21.4799
23/07/2024 17:27:03.000,21.6665,33.0077,1.16,8.105,55.083,21.4797
23/07/2024 17:28:03.000,21.6668,33.0100,1.16,8.105,55.141,21.4782
23/07/2024 17:29:03.000,21.6675,33.0082,1.16,8.106,55.142,21.4782
23/07/2024 17:30:03.000,21.6680,33.0077,1.16,8.106,55.143,21.4808
23/07/2024 17:31:03.000,21.6670,33.0089,1.16,8.106,55.103,21.4801
23/07/2024 17:32:03.000,21.6674,33.0088,1.17,8.107,55.081,21.4809
23/07/2024 17:33:03.000,21.6672,33.0086,1.16,8.107,55.150,21.4817
23/07/2024 17:34:03.000,21.6677,33.0093,1.17,8.107,55.185,21.4816
23/07/2024 17:35:03.000,21.6672,33.0089,1.16,8.108,55.105,21.4823
23/07/2024 17:36:03.000,21.6659,33.0074,1.16,8.108,55.049,21.4816
23/07/2024 17:37:03.000,21.6637,33.0088,1.17,8.108,55.155,21.4810
23/07/2024 17:38:03.000,21.6621,33.0072,1.17,8.109,55.145,21.4795
23/07/2024 17:39:03.000,21.6603,33.0080,1.16,8.109,55.016,21.4799
23/07/2024 17:40:03.000,21.6590,33.0091,1.16,8.109,55.172,21.4817
23/07/2024 17:41:03.000,21.6581,33.0083,1.16,8.109,55.095,21.4818
23/07/2024 17:42:03.000,21.6576,33.0104,1.16,8.109,55.221,21.4820
23/07/2024 17:43:03.000,21.6564,33.0095,1.15,8.108,55.105,21.4820
23/07/2024 17:44:03.000,21.6557,33.0093,1.16,8.108,55.074,21.4835
23/07/2024 17:45:03.000,21.6552,33.0092,1.16,8.108,55.110,21.4830
23/07/2024 17:46:03.000,21.6535,33.0096,1.16,8.107,55.119,21.4830
23/07/2024 17:47:03.000,21.6522,33.0089,1.16,8.107,55.237,21.4830
23/07/2024 17:48:03.000,21.6526,33.0090,1.16,8.106,55.203,21.4830
23/07/2024 17:49:03.000,21.6523,33.0102,1.16,8.106,55.218,21.4820
23/07/2024 17:50:03.000,21.6518,33.0084,1.16,8.106,55.157,21.4819
23/07/2024 17:51:03.000,21.6518,33.0088,1.17,8.106,55.101,21.4831
23/07/2024 17:52:03.000,21.6508,33.0098,1.16,8.106,55.239,21.4834
23/07/2024 17:53:03.000,21.6513,33.0088,1.16,8.105,55.118,21.4829
23/07/2024 17:54:03.000,21.6487,33.0115,1.16,8.105,55.209,21.4831
23/07/2024 17:55:03.000,21.6490,33.0097,1.16,8.105,55.133,21.4825
23/07/2024 17:56:03.000,21.6487,33.0098,1.17,8.105,55.197,21.4838
23/07/2024 17:57:03.000,21.6477,33.0101,1.16,8.104,55.141,21.4838
23/07/2024 17:58:03.000,21.6477,33.0097,1.16,8.104,55.160,21.4822
23/07/2024 17:59:03.000,21.6483,33.0106,1.17,8.104,55.119,21.4833
23/07/2024 18:00:03.000,21.6485,33.0100,1.17,8.105,55.059,21.4833
23/07/2024 18:01:03.000,21.6506,33.0106,1.16,8.104,55.144,21.4831
23/07/2024 18:02:03.000,21.6513,33.0108,1.16,8.104,55.295,21.4839
23/07/2024 18:03:03.000,21.6537,33.0102,1.16,8.104,55.121,21.4834
23/07/2024 18:04:03.000,21.6549,33.0109,1.16,8.104,55.200,21.4831
23/07/2024 18:05:03.000,21.6571,33.0105,1.17,8.104,55.097,21.4843
23/07/2024 18:06:03.000,21.6573,33.0113,1.16,8.104,55.221,21.4829
23/07/2024 18:07:03.000,21.6586,33.0110,1.16,8.104,55.157,21.4847
23/07/2024 18:08:03.000,21.6588,33.0112,1.17,8.104,55.213,21.4842
23/07/2024 18:09:03.000,21.6592,33.0115,1.17,8.104,55.052,21.4842
23/07/2024 18:10:03.000,21.6605,33.0112,1.17,8.104,55.101,21.4842
23/07/2024 18:11:03.000,21.6610,33.0115,1.16,8.103,55.225,21.4852
23/07/2024 18:12:03.000,21.6614,33.0110,1.17,8.103,55.113,21.4852
23/07/2024 18:13:03.000,21.6614,33.0099,1.15,8.103,55.154,21.4852
23/07/2024 18:14:03.000,21.6610,33.0106,1.16,8.103,55.148,21.4858
23/07/2024 18:15:03.000,21.6601,33.0125,1.16,8.103,55.162,21.4841
23/07/2024 18:16:03.000,21.6617,33.0113,1.16,8.103,55.046,21.4856
23/07/2024 18:17:03.000,21.6624,33.0115,1.16,8.103,55.146,21.4861
23/07/2024 18:18:03.000,21.6623,33.0122,1.16,8.103,55.083,21.4859
23/07/2024 18:19:03.000,21.6627,33.0113,1.15,8.103,55.190,21.4851
23/07/2024 18:20:03.000,21.6616,33.0119,1.16,8.103,55.225,21.4865
23/07/2024 18:21:03.000,21.6623,33.0111,1.16,8.103,55.276,21.4869
23/07/2024 18:22:03.000,21.6631,33.0115,1.17,8.103,55.115,21.4859
23/07/2024 18:23:03.000,21.6631,33.0124,1.16,8.103,55.198,21.4874
23/07/2024 18:24:03.000,21.6635,33.0125,1.16,8.103,55.153,21.4868
23/07/2024 18:25:03.000,21.6629,33.0118,1.16,8.103,55.199,21.4870
23/07/2024 18:26:03.000,21.6625,33.0117,1.16,8.103,55.183,21.4852
23/07/2024 18:27:03.000,21.6628,33.0132,1.16,8.103,55.054,21.4857
23/07/2024 18:28:03.000,21.6640,33.0122,1.16,8.103,55.010,21.4873
23/07/2024 18:29:03.000,21.6643,33.0119,1.15,8.104,55.126,21.4877
23/07/2024 18:30:03.000,21.6638,33.0125,1.16,8.104,55.086,21.4868
23/07/2024 18:31:03.000,21.6647,33.0123,1.16,8.104,55.178,21.4869
23/07/2024 18:32:03.000,21.6644,33.0122,1.16,8.104,55.120,21.4875
23/07/2024 18:33:03.000,21.6646,33.0146,1.16,8.104,55.103,21.4881
23/07/2024 18:34:03.000,21.6665,33.0116,1.16,8.104,55.281,21.4860
23/07/2024 18:35:03.000,21.6655,33.0122,1.16,8.104,55.232,21.4886
23/07/2024 18:36:03.000,21.6651,33.0121,1.15,8.104,55.196,21.4883
23/07/2024 18:37:03.000,21.6655,33.0116,1.16,8.104,55.208,21.4878
23/07/2024 18:38:03.000,21.6651,33.0117,1.15,8.104,55.114,21.4873
23/07/2024 18:39:03.000,21.6641,33.0121,1.16,8.105,55.102,21.4880
23/07/2024 18:40:03.000,21.6641,33.0128,1.16,8.104,55.014,21.4887
23/07/2024 18:41:03.000,21.6643,33.0127,1.16,8.104,55.121,21.4892
23/07/2024 18:42:03.000,21.6633,33.0136,1.16,8.104,55.259,21.4883
23/07/2024 18:43:03.000,21.6629,33.0132,1.16,8.104,55.145,21.4881
23/07/2024 18:44:03.000,21.6607,33.0113,1.16,8.104,55.172,21.4889
23/07/2024 18:45:03.000,21.6577,33.0113,1.16,8.104,55.047,21.4885
23/07/2024 18:46:03.000,21.6543,33.0121,1.16,8.104,55.141,21.4869
23/07/2024 18:47:03.000,21.6535,33.0125,1.16,8.106,55.143,21.4888
23/07/2024 18:48:03.000,21.6512,33.0123,1.17,8.105,55.095,21.4889
23/07/2024 18:49:03.000,21.6492,33.0128,1.17,8.105,55.094,21.4883
23/07/2024 18:50:03.000,21.6476,33.0137,1.16,8.105,55.146,21.4879
23/07/2024 18:51:03.000,21.6463,33.0128,1.16,8.105,55.097,21.4890
23/07/2024 18:52:03.000,21.6444,33.0136,1.17,8.104,55.105,21.4891
23/07/2024 18:53:03.000,21.6439,33.0131,1.16,8.104,55.027,21.4866
23/07/2024 18:54:03.000,21.6434,33.0137,1.16,8.104,55.012,21.4864
23/07/2024 18:55:03.000,21.6420,33.0132,1.16,8.104,55.088,21.4884
23/07/2024 18:56:03.000,21.6416,33.0129,1.16,8.104,55.141,21.4885
23/07/2024 18:57:03.000,21.6411,33.0147,1.16,8.104,55.105,21.4871
23/07/2024 18:58:03.000,21.6406,33.0133,1.17,8.104,55.028,21.4876
23/07/2024 18:59:03.000,21.6402,33.0141,1.16,8.104,55.055,21.4884
23/07/2024 19:00:03.000,21.6405,33.0158,1.17,8.104,54.999,21.4878
23/07/2024 19:01:03.000,21.6417,33.0156,1.17,8.104,55.024,21.4867
23/07/2024 19:02:03.000,21.6440,33.0143,1.16,8.104,55.119,21.4882
23/07/2024 19:03:03.000,21.6462,33.0140,1.16,8.105,55.086,21.4878
23/07/2024 19:04:03.000,21.6471,33.0145,1.16,8.105,55.055,21.4869
23/07/2024 19:05:03.000,21.6483,33.0141,1.17,8.105,55.221,21.4869
23/07/2024 19:06:03.000,21.6497,33.0135,1.16,8.105,55.248,21.4882
23/07/2024 19:07:03.000,21.6499,33.0148,1.16,8.106,55.059,21.4878
23/07/2024 19:08:03.001,21.6505,33.0144,1.16,8.106,55.048,21.4884
23/07/2024 19:09:03.000,21.6511,33.0149,1.16,8.106,55.050,21.4881
23/07/2024 19:10:03.001,21.6517,33.0141,1.16,8.106,55.101,21.4875
23/07/2024 19:11:03.000,21.6513,33.0142,1.16,8.105,55.174,21.4888
23/07/2024 19:12:03.001,21.6514,33.0151,1.16,8.105,55.085,21.4882
23/07/2024 19:13:03.000,21.6521,33.0150,1.16,8.105,55.155,21.4864
23/07/2024 19:14:03.000,21.6520,33.0142,1.16,8.105,55.078,21.4879
23/07/2024 19:15:03.000,21.6530,33.0153,1.16,8.105,55.147,21.4884
23/07/2024 19:16:03.000,21.6538,33.0140,1.15,8.105,55.073,21.4873
23/07/2024 19:17:03.999,21.6542,33.0141,1.16,8.104,55.214,21.4880
23/07/2024 19:18:03.000,21.6541,33.0149,1.16,8.104,55.225,21.4884
23/07/2024 19:19:03.999,21.6536,33.0145,1.17,8.104,55.197,21.4886
23/07/2024 19:20:03.000,21.6534,33.0151,1.16,8.104,55.153,21.4889
23/07/2024 19:21:03.999,21.6535,33.0149,1.16,8.104,55.242,21.4866
23/07/2024 19:22:03.000,21.6528,33.0162,1.16,8.104,55.045,21.4890
23/07/2024 19:23:03.001,21.6520,33.0145,1.16,8.103,55.101,21.4875
23/07/2024 19:24:03.000,21.6521,33.0156,1.15,8.103,55.119,21.4872
23/07/2024 19:25:03.001,21.6524,33.0143,1.16,8.103,55.104,21.4895
23/07/2024 19:26:03.000,21.6526,33.0158,1.16,8.103,55.133,21.4886
23/07/2024 19:27:03.001,21.6522,33.0152,1.17,8.103,55.071,21.4882
23/07/2024 19:28:03.000,21.6520,33.0166,1.16,8.102,55.059,21.4885
23/07/2024 19:29:03.000,21.6525,33.0164,1.16,8.102,55.046,21.4884
23/07/2024 19:30:03.000,21.6527,33.0151,1.15,8.102,55.046,21.4894
23/07/2024 19:31:03.000,21.6532,33.0163,1.16,8.102,55.168,21.4872
23/07/2024 19:32:03.999,21.6531,33.0154,1.16,8.102,55.022,21.4892
23/07/2024 19:33:03.000,21.6533,33.0148,1.16,8.102,55.052,21.4893
23/07/2024 19:34:03.999,21.6535,33.0148,1.17,8.102,55.092,21.4894
23/07/2024 19:35:03.000,21.6532,33.0157,1.16,8.102,55.142,21.4897
23/07/2024 19:36:03.999,21.6529,33.0157,1.17,8.102,55.157,21.4890
23/07/2024 19:37:03.000,21.6522,33.0168,1.17,8.102,55.112,21.4898
23/07/2024 19:38:03.001,21.6522,33.0169,1.19,8.101,55.073,21.4895
23/07/2024 19:39:03.000,21.6531,33.0154,1.16,8.102,55.091,21.4898
23/07/2024 19:40:03.001,21.6529,33.0151,1.16,8.102,55.142,21.4876
23/07/2024 19:41:03.000,21.6530,33.0160,1.16,8.102,55.065,21.4876
23/07/2024 19:42:03.001,21.6522,33.0173,1.18,8.102,55.122,21.4895
23/07/2024 19:43:03.000,21.6526,33.0165,1.16,8.102,55.097,21.4899
23/07/2024 19:44:03.000,21.6523,33.0172,1.16,8.102,55.257,21.4903
23/07/2024 19:45:03.000,21.6517,33.0178,1.16,8.102,55.119,21.4900
23/07/2024 19:46:03.000,21.6524,33.0179,1.16,8.102,55.143,21.4896
23/07/2024 19:47:03.999,21.6514,33.0171,1.16,8.102,55.147,21.4902
23/07/2024 19:48:03.000,21.6518,33.0170,1.16,8.102,55.054,21.4899
23/07/2024 19:49:03.999,21.6522,33.0166,1.16,8.102,55.178,21.4899
23/07/2024 19:50:03.000,21.6530,33.0161,1.16,8.102,55.156,21.4902
23/07/2024 19:51:03.999,21.6524,33.0169,1.15,8.102,55.072,21.4901
23/07/2024 19:52:03.000,21.6532,33.0157,1.15,8.102,55.096,21.4898
23/07/2024 19:53:03.001,21.6519,33.0184,1.15,8.102,55.144,21.4906
23/07/2024 19:54:03.000,21.6527,33.0171,1.16,8.102,55.104,21.4901
23/07/2024 19:55:03.001,21.6530,33.0164,1.16,8.102,55.110,21.4908
23/07/2024 19:56:03.000,21.6537,33.0173,1.16,8.103,55.141,21.4900
23/07/2024 19:57:03.001,21.6536,33.0170,1.15,8.103,55.121,21.4897
23/07/2024 19:58:03.000,21.6531,33.0173,1.16,8.103,55.025,21.4902
23/07/2024 19:59:03.000,21.6526,33.0172,1.15,8.103,55.062,21.4902
23/07/2024 20:00:03.000,21.6525,33.0170,1.16,8.103,55.038,21.4905
23/07/2024 20:01:03.000,21.6534,33.0173,1.16,8.103,55.112,21.4910
23/07/2024 20:02:03.999,21.6538,33.0172,1.16,8.102,55.021,21.4912
23/07/2024 20:03:03.000,21.6544,33.0174,1.17,8.103,55.122,21.4912
23/07/2024 20:04:03.999,21.6540,33.0164,1.16,8.103,55.114,21.4913
23/07/2024 20:05:03.000,21.6530,33.0174,1.19,8.103,55.182,21.4913
23/07/2024 20:06:03.999,21.6530,33.0178,1.16,8.103,55.128,21.4914
23/07/2024 20:07:03.000,21.6523,33.0178,1.16,8.103,55.189,21.4909
23/07/2024 20:08:03.001,21.6515,33.0176,1.16,8.103,55.124,21.4907
23/07/2024 20:09:03.000,21.6519,33.0179,1.16,8.102,55.043,21.4909
23/07/2024 20:10:03.001,21.6508,33.0182,1.15,8.102,55.018,21.4889
23/07/2024 20:11:03.000,21.6512,33.0183,1.16,8.102,55.103,21.4909
23/07/2024 20:12:03.001,21.6521,33.0183,1.17,8.102,55.071,21.4906
23/07/2024 20:13:03.000,21.6518,33.0185,1.16,8.102,55.159,21.4902
23/07/2024 20:14:03.000,21.6516,33.0192,1.16,8.101,55.118,21.4907
23/07/2024 20:15:03.000,21.6510,33.0173,1.16,8.101,55.212,21.4905
23/07/2024 20:16:03.000,21.6510,33.0190,1.16,8.101,55.172,21.4914
23/07/2024 20:17:03.999,21.6519,33.0176,1.18,8.101,55.287,21.4917
23/07/2024 20:18:03.000,21.6519,33.0179,1.17,8.101,55.204,21.4901
23/07/2024 20:19:03.999,21.6517,33.0174,1.17,8.101,55.092,21.4922
23/07/2024 20:20:03.000,21.6509,33.0180,1.16,8.101,55.151,21.4920
23/07/2024 20:21:03.999,21.6504,33.0179,1.16,8.101,55.113,21.4910
23/07/2024 20:22:03.000,21.6502,33.0203,1.18,8.101,55.144,21.4912
23/07/2024 20:23:03.001,21.6499,33.0201,1.16,8.100,55.020,21.4916
23/07/2024 20:24:03.000,21.6505,33.0180,1.15,8.100,55.012,21.4912
23/07/2024 20:25:03.001,21.6499,33.0180,1.16,8.100,55.067,21.4918
23/07/2024 20:26:03.000,21.6497,33.0191,1.16,8.100,55.004,21.4918
23/07/2024 20:27:03.001,21.6504,33.0191,1.16,8.100,55.039,21.4898
23/07/2024 20:28:03.000,21.6499,33.0177,1.16,8.100,55.062,21.4922
23/07/2024 20:29:03.000,21.6497,33.0190,1.15,8.100,55.050,21.4914
23/07/2024 20:30:03.000,21.6504,33.0198,1.16,8.100,55.020,21.4918
23/07/2024 20:31:03.000,21.6503,33.0185,1.16,8.100,55.036,21.4912
23/07/2024 20:32:03.999,21.6488,33.0206,1.16,8.100,55.152,21.4913
23/07/2024 20:33:03.000,21.6489,33.0183,1.16,8.100,55.091,21.4927
23/07/2024 20:34:03.999,21.6490,33.0191,1.16,8.100,55.028,21.4919
23/07/2024 20:35:03.000,21.6499,33.0181,1.16,8.100,55.032,21.4917
23/07/2024 20:36:03.999,21.6480,33.0199,1.16,8.100,55.080,21.4896
23/07/2024 20:37:03.000,21.6480,33.0196,1.16,8.100,55.143,21.4918
23/07/2024 20:38:03.001,21.6485,33.0196,1.16,8.100,55.080,21.4918
23/07/2024 20:39:03.000,21.6488,33.0188,1.16,8.100,55.002,21.4910
23/07/2024 20:40:03.001,21.6481,33.0187,1.16,8.100,55.078,21.4923
23/07/2024 20:41:03.000,21.6475,33.0201,1.16,8.100,55.026,21.4923
23/07/2024 20:42:03.001,21.6483,33.0192,1.15,8.100,55.181,21.4920
23/07/2024 20:43:03.000,21.6469,33.0192,1.16,8.100,55.108,21.4924
23/07/2024 20:44:03.000,21.6466,33.0212,1.16,8.100,55.032,21.4916
23/07/2024 20:45:03.000,21.6467,33.0188,1.16,8.100,55.078,21.4899
23/07/2024 20:46:03.000,21.6465,33.0194,1.16,8.099,55.120,21.4920
23/07/2024 20:47:03.999,21.6468,33.0188,1.16,8.099,55.035,21.4921
23/07/2024 20:48:03.000,21.6462,33.0199,1.16,8.099,55.138,21.4922
23/07/2024 20:49:03.999,21.6464,33.0190,1.16,8.099,55.112,21.4914
23/07/2024 20:50:03.000,21.6453,33.0205,1.15,8.099,55.041,21.4914
23/07/2024 20:51:03.999,21.6452,33.0205,1.17,8.099,55.140,21.4919
23/07/2024 20:52:03.000,21.6445,33.0213,1.17,8.099,55.096,21.4913
23/07/2024 20:53:03.001,21.6437,33.0201,1.17,8.099,55.193,21.4919
23/07/2024 20:54:03.000,21.6441,33.0217,1.16,8.099,55.204,21.4901
23/07/2024 20:55:03.001,21.6424,33.0205,1.18,8.099,55.329,21.4915
23/07/2024 20:56:03.000,21.6425,33.0207,1.16,8.099,55.213,21.4917
23/07/2024 20:57:03.001,21.6424,33.0213,1.17,8.099,55.254,21.4906
23/07/2024 20:58:03.000,21.6427,33.0193,1.18,8.099,55.204,21.4910
23/07/2024 20:59:03.000,21.6418,33.0211,1.17,8.099,55.192,21.4917
23/07/2024 21:00:03.000,21.6429,33.0204,1.18,8.099,55.131,21.4908
23/07/2024 21:01:03.000,21.6437,33.0194,1.17,8.098,55.145,21.4913
23/07/2024 21:02:03.999,21.6422,33.0211,1.17,8.099,55.220,21.4911
23/07/2024 21:03:03.000,21.6418,33.0225,1.17,8.099,55.237,21.4894
23/07/2024 21:04:03.999,21.6409,33.0214,1.18,8.098,55.175,21.4911
23/07/2024 21:05:03.000,21.6414,33.0214,1.17,8.099,55.172,21.4912
23/07/2024 21:06:03.999,21.6407,33.0207,1.18,8.098,55.135,21.4908
23/07/2024 21:07:03.000,21.6409,33.0211,1.18,8.098,55.157,21.4906
23/07/2024 21:08:03.001,21.6402,33.0207,1.17,8.098,55.115,21.4902
23/07/2024 21:09:03.000,21.6406,33.0204,1.17,8.098,55.108,21.4907
23/07/2024 21:10:03.001,21.6404,33.0213,1.16,8.098,55.090,21.4906
23/07/2024 21:11:03.000,21.6392,33.0206,1.18,8.098,55.201,21.4905
23/07/2024 21:12:03.001,21.6396,33.0207,1.18,8.098,55.255,21.4910
23/07/2024 21:13:03.000,21.6389,33.0214,1.18,8.098,55.185,21.4903
23/07/2024 21:14:03.000,21.6385,33.0212,1.17,8.098,55.155,21.4908
23/07/2024 21:15:03.000,21.6366,33.0221,1.17,8.098,55.242,21.4904
23/07/2024 21:16:03.000,21.6363,33.0219,1.16,8.098,55.140,21.4892
23/07/2024 21:17:03.999,21.6371,33.0215,1.16,8.098,55.114,21.4905
23/07/2024 21:18:03.000,21.6373,33.0227,1.16,8.098,55.227,21.4901
23/07/2024 21:19:03.999,21.6370,33.0223,1.17,8.098,55.104,21.4900
23/07/2024 21:20:03.000,21.6356,33.0227,1.16,8.098,55.148,21.4904
23/07/2024 21:21:03.999,21.6363,33.0218,1.18,8.098,55.175,21.4892
23/07/2024 21:22:03.000,21.6363,33.0220,1.17,8.098,55.146,21.4901
23/07/2024 21:23:03.001,21.6366,33.0223,1.17,8.098,55.098,21.4886
23/07/2024 21:24:03.000,21.6356,33.0220,1.17,8.099,55.282,21.4896
23/07/2024 21:25:03.001,21.6361,33.0224,1.19,8.100,55.076,21.4888
23/07/2024 21:26:03.000,21.6354,33.0234,1.19,8.100,55.194,21.4905
23/07/2024 21:27:03.001,21.6345,33.0218,1.16,8.100,55.152,21.4896
23/07/2024 21:28:03.000,21.6341,33.0231,1.17,8.101,55.189,21.4899
23/07/2024 21:29:03.000,21.6331,33.0222,1.16,8.101,55.144,21.4900
23/07/2024 21:30:03.000,21.6342,33.0233,1.17,8.101,55.251,21.4891
23/07/2024 21:31:03.000,21.6347,33.0219,1.17,8.102,55.256,21.4880
23/07/2024 21:32:03.999,21.6339,33.0223,1.17,8.102,55.205,21.4895
23/07/2024 21:33:03.000,21.6338,33.0226,1.18,8.102,55.188,21.4894
23/07/2024 21:34:03.999,21.6345,33.0224,1.18,8.102,55.247,21.4872
23/07/2024 21:35:03.000,21.6332,33.0227,1.18,8.102,55.215,21.4890
23/07/2024 21:36:03.999,21.6330,33.0225,1.20,8.101,55.219,21.4887
23/07/2024 21:37:03.000,21.6330,33.0227,1.17,8.101,55.249,21.4892
23/07/2024 21:38:03.001,21.6324,33.0224,1.18,8.101,55.194,21.4887
23/07/2024 21:39:03.000,21.6325,33.0231,1.19,8.101,55.202,21.4891
23/07/2024 21:40:03.001,21.6318,33.0230,1.17,8.101,55.262,21.4878
23/07/2024 21:41:03.000,21.6316,33.0231,1.17,8.101,55.220,21.4889
23/07/2024 21:42:03.001,21.6318,33.0236,1.16,8.101,55.185,21.4888
23/07/2024 21:43:03.000,21.6318,33.0227,1.16,8.101,55.189,21.4869
23/07/2024 21:44:03.000,21.6306,33.0236,1.17,8.101,55.148,21.4872
23/07/2024 21:45:03.000,21.6301,33.0217,1.17,8.101,55.164,21.4886
23/07/2024 21:46:03.000,21.6289,33.0236,1.16,8.101,55.159,21.4882
23/07/2024 21:47:03.999,21.6300,33.0239,1.17,8.100,55.208,21.4880
23/07/2024 21:48:03.000,21.6301,33.0229,1.17,8.100,55.199,21.4880
23/07/2024 21:49:03.999,21.6301,33.0239,1.17,8.100,55.240,21.4884
23/07/2024 21:50:03.000,21.6289,33.0233,1.18,8.100,55.232,21.4863
23/07/2024 21:51:03.999,21.6287,33.0241,1.18,8.100,55.124,21.4878
23/07/2024 21:52:03.000,21.6287,33.0234,1.18,8.100,55.107,21.4863
23/07/2024 21:53:03.001,21.6290,33.0243,1.17,8.100,55.154,21.4880
23/07/2024 21:54:03.000,21.6289,33.0236,1.18,8.100,55.133,21.4873
23/07/2024 21:55:03.001,21.6282,33.0249,1.18,8.100,55.173,21.4879
23/07/2024 21:56:03.000,21.6278,33.0245,1.19,8.099,55.194,21.4878
23/07/2024 21:57:03.001,21.6280,33.0231,1.16,8.100,55.135,21.4869
23/07/2024 21:58:03.000,21.6277,33.0230,1.16,8.099,55.187,21.4874
23/07/2024 21:59:03.000,21.6265,33.0240,1.17,8.099,55.144,21.4861
23/07/2024 22:00:03.000,21.6259,33.0237,1.17,8.099,55.136,21.4872
23/07/2024 22:01:03.000,21.6259,33.0233,1.17,8.099,55.153,21.4847
23/07/2024 22:02:03.999,21.6241,33.0252,1.17,8.099,55.181,21.4869
23/07/2024 22:03:03.000,21.6259,33.0241,1.17,8.098,55.234,21.4857
23/07/2024 22:04:03.999,21.6252,33.0250,1.17,8.098,55.229,21.4861
23/07/2024 22:05:03.000,21.6249,33.0244,1.17,8.098,55.047,21.4859
23/07/2024 22:06:03.999,21.6252,33.0238,1.17,8.098,55.126,21.4866
23/07/2024 22:07:03.000,21.6249,33.0258,1.17,8.098,55.100,21.4857
23/07/2024 22:08:03.001,21.6254,33.0253,1.17,8.098,55.125,21.4846
23/07/2024 22:09:03.000,21.6246,33.0243,1.17,8.098,55.070,21.4860
23/07/2024 22:10:03.001,21.6245,33.0244,1.16,8.098,55.111,21.4837
23/07/2024 22:11:03.000,21.6240,33.0245,1.16,8.098,55.176,21.4856
23/07/2024 22:12:03.001,21.6238,33.0255,1.16,8.098,55.126,21.4845
23/07/2024 22:13:03.000,21.6238,33.0255,1.17,8.098,55.041,21.4858
23/07/2024 22:14:03.000,21.6231,33.0252,1.16,8.098,55.158,21.4849
23/07/2024 22:15:03.000,21.6232,33.0247,1.16,8.098,55.236,21.4852
23/07/2024 22:16:03.000,21.6228,33.0247,1.17,8.098,55.140,21.4846
23/07/2024 22:17:03.999,21.6209,33.0258,1.17,8.098,55.214,21.4852
23/07/2024 22:18:03.000,21.6209,33.0255,1.17,8.098,55.149,21.4849
23/07/2024 22:19:03.999,21.6198,33.0267,1.17,8.098,55.159,21.4832
23/07/2024 22:20:03.000,21.6197,33.0253,1.17,8.098,55.206,21.4842
23/07/2024 22:21:03.999,21.6192,33.0248,1.17,8.098,55.167,21.4850
23/07/2024 22:22:03.000,21.6187,33.0259,1.17,8.098,55.120,21.4848
23/07/2024 22:23:03.001,21.6185,33.0259,1.17,8.098,55.274,21.4840
23/07/2024 22:24:03.000,21.6183,33.0256,1.16,8.098,55.246,21.4846
23/07/2024 22:25:03.001,21.6174,33.0260,1.17,8.098,55.196,21.4839
23/07/2024 22:26:03.000,21.6176,33.0255,1.17,8.098,55.225,21.4832
23/07/2024 22:27:03.001,21.6175,33.0257,1.17,8.097,55.277,21.4830
23/07/2024 22:28:03.000,21.6172,33.0271,1.17,8.097,55.253,21.4820
23/07/2024 22:29:03.000,21.6168,33.0264,1.16,8.097,55.129,21.4837
23/07/2024 22:30:03.000,21.6179,33.0255,1.17,8.097,55.081,21.4823
23/07/2024 22:31:03.000,21.6173,33.0266,1.17,8.097,55.119,21.4832
23/07/2024 22:32:03.999,21.6187,33.0249,1.17,8.097,55.174,21.4833
23/07/2024 22:33:03.000,21.6173,33.0266,1.18,8.097,55.194,21.4830
23/07/2024 22:34:03.999,21.6166,33.0262,1.17,8.097,55.111,21.4826
23/07/2024 22:35:03.000,21.6178,33.0259,1.17,8.097,55.208,21.4826
23/07/2024 22:36:03.999,21.6175,33.0257,1.17,8.097,55.054,21.4828
23/07/2024 22:37:03.000,21.6163,33.0262,1.17,8.097,55.096,21.4804
23/07/2024 22:38:03.001,21.6156,33.0267,1.17,8.097,55.195,21.4812
23/07/2024 22:39:03.000,21.6154,33.0265,1.17,8.097,55.136,21.4827
23/07/2024 22:40:03.001,21.6149,33.0269,1.17,8.097,55.165,21.4818
23/07/2024 22:41:03.000,21.6148,33.0268,1.17,8.096,55.107,21.4815
23/07/2024 22:42:03.001,21.6147,33.0247,1.18,8.096,55.203,21.4821
23/07/2024 22:43:03.000,21.6146,33.0266,1.17,8.096,55.144,21.4824
23/07/2024 22:44:03.000,21.6138,33.0280,1.17,8.097,55.064,21.4816
23/07/2024 22:45:03.000,21.6133,33.0270,1.17,8.097,55.088,21.4821
23/07/2024 22:46:03.000,21.6135,33.0271,1.17,8.098,55.182,21.4805
23/07/2024 22:47:03.999,21.6127,33.0272,1.17,8.098,55.176,21.4815
23/07/2024 22:48:03.000,21.6126,33.0269,1.17,8.098,55.120,21.4792
23/07/2024 22:49:03.999,21.6123,33.0259,1.17,8.097,55.046,21.4804
23/07/2024 22:50:03.000,21.6125,33.0266,1.17,8.097,55.119,21.4801
23/07/2024 22:51:03.999,21.6117,33.0275,1.17,8.097,55.173,21.4802
23/07/2024 22:52:03.000,21.6117,33.0285,1.17,8.097,55.221,21.4804
23/07/2024 22:53:03.001,21.6102,33.0273,1.17,8.097,55.207,21.4798
23/07/2024 22:54:03.000,21.6118,33.0264,1.17,8.097,55.222,21.4795
23/07/2024 22:55:03.001,21.6100,33.0282,1.17,8.097,55.176,21.4798
23/07/2024 22:56:03.000,21.6099,33.0288,1.17,8.097,55.103,21.4772
23/07/2024 22:57:03.001,21.6090,33.0282,1.17,8.097,55.103,21.4792
23/07/2024 22:58:03.000,21.6092,33.0277,1.18,8.097,55.046,21.4776
23/07/2024 22:59:03.000,21.6087,33.0282,1.17,8.097,55.089,21.4792
23/07/2024 23:00:03.000,21.6082,33.0287,1.16,8.098,55.267,21.4788
23/07/2024 23:01:03.000,21.6088,33.0281,1.17,8.098,55.068,21.4792
23/07/2024 23:02:03.999,21.6081,33.0277,1.17,8.098,55.267,21.4787
23/07/2024 23:03:03.000,21.6071,33.0286,1.17,8.098,55.090,21.4786
23/07/2024 23:04:03.999,21.6064,33.0281,1.17,8.098,55.186,21.4786
23/07/2024 23:05:03.000,21.6063,33.0273,1.17,8.097,55.187,21.4786
23/07/2024 23:06:03.999,21.6063,33.0282,1.17,8.097,55.166,21.4786
23/07/2024 23:07:03.000,21.6054,33.0280,1.16,8.097,55.115,21.4775
23/07/2024 23:08:03.999,21.6070,33.0272,1.17,8.097,55.094,21.4776
23/07/2024 23:09:03.002,21.6048,33.0278,1.17,8.097,55.138,21.4774
23/07/2024 23:10:03.001,21.6038,33.0288,1.17,8.098,55.046,21.4771
23/07/2024 23:11:03.000,21.6038,33.0275,1.17,8.098,55.112,21.4769
23/07/2024 23:12:03.999,21.6037,33.0288,1.17,8.098,54.945,21.4768
23/07/2024 23:13:03.001,21.6038,33.0285,1.17,8.098,55.079,21.4757
23/07/2024 23:14:03.000,21.6028,33.0285,1.17,8.098,55.067,21.4763
23/07/2024 23:15:03.000,21.6022,33.0286,1.17,8.098,55.057,21.4743
23/07/2024 23:16:03.999,21.6009,33.0288,1.17,8.098,55.091,21.4764
23/07/2024 23:17:03.001,21.6018,33.0293,1.17,8.098,55.190,21.4755
23/07/2024 23:18:03.000,21.6006,33.0295,1.17,8.097,55.185,21.4760
23/07/2024 23:19:03.999,21.6004,33.0289,1.17,8.097,55.087,21.4763
23/07/2024 23:20:03.998,21.5996,33.0303,1.17,8.097,55.175,21.4754
23/07/2024 23:21:03.001,21.5998,33.0294,1.18,8.097,55.134,21.4750
23/07/2024 23:22:03.000,21.5991,33.0296,1.17,8.097,55.136,21.4753
23/07/2024 23:23:03.999,21.5988,33.0298,1.18,8.097,55.160,21.4739
23/07/2024 23:24:03.002,21.5981,33.0291,1.17,8.097,55.118,21.4733
23/07/2024 23:25:03.001,21.5974,33.0296,1.17,8.096,55.079,21.4746
23/07/2024 23:26:03.000,21.5969,33.0292,1.17,8.096,55.277,21.4743
23/07/2024 23:27:03.999,21.5975,33.0304,1.17,8.096,55.169,21.4734
23/07/2024 23:28:03.001,21.5961,33.0301,1.17,8.096,55.160,21.4741
23/07/2024 23:29:03.000,21.5966,33.0296,1.17,8.096,55.184,21.4741
23/07/2024 23:30:03.000,21.5951,33.0293,1.18,8.096,55.025,21.4734
23/07/2024 23:31:03.999,21.5957,33.0288,1.17,8.096,55.050,21.4741
23/07/2024 23:32:03.001,21.5948,33.0307,1.18,8.096,55.117,21.4721
23/07/2024 23:33:03.000,21.5937,33.0311,1.17,8.096,55.087,21.4729
23/07/2024 23:34:03.999,21.5929,33.0305,1.17,8.096,55.144,21.4725
23/07/2024 23:35:03.998,21.5929,33.0297,1.17,8.095,55.197,21.4709
23/07/2024 23:36:03.001,21.5926,33.0287,1.17,8.095,55.129,21.4722
23/07/2024 23:37:03.000,21.5912,33.0303,1.18,8.096,55.182,21.4720
23/07/2024 23:38:03.999,21.5913,33.0296,1.18,8.095,55.216,21.4722
23/07/2024 23:39:03.002,21.5909,33.0305,1.18,8.095,55.144,21.4716
23/07/2024 23:40:03.001,21.5908,33.0304,1.17,8.095,55.127,21.4715
23/07/2024 23:41:03.000,21.5893,33.0310,1.17,8.095,55.158,21.4714
23/07/2024 23:42:03.999,21.5895,33.0308,1.17,8.095,55.081,21.4701
23/07/2024 23:43:03.001,21.5886,33.0313,1.18,8.095,55.061,21.4709
23/07/2024 23:44:03.000,21.5885,33.0308,1.17,8.095,55.050,21.4686
23/07/2024 23:45:03.000,21.5879,33.0307,1.17,8.095,54.974,21.4704
23/07/2024 23:46:03.999,21.5873,33.0293,1.18,8.095,55.009,21.4686
23/07/2024 23:47:03.001,21.5866,33.0311,1.17,8.095,55.155,21.4697
23/07/2024 23:48:03.000,21.5865,33.0295,1.18,8.095,55.072,21.4696
23/07/2024 23:49:03.999,21.5858,33.0303,1.17,8.095,55.092,21.4697
23/07/2024 23:50:03.998,21.5856,33.0304,1.17,8.095,55.133,21.4696
23/07/2024 23:51:03.001,21.5843,33.0307,1.17,8.095,55.242,21.4674
23/07/2024 23:52:03.000,21.5837,33.0304,1.17,8.095,55.157,21.4680
23/07/2024 23:53:03.999,21.5828,33.0322,1.17,8.095,55.165,21.4661
23/07/2024 23:54:03.002,21.5832,33.0308,1.18,8.094,55.119,21.4681
23/07/2024 23:55:03.001,21.5828,33.0309,1.18,8.094,55.183,21.4664
23/07/2024 23:56:03.000,21.5818,33.0317,1.18,8.094,55.120,21.4668
23/07/2024 23:57:03.999,21.5811,33.0317,1.18,8.094,55.220,21.4665
23/07/2024 23:58:03.001,21.5807,33.0322,1.18,8.094,55.114,21.4661
23/07/2024 23:59:03.000,21.5806,33.0323,1.18,8.094,55.050,21.4658
24/07/2024 00:00:03.000,21.5807,33.0317,1.17,8.094,55.075,21.4657
24/07/2024 00:01:03.999,21.5815,33.0316,1.17,8.094,55.126,21.4659
24/07/2024 00:02:03.001,21.5793,33.0309,1.18,8.094,55.116,21.4651
24/07/2024 00:03:03.000,21.5781,33.0314,1.18,8.094,55.138,21.4651
24/07/2024 00:04:03.999,21.5780,33.0316,1.18,8.094,55.239,21.4648
24/07/2024 00:05:03.998,21.5780,33.0319,1.18,8.094,55.161,21.4644
24/07/2024 00:06:03.001,21.5781,33.0306,1.19,8.094,55.190,21.4640
24/07/2024 00:07:03.000,21.5767,33.0318,1.17,8.094,55.167,21.4644
24/07/2024 00:08:03.999,21.5769,33.0324,1.18,8.094,55.129,21.4639
24/07/2024 00:09:03.002,21.5744,33.0329,1.18,8.094,55.158,21.4632
24/07/2024 00:10:03.001,21.5737,33.0308,1.18,8.094,55.179,21.4635
24/07/2024 00:11:03.000,21.5732,33.0332,1.18,8.094,55.190,21.4629
24/07/2024 00:12:03.999,21.5734,33.0319,1.19,8.094,55.263,21.4627
24/07/2024 00:13:03.001,21.5735,33.0331,1.18,8.093,55.071,21.4618
24/07/2024 00:14:03.000,21.5722,33.0326,1.18,8.093,55.155,21.4612
24/07/2024 00:15:03.000,21.5713,33.0329,1.18,8.093,55.075,21.4608
24/07/2024 00:16:03.999,21.5715,33.0335,1.18,8.093,55.130,21.4613
24/07/2024 00:17:03.001,21.5725,33.0330,1.18,8.093,55.191,21.4603
24/07/2024 00:18:03.000,21.5714,33.0315,1.18,8.093,55.034,21.4606
24/07/2024 00:19:03.999,21.5702,33.0320,1.18,8.093,55.137,21.4594
24/07/2024 00:20:03.998,21.5698,33.0324,1.18,8.093,55.101,21.4602
24/07/2024 00:21:03.001,21.5688,33.0325,1.18,8.093,55.192,21.4578
24/07/2024 00:22:03.000,21.5689,33.0326,1.18,8.093,55.211,21.4603
24/07/2024 00:23:03.999,21.5681,33.0329,1.18,8.093,55.194,21.4594
24/07/2024 00:24:03.002,21.5657,33.0335,1.18,8.093,55.085,21.4591
24/07/2024 00:25:03.001,21.5655,33.0332,1.19,8.093,55.223,21.4582
24/07/2024 00:26:03.000,21.5644,33.0343,1.18,8.093,55.262,21.4580
24/07/2024 00:27:03.999,21.5650,33.0331,1.18,8.093,55.269,21.4577
24/07/2024 00:28:03.001,21.5643,33.0330,1.17,8.093,55.227,21.4580
24/07/2024 00:29:03.000,21.5642,33.0331,1.18,8.093,55.202,21.4555
24/07/2024 00:30:03.000,21.5645,33.0326,1.17,8.093,55.141,21.4575
24/07/2024 00:31:03.999,21.5641,33.0328,1.18,8.093,55.208,21.4568
24/07/2024 00:32:03.001,21.5615,33.0334,1.18,8.093,55.129,21.4552
24/07/2024 00:33:03.000,21.5609,33.0335,1.17,8.093,55.150,21.4557
24/07/2024 00:34:03.999,21.5606,33.0336,1.18,8.093,55.326,21.4559
24/07/2024 00:35:03.998,21.5604,33.0346,1.18,8.094,55.270,21.4557
24/07/2024 00:36:03.001,21.5593,33.0337,1.18,8.093,55.207,21.4551
24/07/2024 00:37:03.000,21.5600,33.0340,1.18,8.093,55.346,21.4546
24/07/2024 00:38:03.999,21.5593,33.0341,1.17,8.093,55.177,21.4526
24/07/2024 00:39:03.002,21.5590,33.0332,1.17,8.093,55.323,21.4540
24/07/2024 00:40:03.001,21.5587,33.0342,1.18,8.093,55.237,21.4533
24/07/2024 00:41:03.000,21.5575,33.0342,1.18,8.093,55.409,21.4521
24/07/2024 00:42:03.999,21.5576,33.0339,1.18,8.092,55.288,21.4527
24/07/2024 00:43:03.001,21.5579,33.0340,1.18,8.093,55.240,21.4522
24/07/2024 00:44:03.000,21.5559,33.0351,1.18,8.092,55.299,21.4519
24/07/2024 00:45:03.000,21.5556,33.0355,1.18,8.092,55.251,21.4519
24/07/2024 00:46:03.999,21.5568,33.0350,1.18,8.092,55.210,21.4510
24/07/2024 00:47:03.001,21.5558,33.0346,1.18,8.092,55.326,21.4508
24/07/2024 00:48:03.000,21.5561,33.0338,1.18,8.092,55.267,21.4490
24/07/2024 00:49:03.999,21.5551,33.0331,1.18,8.092,55.299,21.4503
24/07/2024 00:50:03.998,21.5533,33.0346,1.18,8.092,55.254,21.4483
24/07/2024 00:51:03.001,21.5529,33.0347,1.18,8.092,55.290,21.4479
24/07/2024 00:52:03.000,21.5518,33.0346,1.18,8.092,55.131,21.4495
24/07/2024 00:53:03.999,21.5502,33.0352,1.18,8.092,55.087,21.4486
24/07/2024 00:54:03.002,21.5500,33.0361,1.18,8.092,55.163,21.4490
24/07/2024 00:55:03.001,21.5500,33.0343,1.18,8.092,55.214,21.4483
24/07/2024 00:56:03.000,21.5494,33.0356,1.18,8.092,55.095,21.4468
24/07/2024 00:57:03.999,21.5494,33.0348,1.18,8.092,55.172,21.4471
24/07/2024 00:58:03.001,21.5495,33.0344,1.18,8.092,55.216,21.4442
24/07/2024 00:59:03.000,21.5475,33.0358,1.18,8.092,55.226,21.4467
24/07/2024 01:00:03.000,21.5476,33.0354,1.18,8.092,55.212,21.4455
24/07/2024 01:01:03.999,21.5476,33.0363,1.17,8.093,55.345,21.4460
24/07/2024 01:02:03.001,21.5465,33.0363,1.18,8.094,55.284,21.4456
24/07/2024 01:03:03.000,21.5458,33.0351,1.18,8.098,55.294,21.4451
24/07/2024 01:04:03.999,21.5447,33.0354,1.18,8.100,55.267,21.4445
24/07/2024 01:05:03.998,21.5442,33.0352,1.17,8.099,55.287,21.4430
24/07/2024 01:06:03.001,21.5439,33.0359,1.18,8.098,55.094,21.4441
24/07/2024 01:07:03.000,21.5434,33.0353,1.18,8.097,55.090,21.4417
24/07/2024 01:08:03.999,21.5428,33.0351,1.18,8.097,55.160,21.4436
24/07/2024 01:09:03.002,21.5430,33.0362,1.18,8.097,55.097,21.4425
24/07/2024 01:10:03.001,21.5416,33.0357,1.18,8.096,55.231,21.4422
24/07/2024 01:11:03.000,21.5416,33.0357,1.18,8.096,55.254,21.4424
24/07/2024 01:12:03.999,21.5407,33.0363,1.17,8.096,55.250,21.4417
24/07/2024 01:13:03.001,21.5393,33.0353,1.17,8.096,55.252,21.4418
24/07/2024 01:14:03.000,21.5389,33.0357,1.18,8.095,55.263,21.4411
24/07/2024 01:15:03.000,21.5367,33.0376,1.18,8.095,55.310,21.4406
24/07/2024 01:16:03.999,21.5366,33.0368,1.18,8.095,55.293,21.4409
24/07/2024 01:17:03.001,21.5367,33.0375,1.18,8.095,55.340,21.4382
24/07/2024 01:18:03.000,21.5368,33.0352,1.18,8.095,55.290,21.4392
24/07/2024 01:19:03.999,21.5360,33.0370,1.17,8.094,55.351,21.4378
24/07/2024 01:20:03.998,21.5350,33.0372,1.18,8.094,55.209,21.4385
24/07/2024 01:21:03.001,21.5348,33.0365,1.18,8.094,55.158,21.4375
24/07/2024 01:22:03.000,21.5345,33.0363,1.19,8.094,55.145,21.4381
24/07/2024 01:23:03.999,21.5338,33.0368,1.18,8.094,55.120,21.4379
24/07/2024 01:24:03.002,21.5329,33.0367,1.18,8.093,55.146,21.4370
24/07/2024 01:25:03.001,21.5328,33.0372,1.18,8.093,55.253,21.4358
24/07/2024 01:26:03.000,21.5310,33.0363,1.18,8.093,55.226,21.4370
24/07/2024 01:27:03.999,21.5312,33.0373,1.18,8.093,55.150,21.4359
24/07/2024 01:28:03.001,21.5320,33.0361,1.18,8.092,55.226,21.4346
24/07/2024 01:29:03.000,21.5306,33.0364,1.18,8.092,55.213,21.4354
24/07/2024 01:30:03.000,21.5293,33.0368,1.19,8.092,55.232,21.4351
24/07/2024 01:31:03.999,21.5287,33.0371,1.18,8.093,55.211,21.4350
24/07/2024 01:32:03.001,21.5274,33.0376,1.18,8.092,55.326,21.4339
24/07/2024 01:33:03.000,21.5266,33.0378,1.19,8.092,55.297,21.4339
24/07/2024 01:34:03.999,21.5263,33.0379,1.18,8.093,55.307,21.4323
24/07/2024 01:35:03.998,21.5263,33.0371,1.19,8.092,55.368,21.4313
24/07/2024 01:36:03.001,21.5272,33.0382,1.17,8.092,55.461,21.4325
24/07/2024 01:37:03.000,21.5262,33.0371,1.18,8.092,55.318,21.4326
24/07/2024 01:38:03.999,21.5253,33.0381,1.18,8.092,55.300,21.4310
24/07/2024 01:39:03.002,21.5252,33.0367,1.18,8.092,55.228,21.4317
24/07/2024 01:40:03.001,21.5223,33.0378,1.18,8.092,55.126,21.4302
24/07/2024 01:41:03.000,21.5233,33.0380,1.19,8.092,55.258,21.4308
24/07/2024 01:42:03.999,21.5226,33.0387,1.19,8.092,55.218,21.4308
24/07/2024 01:43:03.001,21.5219,33.0378,1.18,8.091,55.230,21.4292
24/07/2024 01:44:03.000,21.5208,33.0388,1.18,8.091,55.185,21.4294
24/07/2024 01:45:03.000,21.5209,33.0389,1.17,8.092,55.202,21.4271
24/07/2024 01:46:03.999,21.5207,33.0381,1.18,8.092,55.195,21.4286
24/07/2024 01:47:03.001,21.5195,33.0384,1.18,8.092,55.222,21.4288
24/07/2024 01:48:03.000,21.5190,33.0380,1.18,8.092,55.151,21.4282
24/07/2024 01:49:03.999,21.5171,33.0389,1.18,8.092,55.206,21.4278
24/07/2024 01:50:03.998,21.5174,33.0383,1.18,8.092,55.217,21.4270
24/07/2024 01:51:03.001,21.5170,33.0377,1.18,8.092,55.207,21.4268
24/07/2024 01:52:03.000,21.5156,33.0386,1.17,8.092,55.197,21.4252
24/07/2024 01:53:03.999,21.5167,33.0384,1.18,8.092,55.313,21.4261
24/07/2024 01:54:03.002,21.5157,33.0391,1.19,8.091,55.213,21.4255
24/07/2024 01:55:03.001,21.5152,33.0382,1.18,8.091,55.268,21.4233
24/07/2024 01:56:03.000,21.5140,33.0388,1.18,8.091,55.253,21.4231
24/07/2024 01:57:03.999,21.5133,33.0392,1.18,8.091,55.154,21.4240
24/07/2024 01:58:03.001,21.5144,33.0404,1.17,8.091,55.272,21.4236
24/07/2024 01:59:03.000,21.5136,33.0395,1.18,8.091,55.237,21.4237
24/07/2024 02:00:03.000,21.5127,33.0398,1.18,8.091,55.290,21.4232
24/07/2024 02:01:03.999,21.5132,33.0385,1.18,8.091,55.225,21.4230
24/07/2024 02:02:03.001,21.5120,33.0378,1.18,8.091,55.189,21.4229
24/07/2024 02:03:03.000,21.5117,33.0388,1.18,8.091,55.291,21.4226
24/07/2024 02:04:03.999,21.5106,33.0390,1.19,8.090,55.125,21.4222
24/07/2024 02:05:03.998,21.5094,33.0392,1.18,8.090,55.295,21.4214
24/07/2024 02:06:03.001,21.5079,33.0391,1.18,8.090,55.260,21.4214
24/07/2024 02:07:03.000,21.5080,33.0399,1.18,8.090,55.262,21.4198
24/07/2024 02:08:03.999,21.5068,33.0407,1.18,8.090,55.263,21.4199
24/07/2024 02:09:03.002,21.5077,33.0392,1.18,8.090,55.113,21.4193
24/07/2024 02:10:03.001,21.5070,33.0400,1.19,8.090,55.186,21.4190
24/07/2024 02:11:03.000,21.5062,33.0403,1.18,8.090,55.228,21.4177
24/07/2024 02:12:03.999,21.5067,33.0402,1.18,8.090,55.189,21.4184
24/07/2024 02:13:03.001,21.5051,33.0391,1.19,8.090,55.280,21.4154
24/07/2024 02:14:03.000,21.5061,33.0397,1.18,8.090,55.232,21.4174
24/07/2024 02:15:03.000,21.5047,33.0406,1.18,8.089,55.304,21.4161
24/07/2024 02:16:03.999,21.5037,33.0401,1.17,8.089,55.272,21.4161
24/07/2024 02:17:03.001,21.5040,33.0386,1.18,8.089,55.156,21.4166
24/07/2024 02:18:03.000,21.5017,33.0414,1.18,8.089,55.269,21.4158
24/07/2024 02:19:03.999,21.5016,33.0403,1.18,8.089,55.243,21.4154
24/07/2024 02:20:03.998,21.5013,33.0398,1.18,8.089,55.325,21.4146
24/07/2024 02:21:03.001,21.5009,33.0403,1.18,8.089,55.163,21.4150
24/07/2024 02:22:03.000,21.5015,33.0410,1.18,8.089,55.291,21.4129
24/07/2024 02:23:03.999,21.5015,33.0397,1.18,8.089,55.251,21.4121
24/07/2024 02:24:03.002,21.5014,33.0419,1.18,8.089,55.295,21.4136
24/07/2024 02:25:03.001,21.5017,33.0400,1.18,8.089,55.367,21.4128
24/07/2024 02:26:03.000,21.5010,33.0408,1.18,8.089,55.349,21.4122
24/07/2024 02:27:03.999,21.4995,33.0407,1.18,8.089,55.411,21.4118
24/07/2024 02:28:03.001,21.4982,33.0400,1.18,8.088,55.440,21.4120
24/07/2024 02:29:03.000,21.4971,33.0407,1.18,8.088,55.330,21.4111
24/07/2024 02:30:03.000,21.4955,33.0422,1.18,8.088,55.268,21.4098
24/07/2024 02:31:03.999,21.4959,33.0405,1.18,8.088,55.236,21.4109
24/07/2024 02:32:03.001,21.4942,33.0415,1.18,8.088,55.268,21.4084
24/07/2024 02:33:03.000,21.4941,33.0409,1.20,8.088,55.231,21.4096
24/07/2024 02:34:03.999,21.4948,33.0415,1.18,8.088,55.328,21.4093
24/07/2024 02:35:03.998,21.4940,33.0423,1.18,8.088,55.268,21.4083
24/07/2024 02:36:03.001,21.4951,33.0414,1.20,8.088,55.370,21.4087
24/07/2024 02:37:03.000,21.4954,33.0423,1.18,8.088,55.412,21.4082
24/07/2024 02:38:03.999,21.4939,33.0408,1.19,8.089,55.374,21.4070
24/07/2024 02:39:03.002,21.4937,33.0407,1.19,8.089,55.215,21.4075
24/07/2024 02:40:03.001,21.4921,33.0428,1.18,8.089,55.253,21.4045
24/07/2024 02:41:03.000,21.4921,33.0412,1.19,8.089,55.232,21.4062
24/07/2024 02:42:03.999,21.4897,33.0432,1.18,8.089,55.260,21.4056
24/07/2024 02:43:03.001,21.4892,33.0426,1.18,8.089,55.383,21.4044
24/07/2024 02:44:03.000,21.4877,33.0423,1.19,8.088,55.279,21.4038
24/07/2024 02:45:03.000,21.4875,33.0424,1.19,8.089,55.353,21.4043
24/07/2024 02:46:03.999,21.4875,33.0432,1.18,8.088,55.276,21.4046
24/07/2024 02:47:03.001,21.4896,33.0429,1.18,8.088,55.352,21.4043
24/07/2024 02:48:03.000,21.4906,33.0427,1.18,8.088,55.291,21.4035
24/07/2024 02:49:03.999,21.4891,33.0432,1.19,8.088,55.308,21.4012
24/07/2024 02:50:03.998,21.4875,33.0422,1.19,8.088,55.404,21.4023
24/07/2024 02:51:03.001,21.4862,33.0427,1.19,8.088,55.424,21.4001
24/07/2024 02:52:03.000,21.4864,33.0432,1.19,8.088,55.458,21.4018
24/07/2024 02:53:03.999,21.4852,33.0425,1.19,8.088,55.291,21.4007
24/07/2024 02:54:03.002,21.4847,33.0417,1.19,8.087,55.290,21.4001
24/07/2024 02:55:03.001,21.4832,33.0429,1.18,8.088,55.233,21.4006
24/07/2024 02:56:03.000,21.4827,33.0439,1.19,8.087,55.295,21.3997
24/07/2024 02:57:03.999,21.4834,33.0441,1.18,8.087,55.175,21.4000
24/07/2024 02:58:03.001,21.4830,33.0441,1.19,8.087,55.226,21.3980
24/07/2024 02:59:03.000,21.4834,33.0432,1.18,8.087,55.325,21.3985
24/07/2024 03:00:03.000,21.4836,33.0425,1.18,8.087,55.294,21.3981
24/07/2024 03:01:03.999,21.4810,33.0426,1.19,8.087,55.235,21.3976
24/07/2024 03:02:03.001,21.4802,33.0434,1.19,8.089,55.299,21.3963
24/07/2024 03:03:03.000,21.4792,33.0446,1.19,8.088,55.256,21.3970
24/07/2024 03:04:03.999,21.4789,33.0428,1.19,8.088,55.320,21.3960
24/07/2024 03:05:03.998,21.4787,33.0433,1.18,8.088,55.193,21.3958
24/07/2024 03:06:03.001,21.4781,33.0438,1.19,8.088,55.199,21.3954
24/07/2024 03:07:03.000,21.4774,33.0448,1.19,8.088,55.179,21.3945
24/07/2024 03:08:03.999,21.4785,33.0441,1.18,8.088,55.304,21.3945
24/07/2024 03:09:03.002,21.4792,33.0450,1.19,8.088,55.250,21.3943
24/07/2024 03:10:03.001,21.4768,33.0434,1.19,8.088,55.302,21.3923
24/07/2024 03:11:03.000,21.4768,33.0428,1.19,8.088,55.362,21.3932
24/07/2024 03:12:03.999,21.4752,33.0448,1.19,8.088,55.266,21.3929
24/07/2024 03:13:03.001,21.4765,33.0428,1.18,8.088,55.328,21.3923
24/07/2024 03:14:03.000,21.4743,33.0434,1.19,8.088,55.333,21.3915
24/07/2024 03:15:03.000,21.4731,33.0441,1.19,8.088,55.307,21.3913
24/07/2024 03:16:03.999,21.4737,33.0437,1.19,8.088,55.208,21.3903
24/07/2024 03:17:03.001,21.4737,33.0438,1.19,8.088,55.235,21.3904
24/07/2024 03:18:03.000,21.4732,33.0440,1.19,8.087,55.394,21.3882
24/07/2024 03:19:03.999,21.4738,33.0440,1.18,8.087,55.180,21.3897
24/07/2024 03:20:03.998,21.4710,33.0450,1.18,8.087,55.315,21.3889
24/07/2024 03:21:03.001,21.4715,33.0447,1.19,8.087,55.268,21.3876
24/07/2024 03:22:03.000,21.4698,33.0444,1.18,8.087,55.234,21.3879
24/07/2024 03:23:03.999,21.4691,33.0442,1.18,8.087,55.348,21.3870
24/07/2024 03:24:03.002,21.4677,33.0438,1.18,8.087,55.323,21.3868
24/07/2024 03:25:03.001,21.4665,33.0445,1.18,8.087,55.300,21.3855
24/07/2024 03:26:03.000,21.4671,33.0443,1.18,8.088,55.280,21.3863
24/07/2024 03:27:03.999,21.4661,33.0441,1.18,8.088,55.270,21.3844
24/07/2024 03:28:03.001,21.4673,33.0443,1.18,8.088,55.309,21.3853
24/07/2024 03:29:03.000,21.4684,33.0448,1.18,8.088,55.233,21.3839
24/07/2024 03:30:03.000,21.4666,33.0442,1.18,8.088,55.262,21.3847
24/07/2024 03:31:03.999,21.4655,33.0448,1.18,8.087,55.226,21.3841
24/07/2024 03:32:03.001,21.4643,33.0457,1.19,8.087,55.418,21.3843
24/07/2024 03:33:03.000,21.4630,33.0452,1.18,8.087,55.242,21.3822
24/07/2024 03:34:03.999,21.4629,33.0449,1.19,8.087,55.277,21.3828
24/07/2024 03:35:03.998,21.4622,33.0455,1.19,8.087,55.295,21.3816
24/07/2024 03:36:03.001,21.4618,33.0448,1.19,8.088,55.301,21.3801
24/07/2024 03:37:03.000,21.4609,33.0468,1.19,8.088,55.351,21.3815
24/07/2024 03:38:03.999,21.4616,33.0459,1.18,8.088,55.258,21.3787
24/07/2024 03:39:03.002,21.4619,33.0443,1.18,8.088,55.312,21.3803
24/07/2024 03:40:03.001,21.4597,33.0456,1.18,8.088,55.365,21.3791
24/07/2024 03:41:03.000,21.4595,33.0459,1.18,8.088,55.306,21.3794
24/07/2024 03:42:03.999,21.4593,33.0462,1.18,8.088,55.348,21.3789
24/07/2024 03:43:03.001,21.4575,33.0454,1.18,8.088,55.175,21.3780
24/07/2024 03:44:03.000,21.4567,33.0452,1.18,8.087,55.309,21.3773
24/07/2024 03:45:03.000,21.4560,33.0458,1.19,8.088,55.273,21.3769
24/07/2024 03:46:03.999,21.4545,33.0467,1.18,8.088,55.268,21.3768
24/07/2024 03:47:03.001,21.4554,33.0457,1.18,8.088,55.234,21.3769
24/07/2024 03:48:03.000,21.4549,33.0482,1.19,8.088,55.210,21.3760
24/07/2024 03:49:03.999,21.4555,33.0461,1.19,8.088,55.296,21.3746
24/07/2024 03:50:03.998,21.4557,33.0457,1.19,8.088,55.235,21.3752
24/07/2024 03:51:03.001,21.4544,33.0467,1.18,8.088,55.228,21.3751
24/07/2024 03:52:03.000,21.4551,33.0457,1.19,8.087,55.277,21.3742
24/07/2024 03:53:03.999,21.4535,33.0459,1.18,8.087,55.288,21.3737
24/07/2024 03:54:03.002,21.4522,33.0464,1.19,8.087,55.232,21.3721
24/07/2024 03:55:03.001,21.4515,33.0455,1.18,8.087,55.302,21.3722
24/07/2024 03:56:03.000,21.4500,33.0466,1.19,8.088,55.283,21.3704
24/07/2024 03:57:03.999,21.4497,33.0474,1.19,8.088,55.308,21.3724
24/07/2024 03:58:03.001,21.4500,33.0458,1.18,8.088,55.276,21.3716
24/07/2024 03:59:03.000,21.4490,33.0471,1.18,8.088,55.275,21.3706
24/07/2024 04:00:03.000,21.4499,33.0460,1.18,8.088,55.298,21.3704
24/07/2024 04:01:03.999,21.4482,33.0474,1.18,8.088,55.356,21.3702
24/07/2024 04:02:03.001,21.4477,33.0469,1.19,8.088,55.421,21.3696
24/07/2024 04:03:03.000,21.4469,33.0472,1.19,8.088,55.361,21.3689
24/07/2024 04:04:03.999,21.4459,33.0459,1.19,8.088,55.239,21.3679
24/07/2024 04:05:03.998,21.4448,33.0470,1.18,8.088,55.398,21.3678
24/07/2024 04:06:03.001,21.4432,33.0466,1.19,8.088,55.338,21.3674
24/07/2024 04:07:03.000,21.4423,33.0465,1.18,8.088,55.331,21.3667
24/07/2024 04:08:03.999,21.4414,33.0481,1.19,8.087,55.354,21.3671
24/07/2024 04:09:03.002,21.4426,33.0475,1.18,8.087,55.300,21.3661
24/07/2024 04:10:03.001,21.4425,33.0481,1.18,8.088,55.234,21.3658
24/07/2024 04:11:03.000,21.4426,33.0478,1.19,8.087,55.344,21.3651
24/07/2024 04:12:03.999,21.4420,33.0480,1.18,8.087,55.289,21.3631
24/07/2024 04:13:03.001,21.4419,33.0477,1.18,8.087,55.270,21.3647
24/07/2024 04:14:03.000,21.4407,33.0484,1.19,8.088,55.333,21.3618
24/07/2024 04:15:03.000,21.4389,33.0476,1.18,8.087,55.316,21.3608
24/07/2024 04:16:03.999,21.4385,33.0470,1.18,8.088,55.383,21.3615
24/07/2024 04:17:03.001,21.4362,33.0477,1.18,8.088,55.424,21.3623
24/07/2024 04:18:03.000,21.4363,33.0473,1.18,8.088,55.323,21.3611
24/07/2024 04:19:03.999,21.4365,33.0474,1.18,8.088,55.310,21.3616
24/07/2024 04:20:03.998,21.4362,33.0478,1.18,8.088,55.444,21.3609
24/07/2024 04:21:03.001,21.4347,33.0477,1.18,8.088,55.378,21.3594
24/07/2024 04:22:03.000,21.4360,33.0484,1.19,8.088,55.369,21.3605
24/07/2024 04:23:03.999,21.4351,33.0488,1.19,8.088,55.264,21.3578
24/07/2024 04:24:03.002,21.4347,33.0480,1.18,8.088,55.242,21.3591
24/07/2024 04:25:03.001,21.4333,33.0486,1.18,8.088,55.318,21.3581
24/07/2024 04:26:03.000,21.4342,33.0476,1.20,8.088,55.285,21.3578
24/07/2024 04:27:03.999,21.4309,33.0493,1.19,8.088,55.398,21.3572
24/07/2024 04:28:03.001,21.4296,33.0487,1.19,8.087,55.351,21.3566
24/07/2024 04:29:03.000,21.4288,33.0494,1.18,8.087,55.409,21.3562
24/07/2024 04:30:03.000,21.4298,33.0489,1.19,8.087,55.227,21.3551
24/07/2024 04:31:03.999,21.4301,33.0494,1.18,8.089,55.336,21.3559
24/07/2024 04:32:03.001,21.4311,33.0480,1.18,8.088,55.411,21.3552
24/07/2024 04:33:03.000,21.4293,33.0483,1.18,8.088,55.368,21.3550
24/07/2024 04:34:03.999,21.4295,33.0492,1.19,8.088,55.262,21.3547
24/07/2024 04:35:03.998,21.4284,33.0492,1.18,8.087,55.406,21.3538
24/07/2024 04:36:03.001,21.4282,33.0494,1.18,8.087,55.284,21.3530
24/07/2024 04:37:03.000,21.4260,33.0485,1.18,8.087,55.321,21.3524
24/07/2024 04:38:03.999,21.4247,33.0483,1.18,8.087,55.312,21.3517
24/07/2024 04:39:03.002,21.4234,33.0493,1.19,8.087,55.263,21.3507
24/07/2024 04:40:03.001,21.4234,33.0497,1.18,8.086,55.175,21.3517
24/07/2024 04:41:03.000,21.4234,33.0512,1.18,8.086,55.355,21.3502
24/07/2024 04:42:03.999,21.4239,33.0491,1.19,8.086,55.262,21.3479
24/07/2024 04:43:03.001,21.4231,33.0498,1.18,8.086,55.354,21.3493
24/07/2024 04:44:03.000,21.4227,33.0486,1.19,8.086,55.350,21.3476
24/07/2024 04:45:03.000,21.4218,33.0491,1.19,8.086,55.354,21.3483
24/07/2024 04:46:03.999,21.4225,33.0488,1.19,8.086,55.302,21.3479
24/07/2024 04:47:03.001,21.4213,33.0488,1.19,8.086,55.441,21.3469
24/07/2024 04:48:03.000,21.4197,33.0487,1.19,8.086,55.376,21.3465
24/07/2024 04:49:03.999,21.4186,33.0493,1.19,8.086,55.388,21.3466
24/07/2024 04:50:03.998,21.4169,33.0497,1.18,8.085,55.377,21.3462
24/07/2024 04:51:03.001,21.4177,33.0509,1.18,8.085,55.375,21.3442
24/07/2024 04:52:03.000,21.4178,33.0503,1.18,8.085,55.441,21.3456
24/07/2024 04:53:03.999,21.4188,33.0496,1.19,8.085,55.399,21.3439
24/07/2024 04:54:03.002,21.4181,33.0506,1.18,8.085,55.360,21.3447
24/07/2024 04:55:03.001,21.4169,33.0500,1.19,8.085,55.331,21.3437
24/07/2024 04:56:03.000,21.4156,33.0501,1.18,8.085,55.276,21.3432
24/07/2024 04:57:03.999,21.4154,33.0487,1.18,8.085,55.250,21.3424
24/07/2024 04:58:03.001,21.4140,33.0501,1.19,8.084,55.261,21.3423
24/07/2024 04:59:03.000,21.4117,33.0501,1.18,8.084,55.379,21.3416
24/07/2024 05:00:03.000,21.4108,33.0505,1.18,8.084,55.379,21.3409
24/07/2024 05:01:03.999,21.4100,33.0505,1.18,8.084,55.290,21.3412
24/07/2024 05:02:03.001,21.4110,33.0510,1.19,8.084,55.244,21.3411
24/07/2024 05:03:03.000,21.4111,33.0515,1.18,8.084,55.301,21.3399
24/07/2024 05:04:03.999,21.4118,33.0498,1.18,8.084,55.316,21.3391
24/07/2024 05:05:03.998,21.4122,33.0502,1.19,8.084,55.175,21.3395
24/07/2024 05:06:03.001,21.4114,33.0508,1.18,8.084,55.358,21.3398
24/07/2024 05:07:03.000,21.4111,33.0500,1.18,8.084,55.263,21.3384
24/07/2024 05:08:03.999,21.4104,33.0505,1.18,8.084,55.452,21.3370
24/07/2024 05:09:03.002,21.4083,33.0513,1.20,8.084,55.452,21.3364
24/07/2024 05:10:03.001,21.4058,33.0506,1.18,8.083,55.265,21.3358
24/07/2024 05:11:03.000,21.4047,33.0505,1.18,8.083,55.384,21.3346
24/07/2024 05:12:03.999,21.4050,33.0515,1.18,8.083,55.261,21.3352
24/07/2024 05:13:03.001,21.4043,33.0527,1.19,8.083,55.264,21.3346
24/07/2024 05:14:03.000,21.4048,33.0533,1.18,8.083,55.278,21.3336
24/07/2024 05:15:03.000,21.4038,33.0522,1.19,8.083,55.273,21.3337
24/07/2024 05:16:03.999,21.4043,33.0518,1.18,8.083,55.279,21.3335
24/07/2024 05:17:03.001,21.4044,33.0511,1.19,8.083,55.291,21.3318
24/07/2024 05:18:03.000,21.4033,33.0510,1.18,8.083,55.317,21.3327
24/07/2024 05:19:03.999,21.4026,33.0521,1.18,8.083,55.298,21.3304
24/07/2024 05:20:03.998,21.4006,33.0522,1.19,8.083,55.387,21.3316
24/07/2024 05:21:03.001,21.4001,33.0524,1.19,8.083,55.328,21.3302
24/07/2024 05:22:03.000,21.3993,33.0511,1.20,8.083,55.373,21.3302
24/07/2024 05:23:03.999,21.3983,33.0529,1.19,8.083,55.214,21.3303
24/07/2024 05:24:03.002,21.3978,33.0513,1.19,8.083,55.226,21.3293
24/07/2024 05:25:03.001,21.4001,33.0509,1.18,8.083,55.364,21.3291
24/07/2024 05:26:03.000,21.3995,33.0532,1.19,8.083,55.299,21.3284
24/07/2024 05:27:03.999,21.3980,33.0526,1.19,8.083,55.245,21.3266
24/07/2024 05:28:03.001,21.3975,33.0525,1.18,8.083,55.272,21.3270
24/07/2024 05:29:03.000,21.3979,33.0521,1.18,8.083,55.276,21.3251
24/07/2024 05:30:03.000,21.3961,33.0525,1.19,8.083,55.293,21.3262
24/07/2024 05:31:03.999,21.3945,33.0516,1.19,8.083,55.397,21.3248
24/07/2024 05:32:03.001,21.3936,33.0521,1.18,8.083,55.298,21.3254
24/07/2024 05:33:03.000,21.3924,33.0524,1.19,8.083,55.279,21.3245
24/07/2024 05:34:03.999,21.3921,33.0527,1.18,8.083,55.236,21.3245
24/07/2024 05:35:03.998,21.3925,33.0526,1.19,8.083,55.319,21.3231
24/07/2024 05:36:03.001,21.3933,33.0513,1.19,8.083,55.283,21.3235
24/07/2024 05:37:03.000,21.3928,33.0528,1.19,8.083,55.402,21.3227
24/07/2024 05:38:03.999,21.3939,33.0521,1.19,8.083,55.217,21.3208
24/07/2024 05:39:03.002,21.3925,33.0525,1.19,8.083,55.237,21.3215
24/07/2024 05:40:03.001,21.3903,33.0546,1.18,8.083,55.215,21.3205
24/07/2024 05:41:03.000,21.3902,33.0533,1.18,8.083,55.277,21.3194
24/07/2024 05:42:03.999,21.3875,33.0541,1.19,8.083,55.316,21.3205
24/07/2024 05:43:03.001,21.3869,33.0525,1.19,8.083,55.145,21.3196
24/07/2024 05:44:03.000,21.3865,33.0540,1.18,8.083,55.318,21.3199
24/07/2024 05:45:03.000,21.3862,33.0538,1.19,8.083,55.303,21.3191
24/07/2024 05:46:03.999,21.3867,33.0545,1.19,8.083,55.200,21.3185
24/07/2024 05:47:03.001,21.3874,33.0541,1.19,8.083,55.370,21.3167
24/07/2024 05:48:03.000,21.3870,33.0535,1.18,8.083,55.269,21.3182
24/07/2024 05:49:03.999,21.3858,33.0544,1.17,8.083,55.379,21.3173
24/07/2024 05:50:03.998,21.3857,33.0537,1.19,8.083,55.414,21.3160
24/07/2024 05:51:03.001,21.3843,33.0536,1.19,8.083,55.418,21.3149
24/07/2024 05:52:03.000,21.3844,33.0534,1.19,8.083,55.263,21.3157
24/07/2024 05:53:03.999,21.3838,33.0533,1.18,8.083,55.285,21.3153
24/07/2024 05:54:03.002,21.3814,33.0541,1.19,8.083,55.199,21.3151
24/07/2024 05:55:03.001,21.3818,33.0530,1.19,8.083,55.311,21.3148
24/07/2024 05:56:03.000,21.3812,33.0537,1.20,8.083,55.312,21.3131
24/07/2024 05:57:03.999,21.3815,33.0540,1.19,8.083,55.244,21.3136
24/07/2024 05:58:03.001,21.3822,33.0545,1.19,8.084,55.249,21.3113
24/07/2024 05:59:03.000,21.3821,33.0541,1.19,8.084,55.290,21.3130
24/07/2024 06:00:03.000,21.3811,33.0543,1.19,8.084,55.306,21.3115
24/07/2024 06:01:03.999,21.3806,33.0539,1.19,8.084,55.298,21.3118
24/07/2024 06:02:03.001,21.3796,33.0546,1.19,8.084,55.362,21.3109
24/07/2024 06:03:03.000,21.3767,33.0548,1.20,8.084,55.316,21.3103
24/07/2024 06:04:03.999,21.3768,33.0540,1.19,8.085,55.265,21.3104
24/07/2024 06:05:03.998,21.3754,33.0543,1.19,8.086,55.391,21.3101
24/07/2024 06:06:03.001,21.3754,33.0547,1.19,8.087,55.383,21.3093
24/07/2024 06:07:03.000,21.3769,33.0546,1.20,8.088,55.507,21.3090
24/07/2024 06:08:03.999,21.3764,33.0555,1.19,8.088,55.390,21.3079
24/07/2024 06:09:03.002,21.3758,33.0545,1.19,8.088,55.288,21.3077
24/07/2024 06:10:03.001,21.3751,33.0546,1.19,8.089,55.267,21.3071
24/07/2024 06:11:03.000,21.3735,33.0555,1.19,8.089,55.256,21.3067
24/07/2024 06:12:03.999,21.3740,33.0550,1.19,8.089,55.391,21.3059
24/07/2024 06:13:03.001,21.3742,33.0533,1.19,8.090,55.417,21.3056
24/07/2024 06:14:03.000,21.3727,33.0556,1.19,8.092,55.245,21.3045
24/07/2024 06:15:03.000,21.3718,33.0554,1.19,8.091,55.262,21.3046
24/07/2024 06:16:03.999,21.3724,33.0555,1.19,8.091,55.410,21.3048
24/07/2024 06:17:03.001,21.3729,33.0539,1.19,8.091,55.416,21.3028
24/07/2024 06:18:03.000,21.3729,33.0558,1.18,8.090,55.351,21.3037
24/07/2024 06:19:03.999,21.3722,33.0547,1.19,8.090,55.256,21.3024
24/07/2024 06:20:03.998,21.3706,33.0558,1.19,8.090,55.250,21.3024
24/07/2024 06:21:03.001,21.3712,33.0552,1.19,8.091,55.235,21.3023
24/07/2024 06:22:03.000,21.3698,33.0560,1.19,8.090,55.232,21.3013
24/07/2024 06:23:03.999,21.3692,33.0560,1.19,8.090,55.264,21.3004
24/07/2024 06:24:03.002,21.3703,33.0557,1.19,8.090,55.251,21.3005
24/07/2024 06:25:03.001,21.3695,33.0555,1.19,8.089,55.257,21.2984
24/07/2024 06:26:03.000,21.3693,33.0555,1.19,8.089,55.244,21.2998
24/07/2024 06:27:03.999,21.3686,33.0553,1.18,8.089,55.285,21.2993
24/07/2024 06:28:03.001,21.3694,33.0560,1.19,8.088,55.197,21.2992
24/07/2024 06:29:03.000,21.3680,33.0553,1.18,8.088,55.268,21.2978
24/07/2024 06:30:03.000,21.3684,33.0567,1.19,8.088,55.323,21.2978
24/07/2024 06:31:03.999,21.3694,33.0560,1.18,8.087,55.195,21.2973
24/07/2024 06:32:03.001,21.3681,33.0569,1.19,8.087,55.168,21.2971
24/07/2024 06:33:03.000,21.3678,33.0557,1.18,8.086,55.116,21.2965
24/07/2024 06:34:03.999,21.3668,33.0559,1.19,8.086,55.138,21.2941
24/07/2024 06:35:03.998,21.3657,33.0561,1.19,8.086,55.327,21.2954
24/07/2024 06:36:03.001,21.3657,33.0558,1.19,8.086,55.313,21.2936
24/07/2024 06:37:03.000,21.3652,33.0562,1.19,8.085,55.232,21.2941
24/07/2024 06:38:03.999,21.3650,33.0558,1.19,8.085,55.245,21.2944
24/07/2024 06:39:03.002,21.3655,33.0562,1.19,8.085,55.217,21.2940
24/07/2024 06:40:03.001,21.3653,33.0571,1.19,8.085,55.205,21.2930
24/07/2024 06:41:03.000,21.3653,33.0548,1.19,8.084,55.231,21.2925
24/07/2024 06:42:03.999,21.3631,33.0559,1.19,8.084,55.213,21.2910
24/07/2024 06:43:03.001,21.3633,33.0562,1.19,8.084,55.125,21.2918
24/07/2024 06:44:03.000,21.3640,33.0562,1.18,8.084,55.181,21.2915
24/07/2024 06:45:03.000,21.3627,33.0577,1.19,8.084,55.184,21.2897
24/07/2024 06:46:03.999,21.3629,33.0567,1.18,8.084,55.209,21.2904
24/07/2024 06:47:03.001,21.3608,33.0563,1.18,8.084,55.163,21.2899
24/07/2024 06:48:03.000,21.3605,33.0576,1.18,8.084,55.105,21.2901
24/07/2024 06:49:03.999,21.3606,33.0566,1.18,8.085,55.240,21.2885
24/07/2024 06:50:03.998,21.3604,33.0568,1.18,8.085,55.220,21.2897
24/07/2024 06:51:03.001,21.3587,33.0560,1.18,8.085,55.091,21.2884
24/07/2024 06:52:03.000,21.3576,33.0564,1.18,8.086,55.202,21.2858
24/07/2024 06:53:03.999,21.3577,33.0574,1.18,8.086,55.135,21.2875
24/07/2024 06:54:03.002,21.3578,33.0567,1.19,8.087,55.133,21.2873
24/07/2024 06:55:03.001,21.3574,33.0562,1.19,8.087,55.179,21.2862
24/07/2024 06:56:03.000,21.3565,33.0577,1.19,8.087,55.195,21.2844
24/07/2024 06:57:03.999,21.3574,33.0563,1.18,8.086,55.254,21.2855
24/07/2024 06:58:03.001,21.3561,33.0572,1.18,8.086,55.198,21.2850
24/07/2024 06:59:03.000,21.3559,33.0575,1.19,8.086,55.263,21.2845
24/07/2024 07:00:03.000,21.3563,33.0576,1.18,8.086,55.154,21.2842
24/07/2024 07:01:03.999,21.3551,33.0572,1.18,8.086,55.193,21.2835
24/07/2024 07:02:03.001,21.3555,33.0559,1.18,8.086,55.125,21.2835
24/07/2024 07:03:03.000,21.3549,33.0592,1.20,8.086,55.310,21.2829
24/07/2024 07:04:03.999,21.3550,33.0567,1.19,8.086,55.284,21.2824
24/07/2024 07:05:03.998,21.3538,33.0577,1.19,8.086,55.215,21.2824
24/07/2024 07:06:03.001,21.3548,33.0584,1.19,8.085,55.173,21.2820
24/07/2024 07:07:03.000,21.3540,33.0575,1.19,8.085,55.298,21.2815
24/07/2024 07:08:03.999,21.3542,33.0568,1.19,8.084,55.253,21.2809
24/07/2024 07:09:03.998,21.3528,33.0586,1.18,8.084,55.299,21.2805
24/07/2024 07:10:03.997,21.3513,33.0583,1.19,8.083,55.332,21.2789
24/07/2024 07:11:03.003,21.3522,33.0575,1.19,8.083,55.309,21.2793
24/07/2024 07:12:03.002,21.3514,33.0583,1.19,8.083,55.181,21.2797
24/07/2024 07:13:03.001,21.3519,33.0579,1.19,8.082,55.291,21.2766
24/07/2024 07:14:03.000,21.3524,33.0584,1.18,8.082,55.321,21.2778
24/07/2024 07:15:03.000,21.3521,33.0592,1.18,8.083,55.260,21.2776
24/07/2024 07:16:03.999,21.3524,33.0585,1.19,8.083,55.166,21.2771
24/07/2024 07:17:03.998,21.3520,33.0576,1.19,8.082,55.162,21.2773
24/07/2024 07:18:03.997,21.3516,33.0581,1.19,8.082,55.217,21.2765
24/07/2024 07:19:03.003,21.3511,33.0581,1.19,8.082,55.309,21.2765
24/07/2024 07:20:03.002,21.3510,33.0593,1.19,8.082,55.284,21.2752
24/07/2024 07:21:03.001,21.3508,33.0592,1.19,8.082,55.228,21.2752
24/07/2024 07:22:03.000,21.3502,33.0579,1.19,8.082,55.344,21.2730
24/07/2024 07:23:03.999,21.3487,33.0589,1.19,8.082,55.275,21.2748
24/07/2024 07:24:03.998,21.3495,33.0590,1.19,8.082,55.342,21.2731
24/07/2024 07:25:03.997,21.3478,33.0588,1.19,8.082,55.271,21.2735
24/07/2024 07:26:03.003,21.3483,33.0588,1.18,8.082,55.299,21.2728
24/07/2024 07:27:03.002,21.3480,33.0576,1.18,8.082,55.252,21.2729
24/07/2024 07:28:03.001,21.3467,33.0587,1.19,8.082,55.201,21.2722
24/07/2024 07:29:03.000,21.3486,33.0581,1.18,8.082,55.275,21.2712
24/07/2024 07:30:03.000,21.3483,33.0588,1.19,8.082,55.189,21.2716
24/07/2024 07:31:03.999,21.3481,33.0592,1.18,8.082,55.287,21.2695
24/07/2024 07:32:03.998,21.3482,33.0603,1.19,8.081,55.264,21.2711
24/07/2024 07:33:03.997,21.3478,33.0603,1.18,8.081,55.220,21.2710
24/07/2024 07:34:03.003,21.3489,33.0582,1.20,8.081,55.260,21.2697
24/07/2024 07:35:03.002,21.3482,33.0589,1.19,8.081,55.282,21.2689
24/07/2024 07:36:03.001,21.3469,33.0594,1.19,8.081,55.150,21.2696
24/07/2024 07:37:03.000,21.3489,33.0596,1.19,8.081,55.247,21.2691
24/07/2024 07:38:03.999,21.3494,33.0591,1.19,8.081,55.316,21.2683
24/07/2024 07:39:03.998,21.3503,33.0604,1.18,8.081,55.299,21.2678
24/07/2024 07:40:03.997,21.3499,33.0595,1.19,8.081,55.184,21.2682
24/07/2024 07:41:03.003,21.3500,33.0587,1.19,8.081,55.225,21.2657
24/07/2024 07:42:03.002,21.3496,33.0593,1.19,8.080,55.235,21.2675
24/07/2024 07:43:03.001,21.3485,33.0604,1.19,8.080,55.183,21.2671
24/07/2024 07:44:03.000,21.3494,33.0590,1.19,8.080,55.282,21.2671
24/07/2024 07:45:03.000,21.3481,33.0601,1.19,8.080,55.243,21.2664
24/07/2024 07:46:03.999,21.3496,33.0587,1.19,8.080,55.134,21.2659
24/07/2024 07:47:03.998,21.3500,33.0595,1.19,8.080,55.169,21.2648
24/07/2024 07:48:03.997,21.3500,33.0592,1.19,8.080,55.306,21.2653
24/07/2024 07:49:03.003,21.3503,33.0592,1.18,8.080,55.175,21.2626
24/07/2024 07:50:03.002,21.3498,33.0586,1.19,8.081,55.260,21.2642
24/07/2024 07:51:03.001,21.3481,33.0602,1.19,8.081,55.233,21.2646
24/07/2024 07:52:03.000,21.3490,33.0596,1.19,8.081,55.250,21.2629
24/07/2024 07:53:03.999,21.3494,33.0600,1.19,8.081,55.300,21.2646
24/07/2024 07:54:03.998,21.3482,33.0609,1.18,8.080,55.334,21.2634
24/07/2024 07:55:03.997,21.3494,33.0606,1.20,8.080,55.275,21.2627
24/07/2024 07:56:03.003,21.3488,33.0604,1.20,8.080,55.269,21.2618
24/07/2024 07:57:03.002,21.3500,33.0603,1.19,8.080,55.242,21.2618
24/07/2024 07:58:03.001,21.3501,33.0608,1.19,8.080,55.225,21.2623
24/07/2024 07:59:03.000,21.3505,33.0592,1.19,8.080,55.304,21.2599
24/07/2024 08:00:03.000,21.3493,33.0593,1.19,8.080,55.300,21.2615
24/07/2024 08:01:03.999,21.3501,33.0600,1.20,8.080,55.295,21.2602
24/07/2024 08:02:03.998,21.3500,33.0603,1.19,8.080,55.313,21.2611
24/07/2024 08:03:03.997,21.3499,33.0604,1.19,8.080,55.372,21.2613
24/07/2024 08:04:03.003,21.3508,33.0603,1.19,8.079,55.387,21.2609
24/07/2024 08:05:03.002,21.3503,33.0605,1.18,8.079,55.204,21.2604
24/07/2024 08:06:03.001,21.3512,33.0599,1.19,8.079,55.228,21.2604
24/07/2024 08:07:03.000,21.3509,33.0611,1.19,8.079,55.149,21.2591
24/07/2024 08:08:03.999,21.3515,33.0607,1.19,8.079,55.196,21.2570
24/07/2024 08:09:03.998,21.3511,33.0595,1.19,8.079,55.248,21.2583
24/07/2024 08:10:03.997,21.3502,33.0598,1.19,8.079,55.165,21.2580
24/07/2024 08:11:03.003,21.3512,33.0598,1.19,8.079,55.134,21.2579
24/07/2024 08:12:03.002,21.3506,33.0614,1.19,8.079,55.217,21.2576
24/07/2024 08:13:03.001,21.3529,33.0615,1.19,8.079,55.202,21.2570
24/07/2024 08:14:03.000,21.3528,33.0598,1.19,8.079,55.227,21.2571
24/07/2024 08:15:03.000,21.3522,33.0619,1.18,8.079,55.140,21.2567
24/07/2024 08:16:03.999,21.3530,33.0618,1.19,8.079,55.124,21.2569
24/07/2024 08:17:03.998,21.3536,33.0618,1.19,8.079,55.319,21.2546
24/07/2024 08:18:03.997,21.3533,33.0611,1.18,8.079,55.195,21.2576
24/07/2024 08:19:03.003,21.3540,33.0612,1.19,8.080,55.257,21.2559
24/07/2024 08:20:03.002,21.3532,33.0608,1.19,8.080,55.175,21.2564
24/07/2024 08:21:03.001,21.3533,33.0611,1.19,8.079,55.302,21.2566
24/07/2024 08:22:03.000,21.3531,33.0622,1.19,8.079,55.244,21.2556
24/07/2024 08:23:03.999,21.3526,33.0629,1.19,8.080,55.272,21.2560
24/07/2024 08:24:03.998,21.3531,33.0610,1.19,8.080,55.245,21.2555
24/07/2024 08:25:03.997,21.3542,33.0607,1.19,8.080,55.218,21.2553
24/07/2024 08:26:03.003,21.3551,33.0617,1.18,8.080,55.226,21.2552
24/07/2024 08:27:03.002,21.3552,33.0606,1.18,8.080,55.312,21.2534
24/07/2024 08:28:03.001,21.3559,33.0604,1.19,8.081,55.199,21.2546
24/07/2024 08:29:03.000,21.3568,33.0604,1.19,8.081,55.155,21.2532
24/07/2024 08:30:03.000,21.3577,33.0601,1.19,8.082,55.303,21.2548
24/07/2024 08:31:03.999,21.3576,33.0617,1.19,8.082,55.189,21.2544
24/07/2024 08:32:03.998,21.3576,33.0617,1.19,8.082,55.163,21.2542
24/07/2024 08:33:03.997,21.3579,33.0618,1.19,8.083,55.199,21.2542
24/07/2024 08:34:03.003,21.3586,33.0613,1.20,8.083,55.305,21.2540
24/07/2024 08:35:03.002,21.3591,33.0617,1.19,8.083,55.222,21.2482
24/07/2024 08:36:03.001,21.3596,33.0614,1.19,8.083,55.323,21.2481
24/07/2024 08:37:03.000,21.3604,33.0614,1.19,8.083,55.308,21.2472
24/07/2024 08:38:03.999,21.3616,33.0619,1.19,8.084,55.266,21.2482
24/07/2024 08:39:03.998,21.3628,33.0618,1.20,8.086,55.315,21.2492
24/07/2024 08:40:03.997,21.3637,33.0617,1.18,8.086,55.262,21.2485
24/07/2024 08:41:03.003,21.3645,33.0625,1.19,8.086,55.311,21.2490
24/07/2024 08:42:03.002,21.3668,33.0610,1.19,8.086,55.250,21.2498
24/07/2024 08:43:03.001,21.3683,33.0611,1.19,8.086,55.269,21.2489
24/07/2024 08:44:03.000,21.3674,33.0612,1.20,8.086,55.351,21.2488
24/07/2024 08:45:03.000,21.3684,33.0609,1.19,8.085,55.325,21.2491
24/07/2024 08:46:03.999,21.3674,33.0619,1.20,8.085,55.219,21.2480
24/07/2024 08:47:03.998,21.3689,33.0618,1.20,8.084,55.246,21.2495
24/07/2024 08:48:03.997,21.3696,33.0630,1.20,8.083,55.271,21.2495
24/07/2024 08:49:03.003,21.3711,33.0619,1.20,8.083,55.237,21.2492
24/07/2024 08:50:03.002,21.3719,33.0625,1.20,8.083,55.369,21.2482
24/07/2024 08:51:03.001,21.3712,33.0612,1.19,8.082,55.432,21.2484
24/07/2024 08:52:03.000,21.3718,33.0623,1.20,8.082,55.314,21.2484
24/07/2024 08:53:03.999,21.3724,33.0614,1.19,8.082,55.280,21.2476
24/07/2024 08:54:03.998,21.3723,33.0618,1.19,8.082,55.285,21.2489
24/07/2024 08:55:03.997,21.3724,33.0619,1.19,8.082,55.224,21.2475
24/07/2024 08:56:03.003,21.3732,33.0616,1.22,8.083,55.188,21.2472
24/07/2024 08:57:03.002,21.3743,33.0622,1.19,8.083,55.203,21.2472
24/07/2024 08:58:03.001,21.3737,33.0618,1.20,8.083,55.124,21.2478
24/07/2024 08:59:03.000,21.3734,33.0630,1.19,8.084,55.249,21.2476
24/07/2024 09:00:03.000,21.3747,33.0618,1.19,8.084,55.255,21.2476
24/07/2024 09:01:03.999,21.3742,33.0617,1.20,8.084,55.196,21.2478
24/07/2024 09:02:03.998,21.3746,33.0617,1.19,8.084,55.342,21.2474
24/07/2024 09:03:03.997,21.3742,33.0632,1.19,8.084,55.250,21.2472
24/07/2024 09:04:03.003,21.3749,33.0619,1.20,8.084,55.353,21.2469
24/07/2024 09:05:03.002,21.3750,33.0617,1.20,8.085,55.319,21.2466
24/07/2024 09:06:03.001,21.3758,33.0622,1.20,8.085,55.314,21.2470
24/07/2024 09:07:03.000,21.3772,33.0637,1.20,8.084,55.213,21.2463
24/07/2024 09:08:03.999,21.3781,33.0625,1.20,8.084,55.281,21.2468
24/07/2024 09:09:03.998,21.3782,33.0632,1.20,8.084,55.230,21.2469
24/07/2024 09:10:03.997,21.3801,33.0610,1.20,8.084,55.206,21.2469
24/07/2024 09:11:03.003,21.3787,33.0626,1.20,8.084,55.243,21.2465
24/07/2024 09:12:03.002,21.3798,33.0626,1.20,8.083,55.268,21.2447
24/07/2024 09:13:03.001,21.3806,33.0613,1.19,8.083,55.152,21.2454
24/07/2024 09:14:03.000,21.3801,33.0627,1.19,8.084,55.223,21.2444
24/07/2024 09:15:03.000,21.3808,33.0623,1.20,8.084,55.387,21.2454
24/07/2024 09:16:03.999,21.3815,33.0626,1.19,8.083,55.232,21.2363
24/07/2024 09:17:03.998,21.3815,33.0623,1.19,8.083,55.269,21.2368
24/07/2024 09:18:03.997,21.3813,33.0621,1.19,8.082,55.251,21.2375
24/07/2024 09:19:03.003,21.3822,33.0632,1.20,8.082,55.225,21.2371
24/07/2024 09:20:03.002,21.3824,33.0629,1.19,8.082,55.267,21.2375
24/07/2024 09:21:03.001,21.3831,33.0621,1.20,8.081,55.141,21.2356
24/07/2024 09:22:03.000,21.3837,33.0629,1.19,8.081,55.128,21.2342
24/07/2024 09:23:03.999,21.3854,33.0623,1.20,8.081,55.192,21.2334
24/07/2024 09:24:03.998,21.3854,33.0617,1.19,8.081,55.257,21.2364
24/07/2024 09:25:03.997,21.3848,33.0626,1.19,8.080,55.122,21.2367
24/07/2024 09:26:03.003,21.3852,33.0627,1.20,8.080,55.213,21.2367
24/07/2024 09:27:03.002,21.3867,33.0629,1.20,8.080,55.263,21.2367
24/07/2024 09:28:03.001,21.3872,33.0626,1.19,8.080,55.326,21.2374
24/07/2024 09:29:03.000,21.3854,33.0625,1.20,8.080,55.414,21.2372
24/07/2024 09:30:03.000,21.3857,33.0636,1.20,8.080,55.366,21.2367
24/07/2024 09:31:03.999,21.3864,33.0620,1.19,8.080,55.220,21.2352
24/07/2024 09:32:03.998,21.3877,33.0626,1.19,8.080,55.279,21.2360
24/07/2024 09:33:03.997,21.3873,33.0633,1.19,8.080,55.099,21.2363
24/07/2024 09:34:03.003,21.3882,33.0633,1.19,8.080,55.207,21.2330
24/07/2024 09:35:03.002,21.3885,33.0629,1.19,8.081,55.274,21.2346
24/07/2024 09:36:03.001,21.3881,33.0633,1.19,8.081,55.243,21.2348
24/07/2024 09:37:03.000,21.3878,33.0636,1.19,8.081,55.248,21.2357
24/07/2024 09:38:03.999,21.3882,33.0640,1.19,8.081,55.128,21.2354
24/07/2024 09:39:03.998,21.3888,33.0633,1.20,8.082,55.223,21.2338
24/07/2024 09:40:03.997,21.3899,33.0632,1.19,8.082,55.206,21.2335
24/07/2024 09:41:03.003,21.3900,33.0623,1.19,8.082,55.309,21.2333
24/07/2024 09:42:03.002,21.3916,33.0627,1.19,8.083,55.215,21.2327
24/07/2024 09:43:03.001,21.3921,33.0633,1.19,8.083,55.223,21.2353
24/07/2024 09:44:03.000,21.3924,33.0647,1.19,8.083,55.204,21.2357
24/07/2024 09:45:03.000,21.3929,33.0634,1.19,8.083,55.347,21.2364
24/07/2024 09:46:03.999,21.3936,33.0622,1.19,8.083,55.310,21.2366
24/07/2024 09:47:03.998,21.3944,33.0626,1.20,8.083,55.307,21.2356
24/07/2024 09:48:03.997,21.3950,33.0628,1.20,8.083,55.435,21.2362
24/07/2024 09:49:03.003,21.3948,33.0634,1.20,8.083,55.199,21.2365
24/07/2024 09:50:03.002,21.3945,33.0618,1.20,8.082,55.257,21.2344
24/07/2024 09:51:03.001,21.3949,33.0649,1.20,8.082,55.314,21.2343
24/07/2024 09:52:03.000,21.3959,33.0633,1.20,8.082,55.327,21.2362
24/07/2024 09:53:03.999,21.3964,33.0629,1.20,8.082,55.344,21.2408
24/07/2024 09:54:03.998,21.3955,33.0629,1.20,8.082,55.354,21.2412
24/07/2024 09:55:03.997,21.3969,33.0621,1.20,8.082,55.250,21.2401
24/07/2024 09:56:03.003,21.3950,33.0634,1.19,8.082,55.460,21.2414
24/07/2024 09:57:03.002,21.3947,33.0646,1.20,8.082,55.397,21.2411
24/07/2024 09:58:03.001,21.3950,33.0637,1.19,8.082,55.347,21.2415
24/07/2024 09:59:03.000,21.3952,33.0643,1.19,8.082,55.395,21.2398
24/07/2024 10:00:03.000,21.3947,33.0638,1.20,8.081,55.434,21.2416
24/07/2024 10:01:03.999,21.3941,33.0635,1.19,8.081,55.462,21.2417
24/07/2024 10:02:03.998,21.3931,33.0634,1.20,8.081,55.344,21.2404
24/07/2024 10:03:03.997,21.3919,33.0645,1.20,8.081,55.336,21.2402
24/07/2024 10:04:03.003,21.3913,33.0632,1.20,8.081,55.267,21.2416
24/07/2024 10:05:03.002,21.3891,33.0647,1.20,8.081,55.414,21.2407
24/07/2024 10:06:03.001,21.3878,33.0635,1.21,8.081,55.397,21.2414
24/07/2024 10:07:03.000,21.3878,33.0648,1.20,8.081,55.329,21.2411
24/07/2024 10:08:03.999,21.3879,33.0644,1.20,8.081,55.351,21.2386
24/07/2024 10:09:03.998,21.3869,33.0645,1.20,8.081,55.367,21.2394
24/07/2024 10:10:03.997,21.3861,33.0642,1.20,8.081,55.258,21.2410
24/07/2024 10:11:03.003,21.3851,33.0657,1.20,8.081,55.245,21.2411
24/07/2024 10:12:03.002,21.3853,33.0641,1.20,8.081,55.297,21.2409
24/07/2024 10:13:03.001,21.3834,33.0638,1.21,8.081,55.391,21.2415
24/07/2024 10:14:03.000,21.3827,33.0655,1.20,8.081,55.309,21.2413
24/07/2024 10:15:03.000,21.3839,33.0650,1.20,8.080,55.435,21.2405
24/07/2024 10:16:03.999,21.3837,33.0648,1.19,8.080,55.407,21.2404
24/07/2024 10:17:03.998,21.3829,33.0645,1.20,8.080,55.351,21.2396
24/07/2024 10:18:03.997,21.3824,33.0646,1.20,8.080,55.256,21.2405
24/07/2024 10:19:03.003,21.3817,33.0656,1.19,8.081,55.359,21.2380
24/07/2024 10:20:03.002,21.3828,33.0635,1.20,8.081,55.363,21.2403
24/07/2024 10:21:03.001,21.3815,33.0650,1.20,8.081,55.386,21.2402
24/07/2024 10:22:03.000,21.3808,33.0646,1.20,8.081,55.330,21.2404
24/07/2024 10:23:03.999,21.3796,33.0656,1.20,8.081,55.381,21.2402
24/07/2024 10:24:03.998,21.3800,33.0651,1.19,8.081,55.309,21.2396
24/07/2024 10:25:03.997,21.3790,33.0651,1.19,8.080,55.371,21.2401
24/07/2024 10:26:03.003,21.3788,33.0644,1.20,8.080,55.326,21.2403
24/07/2024 10:27:03.002,21.3786,33.0651,1.20,8.080,55.335,21.2385
24/07/2024 10:28:03.001,21.3794,33.0650,1.20,8.080,55.436,21.2387
24/07/2024 10:29:03.000,21.3782,33.0660,1.20,8.080,55.268,21.2403
24/07/2024 10:30:03.000,21.3780,33.0655,1.20,8.079,55.374,21.2395
24/07/2024 10:31:03.999,21.3781,33.0657,1.20,8.079,55.328,21.2392
24/07/2024 10:32:03.998,21.3767,33.0653,1.19,8.079,55.280,21.2400
24/07/2024 10:33:03.997,21.3775,33.0656,1.20,8.079,55.279,21.2400
24/07/2024 10:34:03.003,21.3767,33.0648,1.20,8.079,55.325,21.2403
24/07/2024 10:35:03.002,21.3768,33.0657,1.19,8.079,55.295,21.2394
24/07/2024 10:36:03.001,21.3763,33.0679,1.20,8.079,55.266,21.2404
24/07/2024 10:37:03.000,21.3773,33.0667,1.21,8.079,55.333,21.2382
24/07/2024 10:38:03.999,21.3780,33.0648,1.20,8.079,55.407,21.2399
24/07/2024 10:39:03.998,21.3771,33.0647,1.19,8.079,55.377,21.2397
24/07/2024 10:40:03.997,21.3758,33.0664,1.21,8.080,55.279,21.2391
24/07/2024 10:41:03.003,21.3751,33.0661,1.20,8.080,55.353,21.2377
24/07/2024 10:42:03.002,21.3748,33.0663,1.19,8.081,55.211,21.2395
24/07/2024 10:43:03.001,21.3754,33.0657,1.20,8.081,55.226,21.2390
24/07/2024 10:44:03.000,21.3755,33.0661,1.20,8.082,55.359,21.2381
24/07/2024 10:45:03.000,21.3762,33.0654,1.20,8.082,55.347,21.2473
24/07/2024 10:46:03.999,21.3747,33.0668,1.20,8.082,55.207,21.2453
24/07/2024 10:47:03.998,21.3744,33.0665,1.20,8.082,55.256,21.2467
24/07/2024 10:48:03.997,21.3735,33.0665,1.22,8.083,55.301,21.2470
24/07/2024 10:49:03.003,21.3726,33.0669,1.20,8.083,55.277,21.2459
24/07/2024 10:50:03.002,21.3723,33.0673,1.19,8.083,55.253,21.2463
24/07/2024 10:51:03.001,21.3727,33.0675,1.20,8.083,55.352,21.2471
24/07/2024 10:52:03.000,21.3728,33.0663,1.19,8.083,55.354,21.2432
24/07/2024 10:53:03.999,21.3723,33.0681,1.20,8.083,55.256,21.2432
24/07/2024 10:54:03.998,21.3734,33.0664,1.20,8.083,55.297,21.2421
24/07/2024 10:55:03.997,21.3728,33.0681,1.20,8.083,55.231,21.2425
24/07/2024 10:56:03.003,21.3729,33.0678,1.20,8.083,55.329,21.2433
24/07/2024 10:57:03.002,21.3732,33.0666,1.20,8.083,55.264,21.2433
24/07/2024 10:58:03.001,21.3723,33.0671,1.20,8.083,55.210,21.2437
24/07/2024 10:59:03.000,21.3719,33.0673,1.20,8.084,55.205,21.2330
24/07/2024 11:00:03.000,21.3726,33.0674,1.20,8.084,55.356,21.2332
24/07/2024 11:01:03.999,21.3732,33.0676,1.21,8.084,55.190,21.2332
24/07/2024 11:02:03.998,21.3731,33.0675,1.20,8.085,55.658,21.2339
24/07/2024 11:03:03.997,21.3735,33.0672,1.19,8.085,55.210,21.2328
24/07/2024 11:04:03.003,21.3740,33.0672,1.20,8.085,55.217,21.2350
24/07/2024 11:05:03.002,21.3745,33.0678,1.19,8.086,55.230,21.2344
24/07/2024 11:06:03.001,21.3746,33.0674,1.19,8.086,55.286,21.2339
24/07/2024 11:07:03.000,21.3749,33.0669,1.19,8.086,55.247,21.2340
24/07/2024 11:08:03.999,21.3751,33.0675,1.20,8.086,55.224,21.2337
24/07/2024 11:09:03.998,21.3751,33.0683,1.20,8.085,55.186,21.2326
24/07/2024 11:10:03.997,21.3764,33.0671,1.20,8.085,55.107,21.2341
24/07/2024 11:11:03.003,21.3781,33.0678,1.21,8.085,55.324,21.2330
24/07/2024 11:12:03.002,21.3794,33.0693,1.20,8.085,55.253,21.2332
24/07/2024 11:13:03.001,21.3836,33.0692,1.19,8.085,55.636,21.2337
24/07/2024 11:14:03.000,21.3577,33.0595,1.18,8.086,55.255,21.2327
24/07/2024 11:15:03.000,21.3449,33.0728,1.17,8.086,55.283,21.2324
24/07/2024 11:16:03.999,21.3651,33.0707,1.17,8.086,55.301,21.2319
24/07/2024 11:17:03.998,21.3742,33.0687,1.17,8.086,55.312,21.2333
24/07/2024 11:18:03.997,21.3778,33.0686,1.18,8.086,55.281,21.2363
