Cruise namePNNL Tank
cast nameCast 179
cruise start date15/08/2023
cruise end date15/08/2023
15/07/2024 10:22:56.000,21.9698,32.4636,1.54,8.369,56.663,21.4934
15/07/2024 10:23:56.000,21.9687,32.4633,1.52,8.373,56.769,21.4935
15/07/2024 10:24:56.000,21.9655,32.4621,1.49,8.374,56.654,21.4932
15/07/2024 10:25:56.000,21.9642,32.4607,1.47,8.375,56.634,21.4930
15/07/2024 10:26:56.000,21.9592,32.4625,1.44,8.376,56.754,21.4926
15/07/2024 10:27:56.000,21.9595,32.4617,1.44,8.376,56.671,21.4925
15/07/2024 10:28:56.000,21.9583,32.4634,1.42,8.376,56.685,21.4928
15/07/2024 10:29:56.000,21.9575,32.4643,1.45,8.376,56.694,21.4920
15/07/2024 10:30:56.000,21.9585,32.4644,1.43,8.376,56.669,21.4919
15/07/2024 10:31:56.000,21.9586,32.4639,1.42,8.377,56.750,21.4920
15/07/2024 10:32:56.000,21.9593,32.4654,1.42,8.377,56.810,21.4910
15/07/2024 10:33:56.000,21.9597,32.4644,1.42,8.377,56.718,21.4910
15/07/2024 10:34:56.000,21.9606,32.4638,1.42,8.376,56.819,21.4903
15/07/2024 10:35:56.000,21.9599,32.4650,1.41,8.377,56.707,21.4906
15/07/2024 10:36:56.000,21.9587,32.4645,1.41,8.377,56.692,21.4899
15/07/2024 10:37:56.000,21.9572,32.4630,1.41,8.377,56.671,21.4891
15/07/2024 10:38:56.000,21.9560,32.4652,1.40,8.377,56.753,21.4896
15/07/2024 10:39:56.000,21.9568,32.4646,1.41,8.377,56.737,21.4897
15/07/2024 10:40:56.000,21.9554,32.4648,1.40,8.377,56.806,21.4902
15/07/2024 10:41:56.000,21.9557,32.4653,1.39,8.377,56.653,21.4892
15/07/2024 10:42:56.000,21.9557,32.4648,1.40,8.377,56.836,21.4887
15/07/2024 10:43:56.000,21.9570,32.4661,1.40,8.377,56.666,21.4896
15/07/2024 10:44:56.000,21.9573,32.4661,1.40,8.376,56.771,21.4894
15/07/2024 10:45:56.000,21.9577,32.4629,1.40,8.376,56.810,21.4889
15/07/2024 10:46:56.000,21.9553,32.4660,1.39,8.376,56.797,21.4889
15/07/2024 10:47:56.000,21.9553,32.4656,1.39,8.376,56.856,21.4882
15/07/2024 10:48:56.000,21.9552,32.4651,1.39,8.376,56.793,21.4886
15/07/2024 10:49:56.000,21.9555,32.4660,1.39,8.376,56.737,21.4884
15/07/2024 10:50:56.000,21.9582,32.4657,1.39,8.376,56.680,21.4880
15/07/2024 10:51:56.000,21.9576,32.4639,1.40,8.376,56.773,21.4876
15/07/2024 10:52:56.000,21.9566,32.4666,1.39,8.376,56.762,21.4876
15/07/2024 10:53:56.000,21.9570,32.4663,1.39,8.376,56.613,21.4869
15/07/2024 10:54:56.000,21.9578,32.4656,1.41,8.376,56.668,21.4871
15/07/2024 10:55:56.000,21.9566,32.4661,1.39,8.376,56.731,21.4875
15/07/2024 10:56:56.000,21.9571,32.4678,1.39,8.376,56.744,21.4868
15/07/2024 10:57:56.000,21.9592,32.4641,1.40,8.376,56.757,21.4868
15/07/2024 10:58:56.000,21.9584,32.4658,1.40,8.376,56.738,21.4865
15/07/2024 10:59:56.000,21.9577,32.4653,1.39,8.376,56.685,21.4867
15/07/2024 11:00:56.000,21.9583,32.4658,1.38,8.376,56.807,21.4854
15/07/2024 11:01:56.000,21.9579,32.4654,1.39,8.376,56.769,21.4860
15/07/2024 11:02:56.000,21.9588,32.4653,1.39,8.376,56.617,21.4862
15/07/2024 11:03:56.000,21.9576,32.4659,1.38,8.376,56.608,21.4856
15/07/2024 11:04:56.000,21.9573,32.4664,1.39,8.376,56.607,21.4863
15/07/2024 11:05:56.000,21.9569,32.4651,1.39,8.376,56.711,21.4858
15/07/2024 11:06:56.000,21.9565,32.4666,1.38,8.376,56.669,21.4842
15/07/2024 11:07:56.000,21.9565,32.4678,1.39,8.376,56.650,21.4839
15/07/2024 11:08:56.000,21.9572,32.4689,1.37,8.376,56.653,21.4834
15/07/2024 11:09:56.000,21.9575,32.4686,1.39,8.376,56.632,21.4831
15/07/2024 11:10:56.000,21.9568,32.4663,1.39,8.376,56.665,21.4830
15/07/2024 11:11:56.000,21.9564,32.4683,1.39,8.377,56.578,21.4834
15/07/2024 11:12:56.000,21.9576,32.4682,1.39,8.377,56.655,21.4820
15/07/2024 11:13:56.000,21.9587,32.4677,1.38,8.377,56.581,21.4828
15/07/2024 11:14:56.000,21.9597,32.4651,1.39,8.377,56.745,21.4827
15/07/2024 11:15:56.000,21.9587,32.4020,1.39,8.377,56.874,21.4818
15/07/2024 11:16:56.000,21.8186,32.3570,1.41,8.377,56.955,21.4786
15/07/2024 11:17:56.000,21.7331,32.4844,1.40,8.377,58.023,21.4861
15/07/2024 11:18:56.000,21.7016,32.4346,1.40,8.376,56.277,21.4877
15/07/2024 11:19:56.000,21.7154,32.4804,1.40,8.376,59.450,21.4867
15/07/2024 11:20:56.000,21.6907,32.4235,1.40,8.376,56.102,21.4897
15/07/2024 11:21:56.000,21.6773,32.5256,1.40,8.376,55.999,21.4859
15/07/2024 11:22:56.000,21.7736,32.5143,1.39,8.375,56.021,21.4866
15/07/2024 11:23:56.000,21.8416,32.4965,1.40,8.375,56.046,21.4857
15/07/2024 11:24:56.000,21.8775,32.4833,1.40,8.376,56.029,21.4853
15/07/2024 11:25:56.000,21.8946,32.4794,1.40,8.376,56.041,21.4866
15/07/2024 11:26:56.000,21.9035,32.4719,1.41,8.376,56.007,21.4858
15/07/2024 11:27:56.000,21.9053,32.4712,1.41,8.376,56.012,21.4850
15/07/2024 11:28:56.000,21.9079,32.4705,1.41,8.377,56.033,21.4859
15/07/2024 11:29:56.000,21.9085,32.4730,1.42,8.377,55.983,21.4859
15/07/2024 11:30:56.000,21.9125,32.4717,1.42,8.377,56.014,21.4864
15/07/2024 11:31:56.000,21.9137,32.4718,1.42,8.377,56.005,21.4859
15/07/2024 11:32:56.000,21.9162,32.4693,1.42,8.377,55.919,21.4858
15/07/2024 11:33:56.000,21.9147,32.4697,1.44,8.377,55.893,21.4861
15/07/2024 11:34:56.000,21.9169,32.4719,1.43,8.377,56.081,21.4859
15/07/2024 11:35:56.000,21.9176,32.4697,1.44,8.377,55.975,21.4860
15/07/2024 11:36:56.000,21.9156,32.4667,1.44,8.377,56.038,21.4855
15/07/2024 11:37:56.000,21.9120,32.4695,1.45,8.377,55.956,21.4857
15/07/2024 11:38:56.000,21.9110,32.4695,1.44,8.377,55.929,21.4857
15/07/2024 11:39:56.000,21.9120,32.4715,1.44,8.377,56.056,21.4858
15/07/2024 11:40:56.000,21.9147,32.4708,1.45,8.377,55.923,21.4858
15/07/2024 11:41:56.000,21.9142,32.4711,1.45,8.377,55.970,21.4856
15/07/2024 11:42:56.000,21.9144,32.4687,1.45,8.377,55.954,21.4859
15/07/2024 11:43:56.000,21.9122,32.4712,1.45,8.377,56.081,21.4855
15/07/2024 11:44:56.000,21.9125,32.4709,1.45,8.377,55.983,21.4850
15/07/2024 11:45:56.000,21.9141,32.4725,1.45,8.377,55.954,21.4852
15/07/2024 11:46:56.000,21.9167,32.4732,1.45,8.377,56.194,21.4852
15/07/2024 11:47:56.000,21.9178,32.4702,1.45,8.377,56.007,21.4852
15/07/2024 11:48:56.000,21.9175,32.4708,1.45,8.377,55.990,21.4850
15/07/2024 11:49:56.000,21.9170,32.4730,1.47,8.377,56.022,21.4850
15/07/2024 11:50:56.000,21.9192,32.4711,1.46,8.377,56.025,21.4851
15/07/2024 11:51:56.000,21.9191,32.4698,1.46,8.377,56.051,21.4848
15/07/2024 11:52:56.000,21.9170,32.4717,1.47,8.377,56.060,21.4849
15/07/2024 11:53:56.000,21.9197,32.4728,1.46,8.377,56.113,21.4849
15/07/2024 11:54:56.000,21.9201,32.4714,1.46,8.377,56.089,21.4849
15/07/2024 11:55:56.000,21.9200,32.4699,1.46,8.377,56.234,21.4853
15/07/2024 11:56:56.000,21.9184,32.4689,1.45,8.377,56.137,21.4850
15/07/2024 11:57:56.000,21.9165,32.4717,1.45,8.377,56.102,21.4845
15/07/2024 11:58:56.000,21.9165,32.4700,1.46,8.377,56.026,21.4844
15/07/2024 11:59:56.000,21.9148,32.4718,1.46,8.377,55.954,21.4844
15/07/2024 12:00:56.000,21.9160,32.4733,1.46,8.377,56.112,21.4852
15/07/2024 12:01:56.000,21.9196,32.4717,1.46,8.377,56.042,21.4839
15/07/2024 12:02:56.000,21.9191,32.4713,1.46,8.378,56.124,21.4848
15/07/2024 12:03:56.000,21.9188,32.4732,1.45,8.378,56.063,21.4852
15/07/2024 12:04:56.000,21.9212,32.4729,1.45,8.377,56.095,21.4836
15/07/2024 12:05:56.000,21.9228,32.4716,1.47,8.377,56.053,21.4849
15/07/2024 12:06:56.000,21.9218,32.4714,1.46,8.377,56.083,21.4847
15/07/2024 12:07:56.000,21.9216,32.4720,1.46,8.378,56.089,21.4845
15/07/2024 12:08:56.000,21.9196,32.4710,1.47,8.378,56.065,21.4843
15/07/2024 12:09:56.000,21.9189,32.4720,1.46,8.378,56.049,21.4847
15/07/2024 12:10:56.000,21.9212,32.4712,1.47,8.378,56.088,21.4847
15/07/2024 12:11:56.000,21.9215,32.4712,1.46,8.378,56.062,21.4842
15/07/2024 12:12:56.000,21.9207,32.4726,1.46,8.378,55.911,21.4849
15/07/2024 12:13:56.000,21.9219,32.4707,1.47,8.378,56.068,21.4845
15/07/2024 12:14:56.000,21.9189,32.4711,1.45,8.378,55.996,21.4843
15/07/2024 12:15:56.000,21.9191,32.4719,1.46,8.378,56.071,21.4844
15/07/2024 12:16:56.000,21.9193,32.4719,1.46,8.378,56.112,21.4842
15/07/2024 12:17:56.000,21.9194,32.4719,1.46,8.378,56.105,21.4845
15/07/2024 12:18:56.000,21.9189,32.4722,1.45,8.378,56.076,21.4847
15/07/2024 12:19:56.000,21.9170,32.4731,1.46,8.379,56.062,21.4837
15/07/2024 12:20:56.000,21.9162,32.4727,1.46,8.378,56.047,21.4843
15/07/2024 12:21:56.000,21.9195,32.4730,1.46,8.378,56.014,21.4839
15/07/2024 12:22:56.000,21.9195,32.4727,1.46,8.379,56.081,21.4843
15/07/2024 12:23:56.000,21.9194,32.4711,1.46,8.379,56.169,21.4842
15/07/2024 12:24:56.000,21.9193,32.4731,1.46,8.379,55.938,21.4844
15/07/2024 12:25:56.000,21.9208,32.4737,1.46,8.379,55.898,21.4841
15/07/2024 12:26:56.000,21.9216,32.4715,1.47,8.379,56.047,21.4840
15/07/2024 12:27:56.000,21.9210,32.4715,1.46,8.379,56.187,21.4842
15/07/2024 12:28:56.000,21.9204,32.4722,1.46,8.379,56.161,21.4840
15/07/2024 12:29:56.000,21.9209,32.4727,1.46,8.379,56.121,21.4844
15/07/2024 12:30:56.000,21.9206,32.4735,1.47,8.379,56.129,21.4842
15/07/2024 12:31:56.000,21.9199,32.4702,1.46,8.379,56.043,21.4842
15/07/2024 12:32:56.000,21.9179,32.4723,1.46,8.379,56.138,21.4847
15/07/2024 12:33:56.000,21.9190,32.4737,1.46,8.379,56.037,21.4843
15/07/2024 12:34:56.000,21.9211,32.4739,1.47,8.379,55.957,21.4844
15/07/2024 12:35:56.000,21.9243,32.4730,1.46,8.380,55.982,21.4841
15/07/2024 12:36:56.000,21.9234,32.4743,1.47,8.380,55.987,21.4841
15/07/2024 12:37:56.000,21.9255,32.4724,1.46,8.380,56.019,21.4851
15/07/2024 12:38:56.000,21.9238,32.4730,1.47,8.380,56.083,21.4849
15/07/2024 12:39:56.000,21.9244,32.4740,1.47,8.380,56.075,21.4849
15/07/2024 12:40:56.000,21.9261,32.4759,1.46,8.380,55.957,21.4845
15/07/2024 12:41:56.000,21.9280,32.4745,1.46,8.380,55.938,21.4852
15/07/2024 12:42:56.000,21.9295,32.4725,1.46,8.380,55.942,21.4849
15/07/2024 12:43:56.000,21.9284,32.4737,1.47,8.380,55.921,21.4847
15/07/2024 12:44:56.000,21.9288,32.4739,1.46,8.380,56.048,21.4848
15/07/2024 12:45:56.000,21.9300,32.4739,1.46,8.380,55.863,21.4845
15/07/2024 12:46:56.000,21.9316,32.4742,1.46,8.380,55.912,21.4854
15/07/2024 12:47:56.000,21.9331,32.4739,1.46,8.381,55.915,21.4854
15/07/2024 12:48:56.000,21.9325,32.4727,1.46,8.381,55.961,21.4848
15/07/2024 12:49:56.000,21.9299,32.4717,1.45,8.381,56.031,21.4853
15/07/2024 12:50:56.000,21.9283,32.4735,1.45,8.381,56.036,21.4855
15/07/2024 12:51:56.000,21.9288,32.4744,1.45,8.381,56.105,21.4856
15/07/2024 12:52:56.000,21.9301,32.4740,1.46,8.381,56.034,21.4856
15/07/2024 12:53:56.000,21.9302,32.4752,1.46,8.381,55.980,21.4856
15/07/2024 12:54:56.000,21.9335,32.4743,1.45,8.381,55.959,21.4848
15/07/2024 12:55:56.000,21.9355,32.4754,1.45,8.381,56.079,21.4860
15/07/2024 12:56:56.000,21.9353,32.4716,1.46,8.381,55.986,21.4859
15/07/2024 12:57:56.000,21.9325,32.4748,1.45,8.381,56.116,21.4857
15/07/2024 12:58:56.000,21.9338,32.4730,1.46,8.381,56.025,21.4858
15/07/2024 12:59:56.000,21.9356,32.4753,1.45,8.381,56.003,21.4864
15/07/2024 13:00:56.000,21.9362,32.4721,1.46,8.381,55.989,21.4852
15/07/2024 13:01:56.000,21.9360,32.4742,1.45,8.380,55.960,21.4852
15/07/2024 13:02:56.000,21.9371,32.4741,1.45,8.380,56.049,21.4867
15/07/2024 13:03:56.000,21.9365,32.4739,1.46,8.380,56.012,21.4870
15/07/2024 13:04:56.000,21.9381,32.4741,1.45,8.380,56.018,21.4862
15/07/2024 13:05:56.000,21.9374,32.4731,1.46,8.380,56.049,21.4872
15/07/2024 13:06:56.000,21.9367,32.4736,1.45,8.380,56.074,21.4869
15/07/2024 13:07:56.000,21.9364,32.4768,1.44,8.380,55.992,21.4873
15/07/2024 13:08:56.000,21.9392,32.4740,1.45,8.380,56.049,21.4863
15/07/2024 13:09:56.000,21.9378,32.4713,1.45,8.380,55.959,21.4863
15/07/2024 13:10:56.000,21.9363,32.4735,1.45,8.380,56.002,21.4874
15/07/2024 13:11:56.000,21.9361,32.4763,1.44,8.381,56.047,21.4874
15/07/2024 13:12:56.000,21.9374,32.4745,1.45,8.381,55.955,21.4869
15/07/2024 13:13:56.000,21.9385,32.4734,1.45,8.381,55.949,21.4876
15/07/2024 13:14:56.000,21.9386,32.4744,1.44,8.381,55.982,21.4872
15/07/2024 13:15:56.000,21.9377,32.4738,1.45,8.381,55.942,21.4870
15/07/2024 13:16:56.000,21.9370,32.4745,1.45,8.381,55.969,21.4872
15/07/2024 13:17:56.000,21.9377,32.4738,1.46,8.381,56.089,21.4869
15/07/2024 13:18:56.000,21.9362,32.4743,1.45,8.381,56.128,21.4873
15/07/2024 13:19:56.000,21.9355,32.4750,1.45,8.381,56.049,21.4873
15/07/2024 13:20:56.000,21.9370,32.4753,1.45,8.381,56.109,21.4876
15/07/2024 13:21:56.000,21.9389,32.4772,1.45,8.381,56.045,21.4876
15/07/2024 13:22:56.000,21.9406,32.4732,1.45,8.381,56.063,21.4876
15/07/2024 13:23:56.000,21.9402,32.4762,1.45,8.381,55.941,21.4876
15/07/2024 13:24:56.000,21.9408,32.4749,1.45,8.381,55.992,21.4869
15/07/2024 13:25:56.000,21.9394,32.4743,1.45,8.381,55.976,21.4877
15/07/2024 13:26:56.000,21.9397,32.4767,1.44,8.381,56.059,21.4880
15/07/2024 13:27:56.000,21.9400,32.4745,1.44,8.381,55.998,21.4881
15/07/2024 13:28:56.000,21.9377,32.4761,1.43,8.381,55.951,21.4881
15/07/2024 13:29:56.000,21.9391,32.4761,1.44,8.381,56.031,21.4875
15/07/2024 13:30:56.000,21.9415,32.4752,1.44,8.381,56.111,21.4884
15/07/2024 13:31:56.000,21.9397,32.4742,1.45,8.381,55.920,21.4881
15/07/2024 13:32:56.000,21.9419,32.4755,1.45,8.381,56.067,21.4884
15/07/2024 13:33:56.000,21.9427,32.4742,1.44,8.381,56.054,21.4887
15/07/2024 13:34:56.000,21.9430,32.4758,1.45,8.381,55.886,21.4886
15/07/2024 13:35:56.000,21.9441,32.4768,1.45,8.381,56.088,21.4888
15/07/2024 13:36:56.000,21.9463,32.4745,1.45,8.381,56.158,21.4889
15/07/2024 13:37:56.000,21.9465,32.4749,1.42,8.381,56.154,21.4890
15/07/2024 13:38:56.000,21.9469,32.4731,1.45,8.381,56.179,21.4902
15/07/2024 13:39:56.000,21.9446,32.4739,1.45,8.382,55.978,21.4901
15/07/2024 13:40:56.000,21.9436,32.4760,1.44,8.382,56.031,21.4897
15/07/2024 13:41:56.000,21.9442,32.4757,1.44,8.382,56.064,21.4894
15/07/2024 13:42:56.000,21.9443,32.4768,1.44,8.382,56.069,21.4892
15/07/2024 13:43:56.000,21.9466,32.4755,1.44,8.382,56.058,21.4901
15/07/2024 13:44:56.000,21.9458,32.4772,1.45,8.382,55.999,21.4896
15/07/2024 13:45:56.000,21.9476,32.4763,1.44,8.382,56.048,21.4899
15/07/2024 13:46:56.000,21.9459,32.4746,1.45,8.382,55.971,21.4917
15/07/2024 13:47:56.000,21.9438,32.4759,1.44,8.382,55.969,21.4897
15/07/2024 13:48:56.000,21.9466,32.4762,1.43,8.382,55.905,21.4914
15/07/2024 13:49:56.000,21.9478,32.4756,1.45,8.382,55.961,21.4903
15/07/2024 13:50:56.000,21.9447,32.4743,1.44,8.382,55.937,21.4899
15/07/2024 13:51:56.000,21.9441,32.4758,1.45,8.382,56.045,21.4907
15/07/2024 13:52:56.000,21.9429,32.4733,1.44,8.381,55.977,21.4905
15/07/2024 13:53:56.000,21.9430,32.4770,1.43,8.381,56.078,21.4905
15/07/2024 13:54:56.000,21.9461,32.4777,1.44,8.381,55.995,21.4911
15/07/2024 13:55:56.000,21.9490,32.4760,1.45,8.381,55.933,21.4908
15/07/2024 13:56:56.000,21.9494,32.4766,1.44,8.381,56.049,21.4917
15/07/2024 13:57:56.000,21.9501,32.4764,1.44,8.381,55.965,21.4910
15/07/2024 13:58:56.000,21.9503,32.4760,1.44,8.381,55.964,21.4915
15/07/2024 13:59:56.000,21.9499,32.4770,1.45,8.381,55.954,21.4912
15/07/2024 14:00:56.000,21.9507,32.4756,1.45,8.381,56.093,21.4918
15/07/2024 14:01:56.000,21.9486,32.4744,1.44,8.381,56.046,21.4919
15/07/2024 14:02:56.000,21.9480,32.4766,1.45,8.381,56.032,21.4916
15/07/2024 14:03:56.000,21.9497,32.4743,1.44,8.381,56.043,21.4919
15/07/2024 14:04:56.000,21.9483,32.4761,1.44,8.381,56.103,21.4917
15/07/2024 14:05:56.000,21.9477,32.4767,1.45,8.381,56.069,21.4924
15/07/2024 14:06:56.000,21.9479,32.4755,1.45,8.381,55.915,21.4900
15/07/2024 14:07:56.000,21.9468,32.4760,1.45,8.381,55.900,21.4885
15/07/2024 14:08:56.000,21.9456,32.4769,1.45,8.381,55.925,21.4902
15/07/2024 14:09:56.000,21.9486,32.4781,1.44,8.381,55.970,21.4906
15/07/2024 14:10:56.000,21.9515,32.4760,1.44,8.381,55.996,21.4907
15/07/2024 14:11:56.000,21.9505,32.4758,1.43,8.381,56.039,21.4910
15/07/2024 14:12:56.000,21.9479,32.4756,1.43,8.381,56.002,21.4907
15/07/2024 14:13:56.000,21.9490,32.4764,1.43,8.381,55.924,21.4912
15/07/2024 14:14:56.000,21.9493,32.4772,1.44,8.381,56.047,21.4906
15/07/2024 14:15:56.000,21.9507,32.4787,1.44,8.381,55.918,21.4917
15/07/2024 14:16:56.000,21.9532,32.4747,1.44,8.381,55.920,21.4919
15/07/2024 14:17:56.000,21.9513,32.4779,1.43,8.381,55.947,21.4934
15/07/2024 14:18:56.000,21.9547,32.4775,1.44,8.381,56.074,21.4943
15/07/2024 14:19:56.000,21.9564,32.4765,1.43,8.381,56.007,21.4945
15/07/2024 14:20:56.000,21.9578,32.4786,1.44,8.381,56.063,21.4941
15/07/2024 14:21:56.000,21.9599,32.4770,1.44,8.381,55.994,21.4950
15/07/2024 14:22:56.001,21.9581,32.4756,1.44,8.381,55.925,21.4947
15/07/2024 14:23:56.000,21.9585,32.4782,1.43,8.381,56.039,21.4947
15/07/2024 14:24:56.001,21.9602,32.4757,1.44,8.380,55.951,21.4953
15/07/2024 14:25:56.000,21.9590,32.4771,1.44,8.380,55.912,21.4952
15/07/2024 14:26:56.001,21.9599,32.4760,1.43,8.380,55.999,21.4956
15/07/2024 14:27:56.000,21.9590,32.4768,1.43,8.380,56.001,21.4955
15/07/2024 14:28:56.000,21.9592,32.4767,1.43,8.380,56.000,21.4956
15/07/2024 14:29:56.000,21.9604,32.4781,1.43,8.380,56.019,21.4954
15/07/2024 14:30:56.000,21.9619,32.4763,1.43,8.380,55.941,21.4953
15/07/2024 14:31:56.999,21.9608,32.4767,1.44,8.380,55.950,21.4962
15/07/2024 14:32:56.000,21.9609,32.4759,1.43,8.380,56.007,21.4968
15/07/2024 14:33:56.999,21.9617,32.4769,1.43,8.380,56.047,21.4968
15/07/2024 14:34:56.000,21.9613,32.4776,1.43,8.380,55.963,21.4962
15/07/2024 14:35:56.999,21.9603,32.4765,1.43,8.380,56.007,21.4968
15/07/2024 14:36:56.000,21.9599,32.4779,1.43,8.380,55.890,21.4968
15/07/2024 14:37:56.001,21.9633,32.4814,1.43,8.379,55.900,21.4978
15/07/2024 14:38:56.000,21.9669,32.4765,1.43,8.379,55.935,21.4978
15/07/2024 14:39:56.001,21.9673,32.4770,1.43,8.379,56.016,21.4979
15/07/2024 14:40:56.000,21.9669,32.4769,1.43,8.379,56.042,21.4981
15/07/2024 14:41:56.001,21.9667,32.4787,1.44,8.379,56.018,21.4981
15/07/2024 14:42:56.000,21.9684,32.4789,1.44,8.379,55.941,21.4980
15/07/2024 14:43:56.000,21.9693,32.4782,1.43,8.379,55.978,21.4990
15/07/2024 14:44:56.000,21.9700,32.4764,1.43,8.379,56.059,21.4988
15/07/2024 14:45:56.000,21.9689,32.4772,1.43,8.379,55.953,21.4987
15/07/2024 14:46:56.999,21.9681,32.4784,1.43,8.379,55.922,21.4994
15/07/2024 14:47:56.000,21.9698,32.4776,1.43,8.379,56.017,21.4994
15/07/2024 14:48:56.999,21.9698,32.4769,1.43,8.379,55.877,21.4999
15/07/2024 14:49:56.000,21.9689,32.4779,1.42,8.379,55.927,21.4995
15/07/2024 14:50:56.999,21.9714,32.4781,1.43,8.379,56.004,21.5003
15/07/2024 14:51:56.000,21.9713,32.4769,1.43,8.379,55.900,21.5003
15/07/2024 14:52:56.001,21.9698,32.4777,1.43,8.379,55.955,21.5001
15/07/2024 14:53:56.000,21.9688,32.4775,1.43,8.379,56.079,21.5001
15/07/2024 14:54:56.001,21.9696,32.4798,1.43,8.379,55.894,21.5010
15/07/2024 14:55:56.000,21.9705,32.4768,1.43,8.379,55.909,21.5007
15/07/2024 14:56:56.001,21.9697,32.4782,1.43,8.379,55.845,21.5007
15/07/2024 14:57:56.000,21.9713,32.4805,1.43,8.379,55.948,21.5012
15/07/2024 14:58:56.000,21.9725,32.4767,1.43,8.379,55.911,21.5012
15/07/2024 14:59:56.000,21.9697,32.4780,1.43,8.379,55.989,21.5014
15/07/2024 15:00:56.000,21.9697,32.4786,1.43,8.379,56.156,21.5008
15/07/2024 15:01:56.999,21.9715,32.4802,1.44,8.379,55.960,21.5009
15/07/2024 15:02:56.000,21.9725,32.4785,1.43,8.379,55.947,21.5028
15/07/2024 15:03:56.999,21.9736,32.4796,1.43,8.380,55.951,21.5021
15/07/2024 15:04:56.000,21.9752,32.4789,1.43,8.380,55.843,21.5016
15/07/2024 15:05:56.999,21.9772,32.4794,1.43,8.381,55.849,21.5021
15/07/2024 15:06:56.000,21.9781,32.4774,1.42,8.381,55.829,21.5032
15/07/2024 15:07:56.001,21.9771,32.4799,1.42,8.381,55.889,21.5029
15/07/2024 15:08:56.000,21.9810,32.4802,1.43,8.381,55.948,21.5028
15/07/2024 15:09:56.001,21.9814,32.4776,1.43,8.381,55.885,21.5030
15/07/2024 15:10:56.000,21.9806,32.4794,1.43,8.381,55.924,21.5031
15/07/2024 15:11:56.001,21.9823,32.4788,1.42,8.380,55.981,21.5037
15/07/2024 15:12:56.000,21.9828,32.4790,1.43,8.380,55.801,21.5038
15/07/2024 15:13:56.000,21.9824,32.4787,1.43,8.380,55.896,21.5040
15/07/2024 15:14:56.000,21.9805,32.4779,1.43,8.380,56.024,21.5042
15/07/2024 15:15:56.000,21.9793,32.4802,1.43,8.380,55.947,21.5048
15/07/2024 15:16:56.999,21.9816,32.4799,1.43,8.380,55.854,21.5048
15/07/2024 15:17:56.000,21.9830,32.4782,1.43,8.380,55.920,21.5053
15/07/2024 15:18:56.999,21.9820,32.4791,1.43,8.380,56.002,21.5052
15/07/2024 15:19:56.000,21.9830,32.4798,1.43,8.380,56.040,21.5053
15/07/2024 15:20:56.999,21.9835,32.4791,1.43,8.380,56.004,21.5055
15/07/2024 15:21:56.000,21.9831,32.4778,1.43,8.380,55.946,21.5060
15/07/2024 15:22:56.001,21.9813,32.4786,1.43,8.380,55.968,21.5057
15/07/2024 15:23:56.000,21.9817,32.4789,1.42,8.380,56.018,21.5061
15/07/2024 15:24:56.001,21.9825,32.4814,1.43,8.380,55.938,21.5064
15/07/2024 15:25:56.000,21.9839,32.4791,1.43,8.380,55.846,21.5063
15/07/2024 15:26:56.001,21.9831,32.4778,1.43,8.380,55.807,21.5071
15/07/2024 15:27:56.000,21.9824,32.4798,1.43,8.380,55.964,21.5084
15/07/2024 15:28:56.000,21.9839,32.4790,1.43,8.380,55.868,21.5082
15/07/2024 15:29:56.000,21.9842,32.4799,1.44,8.380,55.838,21.5082
15/07/2024 15:30:56.000,21.9857,32.4780,1.43,8.380,55.826,21.5097
15/07/2024 15:31:56.999,21.9838,32.4801,1.43,8.379,55.939,21.5086
15/07/2024 15:32:56.000,21.9835,32.4796,1.42,8.380,55.976,21.5091
15/07/2024 15:33:56.999,21.9842,32.4812,1.43,8.380,55.953,21.5086
15/07/2024 15:34:56.000,21.9871,32.4785,1.43,8.379,55.887,21.5096
15/07/2024 15:35:56.999,21.9863,32.4786,1.42,8.380,55.915,21.5095
15/07/2024 15:36:56.000,21.9873,32.4793,1.43,8.380,55.910,21.5105
15/07/2024 15:37:56.001,21.9859,32.4794,1.43,8.380,55.910,21.5107
15/07/2024 15:38:56.000,21.9857,32.4798,1.43,8.380,55.798,21.5115
15/07/2024 15:39:56.001,21.9864,32.4817,1.43,8.380,55.865,21.5110
15/07/2024 15:40:56.000,21.9881,32.4780,1.42,8.380,55.767,21.5110
15/07/2024 15:41:56.001,21.9868,32.4800,1.42,8.380,55.826,21.5112
15/07/2024 15:42:56.000,21.9874,32.4800,1.43,8.380,55.793,21.5110
15/07/2024 15:43:56.000,21.9862,32.4788,1.43,8.380,55.970,21.5128
15/07/2024 15:44:56.000,21.9837,32.4803,1.43,8.380,55.802,21.5121
15/07/2024 15:45:56.000,21.9855,32.4807,1.43,8.380,55.840,21.5127
15/07/2024 15:46:56.999,21.9863,32.4808,1.43,8.380,55.829,21.5121
15/07/2024 15:47:56.000,21.9876,32.4822,1.43,8.380,55.922,21.5129
15/07/2024 15:48:56.999,21.9894,32.4799,1.43,8.380,55.808,21.5158
15/07/2024 15:49:56.000,21.9881,32.4802,1.43,8.380,55.850,21.5161
15/07/2024 15:50:56.999,21.9891,32.4808,1.43,8.380,56.038,21.5171
15/07/2024 15:51:56.000,21.9909,32.4805,1.41,8.380,55.948,21.5152
15/07/2024 15:52:56.001,21.9911,32.4819,1.42,8.380,55.911,21.5149
15/07/2024 15:53:56.000,21.9920,32.4815,1.42,8.380,55.949,21.5153
15/07/2024 15:54:56.001,21.9934,32.4791,1.42,8.380,55.888,21.5166
15/07/2024 15:55:56.000,21.9918,32.4797,1.42,8.380,56.019,21.5168
15/07/2024 15:56:56.001,21.9896,32.4810,1.42,8.380,55.985,21.5163
15/07/2024 15:57:56.000,21.9919,32.4796,1.42,8.380,56.007,21.5165
15/07/2024 15:58:56.000,21.9912,32.4810,1.42,8.380,55.991,21.5169
15/07/2024 15:59:56.000,21.9909,32.4806,1.42,8.380,55.874,21.5175
15/07/2024 16:00:56.000,21.9927,32.4820,1.42,8.380,55.904,21.5173
15/07/2024 16:01:56.999,21.9924,32.4799,1.42,8.380,55.996,21.5175
15/07/2024 16:02:56.000,21.9921,32.4814,1.41,8.380,56.045,21.5183
15/07/2024 16:03:56.999,21.9943,32.4808,1.42,8.380,55.929,21.5183
15/07/2024 16:04:56.000,21.9949,32.4811,1.42,8.380,55.924,21.5185
15/07/2024 16:05:56.999,21.9934,32.4775,1.42,8.380,55.912,21.5180
15/07/2024 16:06:56.000,21.9907,32.4792,1.42,8.380,55.818,21.5190
15/07/2024 16:07:56.001,21.9922,32.4808,1.41,8.380,55.963,21.5184
15/07/2024 16:08:56.000,21.9927,32.4788,1.42,8.379,56.026,21.5194
15/07/2024 16:09:56.001,21.9904,32.4817,1.41,8.379,55.880,21.5194
15/07/2024 16:10:56.000,21.9920,32.4820,1.41,8.379,55.758,21.5196
15/07/2024 16:11:56.001,21.9931,32.4812,1.42,8.379,55.961,21.5196
15/07/2024 16:12:56.000,21.9958,32.4805,1.41,8.380,55.920,21.5197
15/07/2024 16:13:56.000,21.9958,32.4822,1.42,8.380,55.936,21.5201
15/07/2024 16:14:56.000,21.9977,32.4818,1.41,8.380,55.892,21.5204
15/07/2024 16:15:56.000,21.9971,32.4796,1.42,8.380,55.978,21.5206
15/07/2024 16:16:56.999,21.9964,32.4806,1.41,8.379,55.849,21.5211
15/07/2024 16:17:56.000,21.9958,32.4805,1.41,8.379,55.979,21.5210
15/07/2024 16:18:56.999,21.9950,32.4808,1.41,8.380,55.956,21.5207
15/07/2024 16:19:56.000,21.9931,32.4820,1.41,8.380,55.850,21.5216
15/07/2024 16:20:56.999,21.9940,32.4805,1.41,8.379,55.893,21.5218
15/07/2024 16:21:56.000,21.9928,32.4807,1.41,8.379,55.813,21.5221
15/07/2024 16:22:56.001,21.9930,32.4809,1.41,8.380,55.935,21.5224
15/07/2024 16:23:56.000,21.9940,32.4817,1.40,8.380,55.897,21.5224
15/07/2024 16:24:56.001,21.9945,32.4815,1.40,8.379,55.952,21.5223
15/07/2024 16:25:56.000,21.9946,32.4808,1.40,8.379,55.966,21.5230
15/07/2024 16:26:56.001,21.9938,32.4790,1.41,8.380,55.905,21.5235
15/07/2024 16:27:56.000,21.9925,32.4822,1.40,8.380,55.940,21.5237
15/07/2024 16:28:56.000,21.9937,32.4795,1.40,8.380,55.969,21.5230
15/07/2024 16:29:56.000,21.9908,32.4822,1.41,8.380,55.889,21.5249
15/07/2024 16:30:56.000,21.9934,32.4823,1.40,8.380,55.940,21.5250
15/07/2024 16:31:56.999,21.9950,32.4815,1.41,8.380,55.932,21.5256
15/07/2024 16:32:56.000,21.9955,32.4819,1.40,8.380,56.013,21.5257
15/07/2024 16:33:56.999,21.9960,32.4824,1.41,8.381,55.980,21.5257
15/07/2024 16:34:56.000,21.9965,32.4818,1.40,8.381,55.946,21.5245
15/07/2024 16:35:56.999,21.9952,32.4807,1.40,8.381,55.875,21.5261
15/07/2024 16:36:56.000,21.9954,32.4836,1.40,8.381,55.792,21.5264
15/07/2024 16:37:56.001,21.9966,32.4822,1.41,8.381,55.928,21.5264
15/07/2024 16:38:56.000,21.9972,32.4814,1.41,8.381,56.004,21.5266
15/07/2024 16:39:56.001,21.9976,32.4822,1.41,8.381,56.004,21.5268
15/07/2024 16:40:56.000,21.9973,32.4810,1.40,8.380,56.035,21.5271
15/07/2024 16:41:56.001,21.9979,32.4828,1.40,8.380,56.020,21.5268
15/07/2024 16:42:56.000,21.9978,32.4843,1.40,8.380,56.018,21.5276
15/07/2024 16:43:56.000,21.9980,32.4823,1.41,8.380,56.033,21.5274
15/07/2024 16:44:56.000,21.9985,32.4830,1.41,8.380,56.004,21.5281
15/07/2024 16:45:56.000,21.9994,32.4826,1.40,8.380,55.990,21.5281
15/07/2024 16:46:56.999,21.9991,32.4812,1.41,8.380,55.899,21.5282
15/07/2024 16:47:56.000,21.9971,32.4847,1.41,8.380,55.844,21.5291
15/07/2024 16:48:56.999,21.9981,32.4827,1.41,8.380,55.895,21.5286
15/07/2024 16:49:56.000,21.9998,32.4829,1.41,8.380,55.978,21.5297
15/07/2024 16:50:56.999,22.0016,32.4832,1.41,8.380,55.856,21.5299
15/07/2024 16:51:56.000,22.0035,32.4818,1.41,8.380,55.888,21.5297
15/07/2024 16:52:56.001,22.0032,32.4811,1.41,8.379,55.932,21.5301
15/07/2024 16:53:56.000,22.0042,32.4842,1.40,8.379,55.914,21.5302
15/07/2024 16:54:56.001,22.0050,32.4809,1.41,8.379,55.915,21.5305
15/07/2024 16:55:56.000,22.0031,32.4826,1.41,8.379,55.936,21.5306
15/07/2024 16:56:56.001,22.0014,32.4825,1.41,8.379,55.969,21.5307
15/07/2024 16:57:56.000,22.0032,32.4832,1.41,8.379,55.924,21.5308
15/07/2024 16:58:56.000,22.0029,32.4816,1.41,8.379,55.981,21.5314
15/07/2024 16:59:56.000,22.0020,32.4832,1.41,8.379,55.874,21.5314
15/07/2024 17:00:56.000,22.0028,32.4832,1.40,8.379,55.980,21.5314
15/07/2024 17:01:56.999,22.0025,32.4841,1.40,8.379,55.993,21.5322
15/07/2024 17:02:56.000,22.0041,32.4852,1.41,8.379,55.957,21.5323
15/07/2024 17:03:56.999,22.0052,32.4840,1.41,8.379,55.882,21.5325
15/07/2024 17:04:56.000,22.0059,32.4830,1.40,8.379,55.909,21.5329
15/07/2024 17:05:56.999,22.0058,32.4833,1.40,8.379,55.892,21.5322
15/07/2024 17:06:56.000,22.0065,32.4822,1.41,8.380,55.858,21.5306
15/07/2024 17:07:56.001,22.0058,32.4825,1.41,8.380,55.889,21.5306
15/07/2024 17:08:56.000,22.0061,32.4827,1.40,8.380,55.926,21.5307
15/07/2024 17:09:56.001,22.0065,32.4830,1.41,8.380,55.982,21.5315
15/07/2024 17:10:56.000,22.0061,32.4817,1.41,8.380,55.992,21.5316
15/07/2024 17:11:56.001,22.0045,32.4838,1.40,8.380,55.961,21.5319
15/07/2024 17:12:56.000,22.0063,32.4840,1.41,8.380,55.868,21.5322
15/07/2024 17:13:56.000,22.0077,32.4858,1.40,8.380,55.894,21.5328
15/07/2024 17:14:56.000,22.0095,32.4833,1.41,8.380,55.845,21.5327
15/07/2024 17:15:56.000,22.0095,32.4831,1.41,8.380,55.861,21.5329
15/07/2024 17:16:56.999,22.0083,32.4812,1.40,8.380,55.851,21.5327
15/07/2024 17:17:56.000,22.0055,32.4821,1.40,8.380,55.896,21.5348
15/07/2024 17:18:56.999,22.0053,32.4841,1.40,8.380,55.983,21.5357
15/07/2024 17:19:56.000,22.0067,32.4840,1.41,8.380,55.940,21.5356
15/07/2024 17:20:56.999,22.0074,32.4837,1.40,8.380,55.792,21.5360
15/07/2024 17:21:56.000,22.0075,32.4835,1.40,8.380,55.940,21.5367
15/07/2024 17:22:56.001,22.0080,32.4845,1.40,8.380,56.063,21.5360
15/07/2024 17:23:56.000,22.0093,32.4832,1.40,8.380,55.838,21.5368
15/07/2024 17:24:56.001,22.0083,32.4846,1.40,8.380,55.949,21.5366
15/07/2024 17:25:56.000,22.0082,32.4854,1.40,8.380,55.864,21.5368
15/07/2024 17:26:56.001,22.0106,32.4860,1.40,8.380,55.796,21.5370
15/07/2024 17:27:56.000,22.0123,32.4844,1.40,8.380,55.736,21.5378
15/07/2024 17:28:56.000,22.0122,32.4852,1.40,8.380,55.802,21.5379
15/07/2024 17:29:56.000,22.0140,32.4837,1.40,8.380,55.852,21.5382
15/07/2024 17:30:56.000,22.0122,32.4844,1.40,8.380,55.878,21.5380
15/07/2024 17:31:56.999,22.0124,32.4834,1.41,8.380,55.952,21.5383
15/07/2024 17:32:56.000,22.0108,32.4829,1.40,8.380,55.876,21.5383
15/07/2024 17:33:56.999,22.0085,32.4837,1.39,8.380,55.941,21.5393
15/07/2024 17:34:56.000,22.0098,32.4862,1.40,8.380,55.919,21.5389
15/07/2024 17:35:56.999,22.0110,32.4844,1.40,8.380,55.815,21.5395
15/07/2024 17:36:56.000,22.0102,32.4852,1.40,8.379,55.851,21.5395
15/07/2024 17:37:56.001,22.0100,32.4854,1.40,8.379,55.905,21.5398
15/07/2024 17:38:56.000,22.0112,32.4844,1.40,8.379,55.726,21.5403
15/07/2024 17:39:56.001,22.0103,32.4840,1.40,8.379,55.852,21.5405
15/07/2024 17:40:56.000,22.0099,32.4842,1.40,8.379,55.892,21.5405
15/07/2024 17:41:56.001,22.0079,32.4856,1.40,8.379,55.900,21.5410
15/07/2024 17:42:56.000,22.0104,32.4860,1.39,8.378,55.853,21.5416
15/07/2024 17:43:56.000,22.0098,32.4854,1.40,8.378,55.939,21.5409
15/07/2024 17:44:56.000,22.0095,32.4865,1.40,8.378,55.882,21.5419
15/07/2024 17:45:56.000,22.0113,32.4860,1.40,8.378,55.971,21.5418
15/07/2024 17:46:56.999,22.0113,32.4827,1.40,8.378,55.847,21.5423
15/07/2024 17:47:56.000,22.0097,32.4858,1.39,8.378,55.868,21.5423
15/07/2024 17:48:56.999,22.0113,32.4850,1.39,8.378,55.876,21.5426
15/07/2024 17:49:56.000,22.0114,32.4850,1.39,8.378,55.980,21.5422
15/07/2024 17:50:56.999,22.0112,32.4863,1.39,8.378,55.800,21.5423
15/07/2024 17:51:56.000,22.0107,32.4862,1.40,8.378,55.750,21.5422
15/07/2024 17:52:56.001,22.0101,32.4846,1.40,8.378,55.848,21.5416
15/07/2024 17:53:56.000,22.0095,32.4884,1.40,8.378,55.752,21.5436
15/07/2024 17:54:56.001,22.0110,32.4853,1.40,8.378,55.991,21.5438
15/07/2024 17:55:56.000,22.0090,32.4848,1.40,8.378,55.819,21.5434
15/07/2024 17:56:56.001,22.0097,32.4860,1.40,8.378,55.894,21.5434
15/07/2024 17:57:56.000,22.0093,32.4855,1.40,8.378,55.933,21.5437
15/07/2024 17:58:56.000,22.0091,32.4860,1.40,8.378,55.985,21.5433
15/07/2024 17:59:56.000,22.0102,32.4864,1.39,8.378,55.875,21.5436
15/07/2024 18:00:56.000,22.0100,32.4869,1.39,8.378,55.937,21.5419
15/07/2024 18:01:56.999,22.0101,32.4860,1.39,8.378,55.876,21.5436
15/07/2024 18:02:56.000,22.0110,32.4865,1.39,8.378,55.892,21.5446
15/07/2024 18:03:56.999,22.0101,32.4873,1.39,8.377,55.752,21.5444
15/07/2024 18:04:56.000,22.0110,32.4862,1.40,8.377,55.835,21.5447
15/07/2024 18:05:56.999,22.0117,32.4856,1.40,8.377,55.820,21.5454
15/07/2024 18:06:56.000,22.0111,32.4869,1.38,8.377,55.886,21.5449
15/07/2024 18:07:56.001,22.0116,32.4858,1.40,8.377,55.699,21.5439
15/07/2024 18:08:56.000,22.0130,32.4846,1.40,8.377,55.890,21.5450
15/07/2024 18:09:56.001,22.0113,32.4865,1.40,8.377,55.949,21.5452
15/07/2024 18:10:56.000,22.0115,32.4863,1.40,8.377,55.832,21.5445
15/07/2024 18:11:56.001,22.0114,32.4864,1.39,8.377,55.859,21.5456
15/07/2024 18:12:56.000,22.0104,32.4861,1.39,8.377,55.890,21.5459
15/07/2024 18:13:56.000,22.0100,32.4892,1.39,8.377,55.806,21.5459
15/07/2024 18:14:56.000,22.0112,32.4859,1.39,8.377,55.901,21.5463
15/07/2024 18:15:56.000,22.0087,32.4857,1.39,8.376,55.837,21.5464
15/07/2024 18:16:56.999,22.0096,32.4889,1.40,8.376,55.903,21.5462
15/07/2024 18:17:56.000,22.0119,32.4863,1.39,8.376,55.871,21.5466
15/07/2024 18:18:56.999,22.0108,32.4859,1.39,8.376,55.940,21.5469
15/07/2024 18:19:56.000,22.0104,32.4860,1.40,8.376,55.923,21.5470
15/07/2024 18:20:56.999,22.0092,32.4884,1.39,8.376,56.015,21.5468
15/07/2024 18:21:56.000,22.0109,32.4870,1.39,8.376,56.006,21.5469
15/07/2024 18:22:56.999,22.0096,32.4866,1.39,8.376,55.909,21.5466
15/07/2024 18:23:56.002,22.0097,32.4888,1.39,8.376,55.973,21.5470
15/07/2024 18:24:56.001,22.0090,32.4867,1.39,8.376,55.875,21.5477
15/07/2024 18:25:56.000,22.0083,32.4882,1.39,8.376,55.908,21.5486
15/07/2024 18:26:56.999,22.0104,32.4871,1.39,8.375,55.951,21.5486
15/07/2024 18:27:56.001,22.0092,32.4865,1.39,8.375,55.834,21.5478
15/07/2024 18:28:56.000,22.0077,32.4876,1.39,8.375,56.017,21.5491
15/07/2024 18:29:56.000,22.0081,32.4872,1.39,8.375,55.895,21.5489
15/07/2024 18:30:56.999,22.0097,32.4895,1.39,8.375,55.859,21.5491
15/07/2024 18:31:56.001,22.0116,32.4863,1.39,8.375,55.788,21.5492
15/07/2024 18:32:56.000,22.0090,32.4848,1.39,8.375,55.937,21.5496
15/07/2024 18:33:56.999,22.0061,32.4876,1.40,8.375,56.022,21.5495
15/07/2024 18:34:56.998,22.0075,32.4890,1.40,8.375,55.859,21.5502
15/07/2024 18:35:56.001,22.0091,32.4891,1.39,8.375,55.882,21.5499
15/07/2024 18:36:56.000,22.0090,32.4873,1.39,8.375,56.112,21.5504
15/07/2024 18:37:56.999,22.0084,32.4873,1.39,8.375,55.943,21.5486
15/07/2024 18:38:56.002,22.0083,32.4875,1.39,8.375,55.962,21.5504
15/07/2024 18:39:56.001,22.0073,32.4888,1.39,8.375,55.855,21.5506
15/07/2024 18:40:56.000,22.0088,32.4882,1.39,8.375,55.966,21.5509
15/07/2024 18:41:56.999,22.0083,32.4887,1.40,8.375,55.901,21.5507
15/07/2024 18:42:56.001,22.0080,32.4881,1.39,8.374,55.900,21.5511
15/07/2024 18:43:56.000,22.0073,32.4902,1.39,8.374,55.931,21.5515
15/07/2024 18:44:56.000,22.0085,32.4884,1.39,8.374,55.993,21.5511
15/07/2024 18:45:56.999,22.0085,32.4883,1.39,8.374,55.996,21.5519
15/07/2024 18:46:56.001,22.0085,32.4882,1.39,8.374,56.041,21.5518
15/07/2024 18:47:56.000,22.0102,32.4884,1.39,8.374,55.904,21.5518
15/07/2024 18:48:56.999,22.0093,32.4884,1.39,8.374,55.892,21.5517
15/07/2024 18:49:56.998,22.0092,32.4874,1.39,8.374,56.016,21.5519
15/07/2024 18:50:56.001,22.0092,32.4882,1.39,8.374,55.945,21.5524
15/07/2024 18:51:56.000,22.0087,32.4886,1.40,8.374,55.903,21.5519
15/07/2024 18:52:56.999,22.0100,32.4891,1.39,8.373,55.917,21.5521
15/07/2024 18:53:56.002,22.0109,32.4885,1.39,8.373,55.974,21.5522
15/07/2024 18:54:56.001,22.0126,32.4894,1.39,8.373,55.957,21.5520
15/07/2024 18:55:56.000,22.0118,32.4878,1.39,8.373,55.967,21.5527
15/07/2024 18:56:56.999,22.0089,32.4872,1.39,8.373,55.930,21.5525
15/07/2024 18:57:56.001,22.0065,32.4884,1.39,8.373,55.862,21.5526
15/07/2024 18:58:56.000,22.0058,32.4882,1.39,8.372,55.891,21.5532
15/07/2024 18:59:56.000,22.0065,32.4888,1.39,8.372,55.874,21.5527
15/07/2024 19:00:56.999,22.0059,32.4876,1.39,8.372,55.903,21.5533
15/07/2024 19:01:56.001,22.0056,32.4879,1.39,8.372,55.977,21.5531
15/07/2024 19:02:56.000,22.0042,32.4923,1.39,8.372,56.139,21.5535
15/07/2024 19:03:56.999,22.0055,32.4880,1.39,8.372,56.018,21.5532
15/07/2024 19:04:56.998,22.0041,32.4880,1.39,8.372,56.025,21.5541
15/07/2024 19:05:56.001,22.0040,32.4900,1.39,8.372,56.004,21.5528
15/07/2024 19:06:56.000,22.0073,32.4903,1.39,8.372,55.966,21.5531
15/07/2024 19:07:56.999,22.0087,32.4887,1.39,8.371,55.927,21.5542
15/07/2024 19:08:56.002,22.0093,32.4897,1.39,8.371,55.864,21.5541
15/07/2024 19:09:56.001,22.0104,32.4901,1.39,8.371,56.072,21.5543
15/07/2024 19:10:56.000,22.0109,32.4906,1.39,8.371,56.072,21.5547
15/07/2024 19:11:56.999,22.0105,32.4883,1.39,8.371,55.977,21.5545
15/07/2024 19:12:56.001,22.0088,32.4909,1.39,8.371,56.516,21.5555
15/07/2024 19:13:56.000,22.0093,32.4875,1.39,8.371,56.056,21.5551
15/07/2024 19:14:56.000,22.0073,32.4891,1.39,8.371,56.025,21.5551
15/07/2024 19:15:56.999,22.0083,32.4906,1.39,8.371,56.030,21.5549
15/07/2024 19:16:56.001,22.0116,32.4903,1.39,8.371,55.922,21.5541
15/07/2024 19:17:56.000,22.0120,32.4904,1.39,8.371,55.982,21.5557
15/07/2024 19:18:56.999,22.0106,32.4876,1.39,8.371,55.916,21.5559
15/07/2024 19:19:56.998,22.0100,32.4902,1.39,8.371,55.934,21.5554
15/07/2024 19:20:56.001,22.0094,32.4883,1.39,8.371,56.009,21.5560
15/07/2024 19:21:56.000,22.0088,32.4903,1.39,8.371,56.036,21.5561
15/07/2024 19:22:56.999,22.0114,32.4912,1.39,8.371,55.962,21.5563
15/07/2024 19:23:56.002,22.0117,32.4889,1.39,8.371,56.020,21.5557
15/07/2024 19:24:56.001,22.0108,32.4897,1.39,8.371,56.032,21.5558
15/07/2024 19:25:56.000,22.0091,32.4905,1.39,8.371,55.953,21.5561
15/07/2024 19:26:56.999,22.0097,32.4887,1.40,8.371,56.013,21.5563
15/07/2024 19:27:56.001,22.0087,32.4880,1.39,8.371,56.068,21.5566
15/07/2024 19:28:56.000,22.0063,32.4910,1.39,8.370,56.034,21.5570
15/07/2024 19:29:56.000,22.0079,32.4911,1.39,8.370,56.100,21.5570
15/07/2024 19:30:56.999,22.0102,32.4905,1.39,8.370,55.897,21.5569
15/07/2024 19:31:56.001,22.0108,32.4882,1.39,8.370,55.963,21.5574
15/07/2024 19:32:56.000,22.0099,32.4895,1.38,8.370,55.961,21.5570
15/07/2024 19:33:56.999,22.0111,32.4929,1.38,8.370,55.939,21.5573
15/07/2024 19:34:56.998,22.0136,32.4903,1.38,8.370,55.990,21.5576
15/07/2024 19:35:56.001,22.0130,32.4909,1.39,8.370,55.913,21.5573
15/07/2024 19:36:56.000,22.0132,32.4911,1.38,8.370,56.034,21.5574
15/07/2024 19:37:56.999,22.0139,32.4900,1.39,8.370,55.965,21.5574
15/07/2024 19:38:56.002,22.0136,32.4912,1.39,8.370,55.972,21.5575
15/07/2024 19:39:56.001,22.0137,32.4898,1.39,8.370,55.961,21.5574
15/07/2024 19:40:56.000,22.0109,32.4891,1.39,8.370,56.082,21.5577
15/07/2024 19:41:56.999,22.0108,32.4923,1.38,8.370,56.051,21.5581
15/07/2024 19:42:56.001,22.0113,32.4903,1.39,8.370,56.046,21.5586
15/07/2024 19:43:56.000,22.0110,32.4910,1.38,8.370,55.964,21.5585
15/07/2024 19:44:56.000,22.0128,32.4910,1.38,8.369,56.098,21.5591
15/07/2024 19:45:56.999,22.0125,32.4909,1.38,8.369,56.004,21.5585
15/07/2024 19:46:56.001,22.0121,32.4902,1.38,8.369,55.917,21.5590
15/07/2024 19:47:56.000,22.0125,32.4915,1.38,8.369,56.014,21.5590
15/07/2024 19:48:56.999,22.0121,32.4919,1.38,8.369,55.968,21.5591
15/07/2024 19:49:56.998,22.0108,32.4915,1.38,8.369,55.985,21.5590
15/07/2024 19:50:56.001,22.0138,32.4896,1.38,8.369,56.040,21.5594
15/07/2024 19:51:56.000,22.0141,32.4926,1.38,8.369,56.005,21.5591
15/07/2024 19:52:56.999,22.0155,32.4893,1.39,8.369,55.981,21.5598
15/07/2024 19:53:56.002,22.0132,32.4915,1.39,8.369,55.995,21.5593
15/07/2024 19:54:56.001,22.0146,32.4922,1.38,8.369,56.001,21.5602
15/07/2024 19:55:56.000,22.0150,32.4913,1.38,8.369,55.981,21.5606
15/07/2024 19:56:56.999,22.0163,32.4902,1.38,8.368,55.901,21.5607
15/07/2024 19:57:56.001,22.0160,32.4921,1.38,8.368,56.027,21.5605
15/07/2024 19:58:56.000,22.0165,32.4919,1.38,8.369,56.002,21.5608
15/07/2024 19:59:56.000,22.0173,32.4918,1.38,8.369,55.958,21.5606
15/07/2024 20:00:56.999,22.0173,32.4905,1.38,8.369,56.041,21.5602
15/07/2024 20:01:56.001,22.0170,32.4909,1.39,8.369,55.931,21.5601
15/07/2024 20:02:56.000,22.0182,32.4929,1.38,8.368,55.986,21.5616
15/07/2024 20:03:56.999,22.0213,32.4922,1.38,8.369,55.997,21.5609
15/07/2024 20:04:56.998,22.0220,32.4911,1.37,8.368,56.003,21.5611
15/07/2024 20:05:56.001,22.0213,32.4923,1.38,8.368,56.017,21.5622
15/07/2024 20:06:56.000,22.0214,32.4914,1.38,8.368,55.972,21.5597
15/07/2024 20:07:56.999,22.0205,32.4901,1.38,8.368,56.110,21.5601
15/07/2024 20:08:56.002,22.0199,32.4926,1.38,8.368,55.968,21.5593
15/07/2024 20:09:56.001,22.0222,32.4907,1.38,8.368,55.950,21.5595
15/07/2024 20:10:56.000,22.0209,32.4918,1.37,8.368,55.981,21.5603
15/07/2024 20:11:56.999,22.0217,32.4933,1.38,8.368,55.893,21.5602
15/07/2024 20:12:56.001,22.0231,32.4909,1.37,8.368,55.991,21.5608
15/07/2024 20:13:56.000,22.0226,32.4923,1.37,8.368,55.948,21.5606
15/07/2024 20:14:56.000,22.0222,32.4910,1.37,8.368,55.889,21.5609
15/07/2024 20:15:56.999,22.0209,32.4911,1.37,8.368,55.906,21.5609
15/07/2024 20:16:56.001,22.0221,32.4925,1.39,8.368,55.906,21.5610
15/07/2024 20:17:56.000,22.0224,32.4909,1.38,8.368,55.959,21.5629
15/07/2024 20:18:56.999,22.0213,32.4917,1.39,8.368,56.084,21.5636
15/07/2024 20:19:56.998,22.0217,32.4943,1.39,8.368,55.844,21.5630
15/07/2024 20:20:56.001,22.0242,32.4904,1.38,8.368,55.954,21.5630
15/07/2024 20:21:56.000,22.0217,32.4915,1.37,8.368,55.939,21.5634
15/07/2024 20:22:56.999,22.0224,32.4923,1.38,8.368,55.977,21.5634
15/07/2024 20:23:56.002,22.0228,32.4924,1.38,8.368,55.854,21.5634
15/07/2024 20:24:56.001,22.0229,32.4934,1.37,8.367,55.928,21.5642
15/07/2024 20:25:56.000,22.0243,32.4920,1.36,8.367,55.951,21.5643
15/07/2024 20:26:56.999,22.0243,32.4915,1.38,8.367,55.990,21.5648
15/07/2024 20:27:56.001,22.0243,32.4925,1.36,8.367,56.055,21.5645
15/07/2024 20:28:56.000,22.0259,32.4921,1.38,8.367,55.852,21.5650
15/07/2024 20:29:56.000,22.0237,32.4896,1.38,8.367,55.878,21.5652
15/07/2024 20:30:56.999,22.0184,32.4914,1.36,8.367,55.993,21.5650
15/07/2024 20:31:56.001,22.0173,32.4931,1.37,8.367,55.949,21.5654
15/07/2024 20:32:56.000,22.0187,32.4938,1.36,8.367,56.013,21.5651
15/07/2024 20:33:56.999,22.0195,32.4932,1.37,8.367,55.952,21.5655
15/07/2024 20:34:56.998,22.0193,32.4927,1.38,8.367,55.926,21.5653
15/07/2024 20:35:56.001,22.0186,32.4943,1.37,8.367,55.960,21.5650
15/07/2024 20:36:56.000,22.0186,32.4929,1.38,8.367,56.187,21.5660
15/07/2024 20:37:56.999,22.0189,32.4929,1.38,8.367,56.000,21.5663
15/07/2024 20:38:56.002,22.0188,32.4932,1.38,8.366,56.054,21.5657
15/07/2024 20:39:56.001,22.0178,32.4934,1.37,8.366,55.967,21.5659
15/07/2024 20:40:56.000,22.0187,32.4916,1.37,8.366,56.021,21.5659
15/07/2024 20:41:56.999,22.0186,32.4936,1.37,8.366,55.998,21.5661
15/07/2024 20:42:56.001,22.0195,32.4953,1.37,8.366,55.981,21.5660
15/07/2024 20:43:56.000,22.0210,32.4941,1.37,8.366,56.061,21.5668
15/07/2024 20:44:56.000,22.0208,32.4928,1.37,8.366,55.973,21.5667
15/07/2024 20:45:56.999,22.0207,32.4941,1.38,8.366,55.951,21.5664
15/07/2024 20:46:56.001,22.0211,32.4927,1.38,8.366,55.783,21.5666
15/07/2024 20:47:56.000,22.0210,32.4943,1.37,8.365,55.917,21.5672
15/07/2024 20:48:56.999,22.0199,32.4932,1.38,8.365,55.921,21.5668
15/07/2024 20:49:56.998,22.0194,32.4932,1.37,8.365,56.137,21.5672
15/07/2024 20:50:56.001,22.0179,32.4937,1.37,8.365,55.851,21.5664
15/07/2024 20:51:56.000,22.0195,32.4940,1.37,8.365,55.922,21.5671
15/07/2024 20:52:56.999,22.0199,32.4921,1.37,8.365,55.995,21.5672
15/07/2024 20:53:56.002,22.0187,32.4924,1.37,8.365,55.912,21.5674
15/07/2024 20:54:56.001,22.0170,32.4935,1.37,8.364,55.946,21.5673
15/07/2024 20:55:56.000,22.0177,32.4943,1.39,8.364,55.922,21.5673
15/07/2024 20:56:56.999,22.0184,32.4952,1.38,8.364,55.877,21.5677
15/07/2024 20:57:56.001,22.0193,32.4936,1.37,8.364,55.981,21.5676
15/07/2024 20:58:56.000,22.0196,32.4943,1.37,8.364,56.084,21.5666
15/07/2024 20:59:56.000,22.0185,32.4917,1.37,8.364,55.899,21.5678
15/07/2024 21:00:56.999,22.0169,32.4940,1.37,8.364,56.159,21.5669
15/07/2024 21:01:56.001,22.0173,32.4940,1.36,8.364,55.944,21.5677
15/07/2024 21:02:56.000,22.0165,32.4946,1.37,8.363,55.913,21.5680
15/07/2024 21:03:56.999,22.0165,32.4956,1.36,8.363,55.933,21.5672
15/07/2024 21:04:56.998,22.0176,32.4932,1.37,8.363,55.984,21.5678
15/07/2024 21:05:56.001,22.0167,32.4941,1.37,8.363,55.976,21.5678
15/07/2024 21:06:56.000,22.0184,32.4957,1.37,8.363,56.013,21.5678
15/07/2024 21:07:56.999,22.0188,32.4937,1.37,8.363,55.963,21.5678
15/07/2024 21:08:56.002,22.0175,32.4943,1.37,8.363,55.930,21.5673
15/07/2024 21:09:56.001,22.0149,32.4932,1.37,8.363,55.912,21.5681
15/07/2024 21:10:56.000,22.0141,32.4945,1.37,8.363,55.946,21.5676
15/07/2024 21:11:56.999,22.0134,32.4928,1.37,8.363,55.865,21.5680
15/07/2024 21:12:56.001,22.0136,32.4961,1.37,8.362,55.917,21.5687
15/07/2024 21:13:56.000,22.0156,32.4959,1.36,8.362,55.784,21.5674
15/07/2024 21:14:56.000,22.0163,32.4956,1.37,8.362,55.906,21.5680
15/07/2024 21:15:56.999,22.0158,32.4952,1.37,8.362,56.090,21.5682
15/07/2024 21:16:56.001,22.0147,32.4941,1.37,8.362,55.946,21.5681
15/07/2024 21:17:56.000,22.0158,32.4959,1.37,8.362,55.968,21.5679
15/07/2024 21:18:56.999,22.0174,32.4952,1.37,8.362,56.055,21.5684
15/07/2024 21:19:56.998,22.0168,32.4922,1.36,8.362,55.935,21.5685
15/07/2024 21:20:56.001,22.0136,32.4945,1.37,8.362,55.964,21.5679
15/07/2024 21:21:56.000,22.0149,32.4954,1.37,8.362,56.044,21.5676
15/07/2024 21:22:56.999,22.0140,32.4935,1.37,8.361,55.903,21.5676
15/07/2024 21:23:56.002,22.0105,32.4944,1.37,8.361,55.986,21.5673
15/07/2024 21:24:56.001,22.0099,32.4953,1.37,8.361,55.940,21.5683
15/07/2024 21:25:56.000,22.0118,32.4968,1.36,8.361,55.991,21.5681
15/07/2024 21:26:56.999,22.0123,32.4928,1.37,8.361,55.969,21.5678
15/07/2024 21:27:56.001,22.0095,32.4937,1.37,8.361,55.989,21.5676
15/07/2024 21:28:56.000,22.0065,32.4960,1.36,8.361,56.022,21.5676
15/07/2024 21:29:56.000,22.0076,32.4967,1.36,8.361,56.242,21.5680
15/07/2024 21:30:56.999,22.0066,32.4950,1.37,8.361,56.061,21.5679
15/07/2024 21:31:56.001,22.0068,32.4952,1.37,8.361,56.081,21.5676
15/07/2024 21:32:56.000,22.0059,32.4951,1.37,8.361,56.091,21.5677
15/07/2024 21:33:56.999,22.0060,32.4963,1.36,8.361,56.099,21.5671
15/07/2024 21:34:56.998,22.0079,32.4957,1.37,8.361,56.037,21.5675
15/07/2024 21:35:56.001,22.0083,32.4969,1.37,8.361,56.031,21.5671
15/07/2024 21:36:56.000,22.0081,32.4960,1.37,8.361,55.991,21.5674
15/07/2024 21:37:56.999,22.0089,32.4958,1.37,8.361,55.966,21.5674
15/07/2024 21:38:56.002,22.0105,32.4944,1.37,8.361,55.992,21.5674
15/07/2024 21:39:56.001,22.0081,32.4952,1.37,8.361,55.967,21.5668
15/07/2024 21:40:56.000,22.0085,32.4970,1.37,8.361,56.012,21.5662
15/07/2024 21:41:56.999,22.0080,32.4965,1.37,8.361,55.954,21.5672
15/07/2024 21:42:56.001,22.0085,32.4966,1.37,8.361,55.917,21.5668
15/07/2024 21:43:56.000,22.0092,32.4947,1.37,8.361,55.986,21.5669
15/07/2024 21:44:56.000,22.0050,32.4956,1.37,8.361,55.947,21.5669
15/07/2024 21:45:56.999,22.0022,32.4941,1.37,8.361,55.934,21.5677
15/07/2024 21:46:56.001,22.0005,32.4958,1.37,8.361,55.909,21.5661
15/07/2024 21:47:56.000,22.0002,32.4965,1.36,8.361,56.008,21.5662
15/07/2024 21:48:56.999,21.9997,32.4954,1.37,8.361,55.936,21.5665
15/07/2024 21:49:56.998,22.0006,32.4973,1.37,8.361,55.869,21.5664
15/07/2024 21:50:56.001,22.0020,32.4970,1.37,8.361,55.926,21.5663
15/07/2024 21:51:56.000,22.0022,32.4957,1.36,8.361,55.829,21.5662
15/07/2024 21:52:56.999,22.0011,32.4965,1.37,8.361,55.880,21.5662
15/07/2024 21:53:56.002,22.0002,32.4971,1.37,8.360,55.831,21.5657
15/07/2024 21:54:56.001,22.0013,32.4949,1.37,8.360,55.746,21.5652
15/07/2024 21:55:56.000,21.9968,32.4945,1.38,8.360,55.822,21.5644
15/07/2024 21:56:56.999,21.9936,32.4966,1.37,8.360,55.999,21.5653
15/07/2024 21:57:56.001,21.9930,32.4967,1.37,8.360,55.919,21.5654
15/07/2024 21:58:56.000,21.9943,32.4999,1.37,8.359,55.929,21.5655
15/07/2024 21:59:56.000,21.9958,32.4981,1.37,8.359,55.894,21.5657
15/07/2024 22:00:56.999,21.9980,32.4957,1.37,8.359,55.971,21.5655
15/07/2024 22:01:56.001,21.9961,32.4949,1.37,8.359,55.918,21.5651
15/07/2024 22:02:56.000,21.9931,32.4984,1.37,8.358,55.912,21.5643
15/07/2024 22:03:56.999,21.9949,32.4982,1.36,8.358,55.973,21.5655
15/07/2024 22:04:56.998,21.9941,32.4967,1.38,8.358,55.979,21.5653
15/07/2024 22:05:56.001,21.9936,32.4967,1.36,8.358,55.965,21.5646
15/07/2024 22:06:56.000,21.9927,32.4976,1.37,8.358,55.916,21.5648
15/07/2024 22:07:56.999,21.9923,32.4977,1.37,8.357,55.979,21.5637
15/07/2024 22:08:56.002,21.9929,32.4968,1.37,8.357,55.907,21.5642
15/07/2024 22:09:56.001,21.9926,32.4981,1.37,8.357,55.848,21.5637
15/07/2024 22:10:56.000,21.9922,32.4963,1.37,8.357,55.911,21.5638
15/07/2024 22:11:56.999,21.9892,32.4973,1.37,8.357,56.016,21.5637
15/07/2024 22:12:56.001,21.9885,32.4976,1.36,8.357,56.018,21.5633
15/07/2024 22:13:56.000,21.9888,32.4980,1.37,8.357,56.014,21.5637
15/07/2024 22:14:56.000,21.9890,32.4964,1.37,8.357,55.981,21.5629
15/07/2024 22:15:56.999,21.9879,32.4969,1.36,8.357,56.153,21.5628
15/07/2024 22:16:56.001,21.9862,32.4962,1.37,8.356,55.997,21.5638
15/07/2024 22:17:56.000,21.9845,32.4992,1.37,8.356,56.040,21.5622
15/07/2024 22:18:56.999,21.9881,32.4979,1.36,8.356,56.046,21.5622
15/07/2024 22:19:56.998,21.9873,32.4978,1.38,8.356,55.994,21.5624
15/07/2024 22:20:56.001,21.9862,32.4977,1.37,8.356,55.854,21.5618
15/07/2024 22:21:56.000,21.9852,32.4986,1.36,8.356,56.033,21.5614
15/07/2024 22:22:56.999,21.9831,32.4959,1.38,8.356,55.953,21.5617
15/07/2024 22:23:56.002,21.9817,32.4972,1.36,8.355,55.987,21.5612
15/07/2024 22:24:56.001,21.9810,32.4990,1.37,8.355,56.041,21.5609
15/07/2024 22:25:56.000,21.9813,32.4979,1.37,8.355,56.011,21.5606
15/07/2024 22:26:56.999,21.9820,32.4986,1.36,8.355,56.111,21.5609
15/07/2024 22:27:56.001,21.9830,32.4975,1.37,8.355,55.861,21.5603
15/07/2024 22:28:56.000,21.9820,32.5005,1.37,8.355,55.960,21.5600
15/07/2024 22:29:56.000,21.9827,32.4991,1.36,8.355,56.032,21.5601
15/07/2024 22:30:56.999,21.9826,32.4973,1.37,8.355,55.881,21.5595
15/07/2024 22:31:56.001,21.9818,32.4996,1.36,8.354,55.997,21.5595
15/07/2024 22:32:56.000,21.9819,32.4992,1.37,8.354,55.965,21.5593
15/07/2024 22:33:56.999,21.9822,32.4974,1.36,8.354,55.968,21.5595
15/07/2024 22:34:56.998,21.9797,32.4990,1.37,8.354,55.974,21.5595
15/07/2024 22:35:56.001,21.9801,32.5006,1.37,8.354,56.007,21.5588
15/07/2024 22:36:56.000,21.9806,32.4994,1.36,8.354,56.096,21.5592
15/07/2024 22:37:56.999,21.9822,32.4989,1.36,8.354,56.003,21.5585
15/07/2024 22:38:56.002,21.9815,32.4993,1.37,8.354,55.931,21.5587
15/07/2024 22:39:56.001,21.9815,32.5011,1.36,8.353,55.948,21.5576
15/07/2024 22:40:56.000,21.9817,32.4980,1.37,8.353,55.920,21.5574
15/07/2024 22:41:56.999,21.9789,32.4983,1.37,8.353,55.996,21.5574
15/07/2024 22:42:56.001,21.9766,32.4988,1.36,8.353,55.889,21.5577
15/07/2024 22:43:56.000,21.9764,32.5006,1.36,8.353,56.050,21.5573
15/07/2024 22:44:56.000,21.9790,32.4994,1.37,8.353,55.953,21.5569
15/07/2024 22:45:56.999,21.9781,32.4992,1.37,8.353,56.072,21.5564
15/07/2024 22:46:56.001,21.9781,32.4997,1.37,8.352,55.993,21.5567
15/07/2024 22:47:56.000,21.9781,32.4992,1.37,8.352,56.075,21.5558
15/07/2024 22:48:56.999,21.9756,32.4985,1.36,8.352,56.022,21.5561
15/07/2024 22:49:56.998,21.9741,32.5011,1.37,8.352,55.902,21.5559
15/07/2024 22:50:56.001,21.9758,32.5008,1.36,8.352,55.997,21.5548
15/07/2024 22:51:56.000,21.9772,32.4998,1.36,8.352,56.013,21.5555
15/07/2024 22:52:56.999,21.9771,32.4979,1.37,8.352,55.933,21.5552
15/07/2024 22:53:56.002,21.9738,32.4998,1.37,8.352,55.928,21.5548
15/07/2024 22:54:56.001,21.9727,32.4993,1.39,8.351,55.973,21.5549
15/07/2024 22:55:56.000,21.9722,32.5009,1.36,8.351,56.038,21.5544
15/07/2024 22:56:56.999,21.9731,32.4997,1.37,8.351,56.076,21.5542
15/07/2024 22:57:56.001,21.9732,32.5020,1.37,8.351,56.124,21.5539
15/07/2024 22:58:56.000,21.9764,32.4991,1.37,8.351,56.047,21.5541
15/07/2024 22:59:56.000,21.9731,32.4987,1.36,8.351,56.060,21.5533
15/07/2024 23:00:56.999,21.9718,32.4993,1.36,8.351,56.121,21.5535
15/07/2024 23:01:56.001,21.9708,32.5002,1.36,8.351,55.987,21.5525
15/07/2024 23:02:56.000,21.9699,32.5004,1.37,8.350,56.104,21.5535
15/07/2024 23:03:56.999,21.9701,32.4995,1.36,8.350,56.165,21.5532
15/07/2024 23:04:56.998,21.9701,32.5010,1.36,8.350,56.027,21.5522
15/07/2024 23:05:56.001,21.9705,32.5006,1.36,8.350,56.058,21.5526
15/07/2024 23:06:56.000,21.9706,32.5003,1.36,8.350,56.081,21.5491
15/07/2024 23:07:56.999,21.9700,32.4998,1.37,8.350,56.090,21.5493
15/07/2024 23:08:56.002,21.9708,32.5007,1.36,8.350,56.183,21.5496
15/07/2024 23:09:56.001,21.9698,32.5006,1.36,8.350,56.081,21.5491
15/07/2024 23:10:56.000,21.9709,32.5006,1.37,8.349,56.054,21.5494
15/07/2024 23:11:56.999,21.9706,32.5011,1.35,8.349,55.975,21.5489
15/07/2024 23:12:56.001,21.9714,32.5008,1.36,8.349,56.058,21.5487
15/07/2024 23:13:56.000,21.9711,32.5020,1.36,8.349,56.151,21.5482
15/07/2024 23:14:56.000,21.9711,32.5033,1.36,8.349,56.029,21.5484
15/07/2024 23:15:56.999,21.9715,32.4984,1.37,8.349,55.957,21.5480
15/07/2024 23:16:56.001,21.9675,32.4991,1.36,8.349,55.932,21.5477
15/07/2024 23:17:56.000,21.9638,32.5006,1.36,8.349,55.894,21.5497
15/07/2024 23:18:56.999,21.9637,32.5017,1.37,8.348,55.991,21.5488
15/07/2024 23:19:56.998,21.9643,32.5013,1.37,8.348,56.084,21.5487
15/07/2024 23:20:56.001,21.9649,32.5012,1.37,8.348,56.081,21.5486
15/07/2024 23:21:56.000,21.9657,32.5015,1.36,8.348,56.022,21.5484
15/07/2024 23:22:56.999,21.9669,32.5007,1.37,8.348,55.991,21.5484
15/07/2024 23:23:56.002,21.9648,32.5028,1.36,8.348,56.018,21.5477
15/07/2024 23:24:56.001,21.9672,32.5014,1.36,8.348,56.052,21.5476
15/07/2024 23:25:56.000,21.9655,32.5003,1.37,8.348,56.000,21.5475
15/07/2024 23:26:56.999,21.9628,32.5006,1.37,8.348,55.965,21.5468
15/07/2024 23:27:56.001,21.9624,32.5013,1.36,8.347,56.056,21.5468
15/07/2024 23:28:56.000,21.9626,32.5023,1.36,8.347,56.052,21.5459
15/07/2024 23:29:56.000,21.9623,32.5024,1.36,8.347,56.022,21.5460
15/07/2024 23:30:56.999,21.9620,32.5041,1.37,8.347,56.075,21.5453
15/07/2024 23:31:56.001,21.9632,32.5014,1.37,8.347,56.076,21.5453
15/07/2024 23:32:56.000,21.9610,32.4999,1.37,8.347,56.018,21.5446
15/07/2024 23:33:56.999,21.9595,32.5022,1.36,8.347,56.028,21.5446
15/07/2024 23:34:56.998,21.9602,32.5023,1.36,8.348,56.056,21.5447
15/07/2024 23:35:56.001,21.9587,32.5007,1.36,8.347,56.177,21.5446
15/07/2024 23:36:56.000,21.9569,32.5032,1.36,8.347,56.061,21.5444
15/07/2024 23:37:56.999,21.9573,32.5030,1.36,8.347,56.021,21.5441
15/07/2024 23:38:56.002,21.9585,32.5027,1.36,8.347,56.057,21.5436
15/07/2024 23:39:56.001,21.9583,32.5011,1.36,8.347,55.994,21.5425
15/07/2024 23:40:56.000,21.9555,32.5014,1.36,8.347,56.049,21.5437
15/07/2024 23:41:56.999,21.9542,32.5033,1.36,8.347,56.076,21.5431
15/07/2024 23:42:56.001,21.9570,32.5024,1.37,8.347,56.052,21.5423
15/07/2024 23:43:56.000,21.9564,32.5029,1.36,8.347,56.033,21.5426
15/07/2024 23:44:56.000,21.9556,32.5030,1.36,8.347,55.916,21.5421
15/07/2024 23:45:56.999,21.9564,32.5032,1.37,8.347,56.061,21.5420
15/07/2024 23:46:56.001,21.9558,32.5019,1.36,8.347,56.035,21.5402
15/07/2024 23:47:56.000,21.9552,32.5015,1.36,8.347,55.862,21.5408
15/07/2024 23:48:56.999,21.9528,32.5037,1.37,8.347,56.078,21.5404
15/07/2024 23:49:56.998,21.9520,32.5019,1.36,8.346,55.939,21.5406
15/07/2024 23:50:56.001,21.9504,32.5021,1.36,8.346,55.939,21.5407
15/07/2024 23:51:56.000,21.9510,32.5035,1.37,8.346,56.078,21.5405
15/07/2024 23:52:56.999,21.9510,32.5043,1.37,8.346,56.058,21.5398
15/07/2024 23:53:56.002,21.9529,32.5024,1.36,8.346,56.058,21.5392
15/07/2024 23:54:56.001,21.9517,32.5019,1.36,8.346,55.951,21.5395
15/07/2024 23:55:56.000,21.9481,32.5032,1.36,8.346,56.031,21.5392
15/07/2024 23:56:56.999,21.9491,32.5033,1.36,8.346,56.051,21.5385
15/07/2024 23:57:56.001,21.9487,32.5033,1.36,8.347,55.989,21.5390
15/07/2024 23:58:56.000,21.9475,32.5020,1.36,8.347,56.034,21.5384
15/07/2024 23:59:56.000,21.9442,32.5026,1.36,8.347,56.008,21.5376
16/07/2024 00:00:56.999,21.9456,32.5043,1.36,8.347,55.909,21.5376
16/07/2024 00:01:56.001,21.9458,32.5037,1.37,8.346,56.024,21.5377
16/07/2024 00:02:56.000,21.9471,32.5039,1.36,8.346,55.994,21.5368
16/07/2024 00:03:56.999,21.9458,32.5032,1.37,8.346,55.821,21.5367
16/07/2024 00:04:56.998,21.9454,32.5039,1.37,8.346,55.971,21.5359
16/07/2024 00:05:56.001,21.9438,32.5036,1.36,8.346,55.957,21.5346
16/07/2024 00:06:56.000,21.9434,32.5036,1.36,8.346,56.032,21.5354
16/07/2024 00:07:56.999,21.9429,32.5032,1.37,8.346,56.066,21.5348
16/07/2024 00:08:56.002,21.9434,32.5051,1.36,8.345,55.988,21.5355
16/07/2024 00:09:56.001,21.9449,32.5039,1.37,8.345,56.041,21.5350
16/07/2024 00:10:56.000,21.9430,32.5038,1.36,8.345,55.972,21.5341
16/07/2024 00:11:56.999,21.9419,32.5037,1.36,8.345,56.141,21.5340
16/07/2024 00:12:56.001,21.9390,32.5020,1.36,8.345,56.189,21.5337
16/07/2024 00:13:56.000,21.9385,32.5064,1.36,8.345,55.991,21.5336
16/07/2024 00:14:56.000,21.9402,32.5046,1.36,8.345,56.053,21.5319
16/07/2024 00:15:56.999,21.9405,32.5051,1.36,8.345,56.092,21.5313
16/07/2024 00:16:56.001,21.9407,32.5048,1.36,8.345,56.053,21.5328
16/07/2024 00:17:56.000,21.9395,32.5032,1.36,8.345,56.043,21.5326
16/07/2024 00:18:56.999,21.9383,32.5063,1.36,8.345,56.050,21.5321
16/07/2024 00:19:56.998,21.9380,32.5033,1.36,8.345,56.113,21.5318
16/07/2024 00:20:56.001,21.9361,32.5046,1.36,8.344,56.117,21.5316
16/07/2024 00:21:56.000,21.9367,32.5043,1.36,8.344,56.089,21.5309
16/07/2024 00:22:56.999,21.9354,32.5036,1.36,8.344,56.084,21.5310
16/07/2024 00:23:56.002,21.9337,32.5072,1.36,8.344,56.144,21.5304
16/07/2024 00:24:56.001,21.9375,32.5052,1.36,8.344,55.981,21.5291
16/07/2024 00:25:56.000,21.9363,32.5063,1.36,8.344,56.074,21.5285
16/07/2024 00:26:56.999,21.9387,32.5052,1.36,8.344,56.031,21.5293
16/07/2024 00:27:56.001,21.9396,32.5057,1.36,8.344,55.915,21.5292
16/07/2024 00:28:56.000,21.9376,32.5035,1.36,8.344,56.114,21.5290
16/07/2024 00:29:56.000,21.9346,32.5030,1.36,8.344,55.977,21.5287
16/07/2024 00:30:56.999,21.9327,32.5051,1.36,8.344,55.988,21.5281
16/07/2024 00:31:56.001,21.9340,32.5067,1.36,8.344,56.248,21.5277
16/07/2024 00:32:56.000,21.9336,32.5062,1.36,8.343,56.085,21.5273
16/07/2024 00:33:56.999,21.9331,32.5041,1.36,8.343,56.125,21.5269
16/07/2024 00:34:56.998,21.9328,32.5063,1.36,8.343,56.077,21.5268
16/07/2024 00:35:56.001,21.9334,32.5053,1.35,8.343,55.994,21.5265
16/07/2024 00:36:56.000,21.9330,32.5055,1.36,8.343,55.970,21.5262
16/07/2024 00:37:56.999,21.9339,32.5063,1.36,8.343,56.087,21.5259
16/07/2024 00:38:56.002,21.9342,32.5065,1.36,8.343,56.166,21.5254
16/07/2024 00:39:56.001,21.9332,32.5048,1.36,8.343,56.000,21.5249
16/07/2024 00:40:56.000,21.9307,32.5043,1.36,8.343,56.052,21.5248
16/07/2024 00:41:56.999,21.9275,32.5057,1.36,8.343,56.088,21.5248
16/07/2024 00:42:56.001,21.9281,32.5072,1.36,8.343,56.177,21.5237
16/07/2024 00:43:56.000,21.9297,32.5058,1.35,8.343,56.164,21.5235
16/07/2024 00:44:56.000,21.9302,32.5062,1.36,8.342,56.215,21.5228
16/07/2024 00:45:56.999,21.9297,32.5064,1.35,8.342,56.047,21.5231
16/07/2024 00:46:56.001,21.9302,32.5063,1.35,8.342,56.218,21.5230
16/07/2024 00:47:56.000,21.9292,32.5053,1.35,8.342,56.129,21.5231
16/07/2024 00:48:56.999,21.9284,32.5064,1.36,8.342,56.126,21.5221
16/07/2024 00:49:56.998,21.9271,32.5052,1.35,8.342,56.071,21.5223
16/07/2024 00:50:56.001,21.9241,32.5056,1.36,8.341,56.257,21.5221
16/07/2024 00:51:56.000,21.9251,32.5058,1.35,8.341,56.062,21.5219
16/07/2024 00:52:56.999,21.9239,32.5066,1.36,8.341,56.190,21.5216
16/07/2024 00:53:56.002,21.9262,32.5082,1.37,8.341,56.102,21.5206
16/07/2024 00:54:56.001,21.9269,32.5058,1.36,8.341,55.933,21.5207
16/07/2024 00:55:56.000,21.9257,32.5060,1.36,8.341,56.122,21.5201
16/07/2024 00:56:56.999,21.9262,32.5062,1.36,8.341,56.134,21.5201
16/07/2024 00:57:56.001,21.9245,32.5050,1.36,8.341,56.088,21.5201
16/07/2024 00:58:56.000,21.9237,32.5060,1.36,8.341,56.192,21.5190
16/07/2024 00:59:56.000,21.9244,32.5076,1.35,8.340,56.210,21.5189
16/07/2024 01:00:56.999,21.9248,32.5057,1.36,8.340,56.103,21.5189
16/07/2024 01:01:56.001,21.9206,32.5069,1.36,8.340,56.155,21.5176
16/07/2024 01:02:56.000,21.9201,32.5068,1.36,8.340,56.184,21.5174
16/07/2024 01:03:56.999,21.9214,32.5082,1.36,8.340,56.123,21.5180
16/07/2024 01:04:56.998,21.9228,32.5078,1.36,8.340,56.143,21.5174
16/07/2024 01:05:56.001,21.9226,32.5060,1.36,8.340,55.976,21.5177
16/07/2024 01:06:56.000,21.9205,32.5078,1.35,8.340,56.096,21.5159
16/07/2024 01:07:56.999,21.9211,32.5077,1.35,8.340,56.042,21.5167
16/07/2024 01:08:56.002,21.9215,32.5067,1.35,8.340,56.151,21.5169
16/07/2024 01:09:56.001,21.9202,32.5079,1.36,8.339,56.074,21.5162
16/07/2024 01:10:56.000,21.9218,32.5085,1.36,8.340,56.137,21.5156
16/07/2024 01:11:56.999,21.9212,32.5062,1.36,8.340,56.161,21.5146
16/07/2024 01:12:56.001,21.9187,32.5068,1.35,8.340,56.083,21.5141
16/07/2024 01:13:56.000,21.9174,32.5068,1.35,8.340,56.065,21.5143
16/07/2024 01:14:56.000,21.9158,32.5083,1.36,8.340,56.104,21.5136
16/07/2024 01:15:56.999,21.9164,32.5067,1.35,8.340,56.153,21.5146
16/07/2024 01:16:56.001,21.9151,32.5075,1.36,8.340,56.162,21.5135
16/07/2024 01:17:56.000,21.9151,32.5085,1.37,8.340,56.204,21.5135
16/07/2024 01:18:56.999,21.9169,32.5093,1.35,8.340,56.118,21.5131
16/07/2024 01:19:56.998,21.9148,32.5077,1.36,8.341,55.955,21.5128
16/07/2024 01:20:56.001,21.9144,32.5089,1.35,8.341,56.041,21.5116
16/07/2024 01:21:56.000,21.9137,32.5083,1.36,8.341,56.073,21.5121
16/07/2024 01:22:56.999,21.9148,32.5089,1.35,8.341,55.994,21.5113
16/07/2024 01:23:56.002,21.9147,32.5070,1.35,8.341,55.994,21.5115
16/07/2024 01:24:56.001,21.9129,32.5078,1.36,8.341,56.086,21.5111
16/07/2024 01:25:56.000,21.9126,32.5083,1.35,8.341,56.048,21.5116
16/07/2024 01:26:56.999,21.9118,32.5089,1.35,8.340,56.140,21.5107
16/07/2024 01:27:56.001,21.9108,32.5079,1.35,8.340,56.130,21.5091
16/07/2024 01:28:56.000,21.9108,32.5100,1.36,8.340,56.153,21.5089
16/07/2024 01:29:56.000,21.9116,32.5075,1.36,8.340,56.184,21.5080
16/07/2024 01:30:56.999,21.9087,32.5091,1.35,8.339,56.175,21.5093
16/07/2024 01:31:56.001,21.9104,32.5084,1.35,8.339,56.138,21.5093
16/07/2024 01:32:56.000,21.9101,32.5086,1.35,8.339,56.099,21.5087
16/07/2024 01:33:56.999,21.9095,32.5080,1.35,8.339,56.150,21.5088
16/07/2024 01:34:56.998,21.9086,32.5085,1.35,8.338,56.124,21.5083
16/07/2024 01:35:56.001,21.9094,32.5098,1.35,8.338,56.243,21.5079
16/07/2024 01:36:56.000,21.9120,32.5087,1.35,8.338,56.084,21.5071
16/07/2024 01:37:56.999,21.9138,32.5089,1.36,8.338,56.169,21.5064
16/07/2024 01:38:56.002,21.9148,32.5093,1.35,8.338,56.191,21.5071
16/07/2024 01:39:56.001,21.9151,32.5085,1.36,8.338,56.208,21.5068
16/07/2024 01:40:56.000,21.9165,32.5098,1.36,8.337,56.052,21.5057
16/07/2024 01:41:56.999,21.9152,32.5089,1.35,8.337,56.155,21.5060
16/07/2024 01:42:56.001,21.9142,32.5071,1.35,8.337,56.133,21.5057
16/07/2024 01:43:56.000,21.9119,32.5086,1.36,8.337,56.036,21.5058
16/07/2024 01:44:56.000,21.9120,32.5096,1.36,8.337,56.125,21.5060
16/07/2024 01:45:56.999,21.9126,32.5097,1.35,8.337,56.062,21.5051
16/07/2024 01:46:56.001,21.9140,32.5089,1.35,8.337,56.171,21.5044
16/07/2024 01:47:56.000,21.9125,32.5081,1.35,8.337,56.212,21.5036
16/07/2024 01:48:56.999,21.9126,32.5095,1.35,8.337,56.076,21.5044
16/07/2024 01:49:56.998,21.9126,32.5100,1.35,8.336,56.146,21.5037
16/07/2024 01:50:56.001,21.9139,32.5104,1.35,8.336,56.027,21.5039
16/07/2024 01:51:56.000,21.9133,32.5085,1.36,8.336,56.002,21.5035
16/07/2024 01:52:56.999,21.9135,32.5103,1.36,8.336,55.974,21.5036
16/07/2024 01:53:56.002,21.9133,32.5084,1.35,8.336,56.082,21.5030
16/07/2024 01:54:56.001,21.9119,32.5078,1.35,8.336,56.118,21.5028
16/07/2024 01:55:56.000,21.9073,32.5095,1.36,8.336,56.230,21.5011
16/07/2024 01:56:56.999,21.9074,32.5098,1.35,8.336,56.115,21.5007
16/07/2024 01:57:56.001,21.9094,32.5111,1.36,8.335,56.064,21.5003
16/07/2024 01:58:56.000,21.9116,32.5097,1.35,8.335,55.988,21.5017
16/07/2024 01:59:56.000,21.9094,32.5104,1.35,8.335,56.237,21.5006
16/07/2024 02:00:56.999,21.9098,32.5089,1.36,8.335,56.120,21.5009
16/07/2024 02:01:56.001,21.9097,32.5102,1.35,8.335,56.126,21.5016
16/07/2024 02:02:56.000,21.9097,32.5076,1.37,8.335,56.198,21.5008
16/07/2024 02:03:56.999,21.9077,32.5114,1.35,8.335,56.162,21.5001
16/07/2024 02:04:56.998,21.9088,32.5092,1.35,8.335,56.167,21.4998
16/07/2024 02:05:56.001,21.9076,32.5107,1.34,8.335,56.080,21.4995
16/07/2024 02:06:56.000,21.9088,32.5088,1.36,8.335,56.131,21.4961
16/07/2024 02:07:56.999,21.9066,32.5104,1.36,8.335,56.093,21.4970
16/07/2024 02:08:56.002,21.9077,32.5116,1.35,8.335,56.095,21.4964
16/07/2024 02:09:56.001,21.9094,32.5121,1.36,8.335,56.068,21.4963
16/07/2024 02:10:56.000,21.9110,32.5109,1.35,8.335,56.170,21.4958
16/07/2024 02:11:56.999,21.9099,32.5102,1.35,8.335,56.159,21.4957
16/07/2024 02:12:56.001,21.9077,32.5095,1.35,8.335,56.104,21.4951
16/07/2024 02:13:56.000,21.9081,32.5116,1.36,8.335,56.163,21.4948
16/07/2024 02:14:56.000,21.9084,32.5088,1.35,8.335,56.091,21.4939
16/07/2024 02:15:56.999,21.9052,32.5107,1.36,8.335,55.954,21.4933
16/07/2024 02:16:56.001,21.9058,32.5111,1.34,8.334,55.949,21.4929
16/07/2024 02:17:56.000,21.9064,32.5102,1.35,8.334,55.984,21.4946
16/07/2024 02:18:56.999,21.9052,32.5105,1.34,8.334,55.992,21.4949
16/07/2024 02:19:56.998,21.9054,32.5112,1.36,8.334,56.125,21.4947
16/07/2024 02:20:56.001,21.9045,32.5098,1.36,8.334,56.061,21.4945
16/07/2024 02:21:56.000,21.9043,32.5107,1.35,8.334,56.110,21.4942
16/07/2024 02:22:56.999,21.9029,32.5104,1.35,8.334,56.078,21.4935
16/07/2024 02:23:56.998,21.9037,32.5127,1.36,8.334,56.076,21.4935
16/07/2024 02:24:56.997,21.9046,32.5123,1.36,8.333,56.142,21.4919
16/07/2024 02:25:56.003,21.9044,32.5098,1.36,8.333,56.102,21.4920
16/07/2024 02:26:56.002,21.9043,32.5114,1.35,8.333,56.055,21.4918
16/07/2024 02:27:56.001,21.9027,32.5082,1.35,8.333,56.069,21.4919
16/07/2024 02:28:56.000,21.8982,32.5119,1.35,8.333,55.996,21.4913
16/07/2024 02:29:56.000,21.9011,32.5102,1.35,8.333,56.091,21.4915
16/07/2024 02:30:56.999,21.9004,32.5104,1.34,8.333,56.055,21.4910
16/07/2024 02:31:56.998,21.8969,32.5108,1.35,8.333,56.159,21.4909
16/07/2024 02:32:56.997,21.8958,32.5127,1.35,8.333,56.077,21.4904
16/07/2024 02:33:56.003,21.8974,32.5109,1.35,8.332,56.058,21.4889
16/07/2024 02:34:56.002,21.8975,32.5116,1.34,8.332,56.186,21.4902
16/07/2024 02:35:56.001,21.8961,32.5106,1.35,8.332,56.128,21.4898
16/07/2024 02:36:56.000,21.8934,32.5111,1.35,8.332,56.087,21.4888
16/07/2024 02:37:56.999,21.8915,32.5124,1.36,8.332,56.095,21.4891
16/07/2024 02:38:56.998,21.8930,32.5127,1.34,8.332,56.076,21.4887
16/07/2024 02:39:56.997,21.8934,32.5139,1.35,8.332,56.201,21.4882
16/07/2024 02:40:56.003,21.8937,32.5115,1.35,8.332,56.045,21.4881
16/07/2024 02:41:56.002,21.8935,32.5109,1.35,8.331,56.231,21.4876
16/07/2024 02:42:56.001,21.8896,32.5112,1.35,8.332,56.083,21.4865
16/07/2024 02:43:56.000,21.8907,32.5124,1.35,8.332,56.039,21.4862
16/07/2024 02:44:56.000,21.8908,32.5115,1.35,8.331,56.049,21.4868
16/07/2024 02:45:56.999,21.8899,32.5129,1.35,8.332,56.121,21.4871
16/07/2024 02:46:56.998,21.8921,32.5125,1.35,8.332,56.038,21.4861
16/07/2024 02:47:56.997,21.8912,32.5121,1.34,8.332,56.096,21.4859
16/07/2024 02:48:56.003,21.8909,32.5102,1.35,8.332,56.085,21.4857
16/07/2024 02:49:56.002,21.8907,32.5137,1.34,8.333,56.080,21.4862
16/07/2024 02:50:56.001,21.8901,32.5125,1.34,8.333,56.074,21.4853
16/07/2024 02:51:56.000,21.8908,32.5115,1.34,8.334,56.126,21.4856
16/07/2024 02:52:56.999,21.8894,32.5101,1.35,8.335,56.132,21.4849
16/07/2024 02:53:56.998,21.8879,32.5141,1.34,8.335,56.100,21.4839
16/07/2024 02:54:56.997,21.8890,32.5124,1.34,8.335,56.045,21.4840
16/07/2024 02:55:56.003,21.8897,32.5125,1.35,8.335,56.006,21.4835
16/07/2024 02:56:56.002,21.8887,32.5133,1.36,8.335,56.129,21.4835
16/07/2024 02:57:56.001,21.8883,32.5140,1.34,8.335,56.195,21.4835
16/07/2024 02:58:56.000,21.8889,32.5114,1.34,8.335,56.183,21.4833
16/07/2024 02:59:56.000,21.8885,32.5141,1.36,8.335,56.105,21.4829
16/07/2024 03:00:56.999,21.8896,32.5130,1.34,8.335,56.246,21.4815
16/07/2024 03:01:56.998,21.8893,32.5113,1.34,8.334,56.019,21.4821
16/07/2024 03:02:56.997,21.8886,32.5139,1.34,8.334,56.100,21.4819
16/07/2024 03:03:56.003,21.8893,32.5133,1.34,8.334,56.041,21.4816
16/07/2024 03:04:56.002,21.8860,32.5129,1.34,8.334,56.054,21.4813
16/07/2024 03:05:56.001,21.8839,32.5137,1.35,8.334,56.033,21.4805
16/07/2024 03:06:56.000,21.8858,32.5144,1.34,8.334,56.039,21.4809
16/07/2024 03:07:56.999,21.8871,32.5131,1.36,8.334,56.081,21.4807
16/07/2024 03:08:56.998,21.8872,32.5120,1.34,8.334,56.149,21.4807
16/07/2024 03:09:56.997,21.8867,32.5137,1.35,8.333,56.090,21.4799
16/07/2024 03:10:56.003,21.8872,32.5136,1.35,8.333,56.183,21.4789
16/07/2024 03:11:56.002,21.8867,32.5130,1.36,8.333,56.143,21.4795
16/07/2024 03:12:56.001,21.8872,32.5130,1.35,8.333,56.160,21.4786
16/07/2024 03:13:56.000,21.8872,32.5135,1.35,8.333,56.209,21.4783
16/07/2024 03:14:56.000,21.8871,32.5126,1.35,8.332,56.009,21.4783
16/07/2024 03:15:56.999,21.8871,32.5113,1.35,8.332,56.071,21.4780
16/07/2024 03:16:56.998,21.8843,32.5132,1.35,8.332,55.931,21.4783
16/07/2024 03:17:56.997,21.8846,32.5137,1.35,8.332,56.091,21.4779
16/07/2024 03:18:56.003,21.8866,32.5136,1.34,8.332,56.105,21.4777
16/07/2024 03:19:56.002,21.8870,32.5138,1.35,8.332,56.077,21.4773
16/07/2024 03:20:56.001,21.8874,32.5146,1.35,8.331,56.151,21.4755
16/07/2024 03:21:56.000,21.8868,32.5129,1.34,8.331,56.260,21.4763
16/07/2024 03:22:56.999,21.8837,32.5117,1.35,8.331,56.039,21.4765
16/07/2024 03:23:56.998,21.8826,32.5140,1.34,8.331,56.060,21.4760
16/07/2024 03:24:56.997,21.8819,32.5137,1.35,8.331,56.125,21.4757
16/07/2024 03:25:56.003,21.8821,32.5131,1.35,8.331,56.092,21.4761
16/07/2024 03:26:56.002,21.8805,32.5140,1.34,8.331,56.003,21.4756
16/07/2024 03:27:56.001,21.8799,32.5145,1.34,8.330,56.143,21.4753
16/07/2024 03:28:56.000,21.8810,32.5155,1.35,8.330,56.252,21.4739
16/07/2024 03:29:56.000,21.8822,32.5150,1.34,8.330,56.134,21.4744
16/07/2024 03:30:56.999,21.8837,32.5144,1.35,8.330,56.145,21.4745
16/07/2024 03:31:56.998,21.8837,32.5130,1.35,8.330,56.097,21.4738
16/07/2024 03:32:56.997,21.8820,32.5142,1.35,8.330,56.213,21.4727
16/07/2024 03:33:56.003,21.8829,32.5155,1.34,8.330,56.080,21.4739
16/07/2024 03:34:56.002,21.8838,32.5155,1.33,8.330,56.291,21.4728
16/07/2024 03:35:56.001,21.8831,32.5138,1.34,8.329,56.274,21.4733
16/07/2024 03:36:56.000,21.8824,32.5138,1.34,8.329,56.149,21.4725
16/07/2024 03:37:56.999,21.8836,32.5158,1.35,8.329,56.112,21.4722
16/07/2024 03:38:56.998,21.8858,32.5149,1.34,8.329,56.174,21.4720
16/07/2024 03:39:56.997,21.8853,32.5124,1.34,8.329,56.246,21.4720
16/07/2024 03:40:56.003,21.8824,32.5144,1.33,8.329,56.240,21.4704
16/07/2024 03:41:56.002,21.8841,32.5148,1.34,8.329,56.276,21.4704
16/07/2024 03:42:56.001,21.8825,32.5145,1.34,8.329,56.208,21.4709
16/07/2024 03:43:56.000,21.8823,32.5137,1.34,8.329,56.306,21.4708
16/07/2024 03:44:56.000,21.8813,32.5144,1.34,8.329,56.122,21.4701
16/07/2024 03:45:56.999,21.8820,32.5128,1.34,8.329,56.165,21.4698
16/07/2024 03:46:56.998,21.8800,32.5159,1.34,8.328,56.215,21.4692
16/07/2024 03:47:56.997,21.8816,32.5152,1.35,8.328,56.174,21.4695
16/07/2024 03:48:56.003,21.8820,32.5146,1.34,8.328,56.143,21.4693
16/07/2024 03:49:56.002,21.8810,32.5153,1.33,8.328,56.185,21.4689
16/07/2024 03:50:56.001,21.8797,32.5155,1.35,8.328,56.163,21.4686
16/07/2024 03:51:56.000,21.8794,32.5154,1.33,8.328,56.134,21.4689
16/07/2024 03:52:56.999,21.8811,32.5149,1.33,8.328,56.230,21.4682
16/07/2024 03:53:56.998,21.8781,32.5137,1.33,8.328,56.212,21.4682
16/07/2024 03:54:56.997,21.8781,32.5149,1.35,8.327,56.137,21.4678
16/07/2024 03:55:56.003,21.8785,32.5145,1.34,8.327,56.215,21.4675
16/07/2024 03:56:56.002,21.8776,32.5148,1.34,8.327,56.202,21.4664
16/07/2024 03:57:56.001,21.8756,32.5152,1.33,8.327,56.136,21.4671
16/07/2024 03:58:56.000,21.8738,32.5152,1.34,8.327,56.143,21.4664
16/07/2024 03:59:56.000,21.8722,32.5145,1.35,8.327,56.299,21.4650
16/07/2024 04:00:56.999,21.8708,32.5149,1.34,8.327,56.276,21.4652
16/07/2024 04:01:56.998,21.8716,32.5162,1.33,8.327,56.214,21.4659
16/07/2024 04:02:56.997,21.8712,32.5134,1.34,8.327,56.130,21.4649
16/07/2024 04:03:56.003,21.8686,32.5135,1.34,8.327,56.174,21.4650
16/07/2024 04:04:56.002,21.8656,32.5147,1.34,8.327,56.044,21.4652
16/07/2024 04:05:56.001,21.8637,32.5143,1.35,8.326,56.081,21.4647
16/07/2024 04:06:56.000,21.8639,32.5176,1.34,8.326,56.128,21.4644
16/07/2024 04:07:56.999,21.8658,32.5169,1.34,8.326,56.157,21.4634
16/07/2024 04:08:56.998,21.8657,32.5155,1.35,8.326,56.114,21.4635
16/07/2024 04:09:56.997,21.8647,32.5163,1.34,8.326,56.142,21.4630
16/07/2024 04:10:56.003,21.8631,32.5163,1.34,8.326,56.258,21.4630
16/07/2024 04:11:56.002,21.8639,32.5168,1.34,8.326,56.151,21.4627
16/07/2024 04:12:56.001,21.8645,32.5140,1.34,8.326,56.212,21.4620
16/07/2024 04:13:56.000,21.8628,32.5172,1.35,8.326,56.236,21.4620
16/07/2024 04:14:56.000,21.8616,32.5151,1.34,8.325,56.278,21.4617
16/07/2024 04:15:56.999,21.8599,32.5158,1.33,8.325,56.272,21.4616
16/07/2024 04:16:56.998,21.8611,32.5167,1.34,8.326,56.262,21.4610
16/07/2024 04:17:56.997,21.8615,32.5161,1.34,8.326,56.105,21.4598
16/07/2024 04:18:56.003,21.8599,32.5165,1.34,8.326,56.254,21.4595
16/07/2024 04:19:56.002,21.8595,32.5158,1.34,8.326,56.238,21.4590
16/07/2024 04:20:56.001,21.8587,32.5176,1.34,8.326,56.170,21.4597
16/07/2024 04:21:56.000,21.8592,32.5149,1.34,8.326,56.221,21.4592
16/07/2024 04:22:56.999,21.8557,32.5141,1.34,8.326,56.156,21.4594
16/07/2024 04:23:56.998,21.8537,32.5146,1.34,8.326,56.227,21.4589
16/07/2024 04:24:56.997,21.8500,32.5189,1.34,8.326,56.082,21.4588
16/07/2024 04:25:56.003,21.8524,32.5186,1.34,8.326,56.194,21.4584
16/07/2024 04:26:56.002,21.8537,32.5174,1.34,8.326,56.248,21.4576
16/07/2024 04:27:56.001,21.8529,32.5179,1.34,8.326,56.109,21.4584
16/07/2024 04:28:56.000,21.8527,32.5172,1.34,8.326,56.160,21.4575
16/07/2024 04:29:56.000,21.8513,32.5165,1.34,8.326,56.173,21.4572
16/07/2024 04:30:56.999,21.8497,32.5145,1.33,8.326,56.154,21.4566
16/07/2024 04:31:56.998,21.8467,32.5170,1.34,8.326,56.211,21.4559
16/07/2024 04:32:56.997,21.8496,32.5195,1.34,8.326,56.171,21.4552
16/07/2024 04:33:56.003,21.8500,32.5167,1.34,8.326,56.178,21.4555
16/07/2024 04:34:56.002,21.8506,32.5177,1.34,8.326,56.141,21.4542
16/07/2024 04:35:56.001,21.8503,32.5176,1.34,8.326,56.199,21.4535
16/07/2024 04:36:56.000,21.8500,32.5175,1.34,8.326,56.198,21.4548
16/07/2024 04:37:56.999,21.8496,32.5166,1.34,8.326,56.136,21.4545
16/07/2024 04:38:56.998,21.8502,32.5185,1.34,8.326,56.122,21.4531
16/07/2024 04:39:56.997,21.8499,32.5162,1.34,8.326,56.102,21.4526
16/07/2024 04:40:56.003,21.8465,32.5175,1.34,8.326,56.274,21.4529
16/07/2024 04:41:56.002,21.8444,32.5162,1.34,8.326,56.153,21.4520
16/07/2024 04:42:56.001,21.8425,32.5177,1.34,8.326,56.228,21.4514
16/07/2024 04:43:56.000,21.8442,32.5174,1.34,8.326,56.163,21.4511
16/07/2024 04:44:56.000,21.8449,32.5186,1.34,8.325,56.250,21.4516
16/07/2024 04:45:56.999,21.8449,32.5179,1.34,8.325,56.172,21.4512
16/07/2024 04:46:56.998,21.8454,32.5178,1.34,8.325,56.164,21.4500
16/07/2024 04:47:56.997,21.8448,32.5163,1.34,8.325,56.096,21.4495
16/07/2024 04:48:56.003,21.8409,32.5173,1.34,8.326,56.147,21.4497
16/07/2024 04:49:56.002,21.8401,32.5162,1.34,8.325,56.160,21.4493
16/07/2024 04:50:56.001,21.8358,32.5199,1.34,8.325,56.266,21.4495
16/07/2024 04:51:56.000,21.8361,32.5180,1.34,8.325,56.296,21.4480
16/07/2024 04:52:56.999,21.8347,32.5194,1.34,8.325,56.270,21.4477
16/07/2024 04:53:56.998,21.8360,32.5187,1.34,8.325,56.133,21.4481
16/07/2024 04:54:56.997,21.8339,32.5174,1.34,8.325,56.332,21.4479
16/07/2024 04:55:56.003,21.8341,32.5187,1.34,8.325,56.153,21.4471
16/07/2024 04:56:56.002,21.8348,32.5207,1.34,8.325,56.166,21.4463
16/07/2024 04:57:56.001,21.8365,32.5179,1.34,8.325,56.150,21.4458
16/07/2024 04:58:56.000,21.8349,32.5175,1.34,8.325,56.192,21.4467
16/07/2024 04:59:56.000,21.8343,32.5196,1.34,8.325,56.175,21.4463
16/07/2024 05:00:56.999,21.8362,32.5193,1.34,8.325,56.089,21.4463
16/07/2024 05:01:56.998,21.8367,32.5184,1.34,8.325,56.236,21.4456
16/07/2024 05:02:56.997,21.8350,32.5169,1.34,8.325,56.106,21.4440
16/07/2024 05:03:56.003,21.8315,32.5198,1.34,8.325,56.115,21.4447
16/07/2024 05:04:56.002,21.8323,32.5192,1.34,8.325,56.032,21.4446
16/07/2024 05:05:56.001,21.8310,32.5186,1.34,8.325,56.193,21.4428
16/07/2024 05:06:56.000,21.8303,32.5191,1.34,8.326,56.126,21.4419
16/07/2024 05:07:56.999,21.8290,32.5195,1.34,8.325,56.156,21.4417
16/07/2024 05:08:56.998,21.8302,32.5197,1.34,8.325,56.191,21.4407
16/07/2024 05:09:56.997,21.8296,32.5192,1.34,8.325,56.103,21.4404
16/07/2024 05:10:56.003,21.8278,32.5188,1.34,8.325,56.046,21.4402
16/07/2024 05:11:56.002,21.8288,32.5202,1.34,8.325,56.040,21.4390
16/07/2024 05:12:56.001,21.8297,32.5205,1.34,8.325,56.079,21.4389
16/07/2024 05:13:56.000,21.8293,32.5185,1.34,8.325,55.961,21.4389
16/07/2024 05:14:56.000,21.8293,32.5187,1.34,8.325,56.046,21.4371
16/07/2024 05:15:56.999,21.8285,32.5191,1.34,8.325,56.096,21.4369
16/07/2024 05:16:56.998,21.8293,32.5196,1.34,8.324,56.131,21.4377
16/07/2024 05:17:56.997,21.8301,32.5190,1.34,8.324,56.081,21.4387
16/07/2024 05:18:56.003,21.8299,32.5188,1.34,8.324,56.198,21.4383
16/07/2024 05:19:56.002,21.8278,32.5192,1.34,8.324,56.026,21.4382
16/07/2024 05:20:56.001,21.8290,32.5220,1.34,8.324,56.027,21.4376
16/07/2024 05:21:56.000,21.8295,32.5197,1.34,8.324,56.112,21.4375
16/07/2024 05:22:56.999,21.8277,32.5200,1.34,8.324,56.097,21.4370
16/07/2024 05:23:56.998,21.8270,32.5204,1.34,8.323,56.156,21.4360
16/07/2024 05:24:56.997,21.8282,32.5217,1.34,8.323,56.145,21.4365
16/07/2024 05:25:56.003,21.8310,32.5202,1.34,8.323,56.100,21.4359
16/07/2024 05:26:56.002,21.8310,32.5207,1.34,8.323,56.230,21.4357
16/07/2024 05:27:56.001,21.8313,32.5207,1.34,8.323,56.113,21.4355
16/07/2024 05:28:56.000,21.8296,32.5190,1.34,8.323,56.002,21.4341
16/07/2024 05:29:56.000,21.8283,32.5201,1.34,8.323,56.104,21.4351
16/07/2024 05:30:56.999,21.8287,32.5207,1.34,8.323,56.131,21.4345
16/07/2024 05:31:56.998,21.8284,32.5213,1.34,8.323,56.086,21.4337
16/07/2024 05:32:56.997,21.8298,32.5216,1.34,8.322,56.062,21.4332
16/07/2024 05:33:56.003,21.8308,32.5205,1.34,8.322,56.061,21.4334
16/07/2024 05:34:56.002,21.8303,32.5215,1.34,8.322,56.220,21.4330
16/07/2024 05:35:56.001,21.8327,32.5214,1.34,8.322,56.152,21.4319
16/07/2024 05:36:56.000,21.8303,32.5189,1.34,8.322,56.123,21.4320
16/07/2024 05:37:56.999,21.8270,32.5197,1.34,8.322,56.176,21.4317
16/07/2024 05:38:56.998,21.8267,32.5224,1.34,8.322,56.068,21.4313
16/07/2024 05:39:56.997,21.8272,32.5201,1.34,8.322,56.178,21.4315
16/07/2024 05:40:56.003,21.8287,32.5223,1.34,8.322,56.143,21.4295
16/07/2024 05:41:56.002,21.8298,32.5224,1.34,8.322,56.129,21.4294
16/07/2024 05:42:56.001,21.8303,32.5200,1.34,8.322,56.184,21.4301
16/07/2024 05:43:56.000,21.8282,32.5200,1.34,8.322,56.222,21.4291
16/07/2024 05:44:56.000,21.8289,32.5215,1.34,8.322,56.096,21.4288
16/07/2024 05:45:56.999,21.8273,32.5214,1.34,8.323,56.112,21.4290
16/07/2024 05:46:56.998,21.8271,32.5218,1.35,8.323,56.079,21.4287
16/07/2024 05:47:56.997,21.8259,32.5227,1.34,8.323,56.129,21.4287
16/07/2024 05:48:56.003,21.8276,32.5209,1.35,8.323,56.058,21.4279
16/07/2024 05:49:56.002,21.8251,32.5209,1.35,8.324,56.058,21.4274
16/07/2024 05:50:56.001,21.8245,32.5224,1.35,8.324,56.183,21.4279
16/07/2024 05:51:56.000,21.8246,32.5208,1.35,8.325,56.094,21.4271
16/07/2024 05:52:56.999,21.8229,32.5226,1.34,8.325,56.081,21.4264
16/07/2024 05:53:56.998,21.8248,32.5220,1.34,8.325,56.116,21.4265
16/07/2024 05:54:56.997,21.8258,32.5220,1.34,8.325,56.010,21.4261
16/07/2024 05:55:56.003,21.8256,32.5217,1.34,8.326,56.206,21.4264
16/07/2024 05:56:56.002,21.8239,32.5213,1.35,8.326,56.044,21.4262
16/07/2024 05:57:56.001,21.8224,32.5220,1.34,8.326,56.033,21.4252
16/07/2024 05:58:56.000,21.8237,32.5219,1.34,8.326,56.045,21.4253
16/07/2024 05:59:56.000,21.8237,32.5213,1.35,8.326,56.153,21.4236
16/07/2024 06:00:56.999,21.8240,32.5231,1.35,8.326,56.151,21.4245
16/07/2024 06:01:56.998,21.8248,32.5228,1.34,8.327,56.252,21.4241
16/07/2024 06:02:56.997,21.8249,32.5229,1.35,8.326,56.070,21.4235
16/07/2024 06:03:56.003,21.8246,32.5215,1.34,8.326,56.147,21.4233
16/07/2024 06:04:56.002,21.8240,32.5207,1.34,8.326,56.154,21.4235
16/07/2024 06:05:56.001,21.8216,32.5209,1.35,8.326,56.127,21.4230
16/07/2024 06:06:56.000,21.8192,32.5227,1.34,8.326,56.124,21.4229
16/07/2024 06:07:56.999,21.8210,32.5214,1.34,8.326,56.090,21.4225
16/07/2024 06:08:56.998,21.8228,32.5237,1.34,8.326,55.998,21.4210
16/07/2024 06:09:56.997,21.8252,32.5235,1.34,8.326,56.087,21.4215
16/07/2024 06:10:56.003,21.8248,32.5207,1.34,8.326,56.118,21.4217
16/07/2024 06:11:56.002,21.8231,32.5209,1.34,8.326,56.063,21.4208
16/07/2024 06:12:56.001,21.8210,32.5221,1.34,8.326,56.082,21.4206
16/07/2024 06:13:56.000,21.8224,32.5249,1.34,8.325,56.070,21.4205
16/07/2024 06:14:56.000,21.8252,32.5230,1.33,8.325,56.134,21.4204
16/07/2024 06:15:56.999,21.8266,32.5226,1.35,8.325,56.142,21.4202
16/07/2024 06:16:56.998,21.8255,32.5201,1.34,8.325,56.073,21.4202
16/07/2024 06:17:56.997,21.8240,32.5223,1.35,8.325,56.073,21.4181
16/07/2024 06:18:56.003,21.8223,32.5222,1.34,8.325,56.020,21.4180
16/07/2024 06:19:56.002,21.8208,32.5238,1.34,8.325,56.152,21.4184
16/07/2024 06:20:56.001,21.8229,32.5230,1.34,8.325,56.028,21.4181
16/07/2024 06:21:56.000,21.8221,32.5236,1.33,8.325,55.946,21.4173
16/07/2024 06:22:56.999,21.8237,32.5223,1.34,8.325,56.128,21.4176
16/07/2024 06:23:56.998,21.8231,32.5207,1.33,8.324,56.041,21.4173
16/07/2024 06:24:56.997,21.8188,32.5216,1.33,8.324,56.040,21.4174
16/07/2024 06:25:56.003,21.8163,32.5234,1.34,8.324,56.146,21.4169
16/07/2024 06:26:56.002,21.8179,32.5234,1.34,8.323,56.080,21.4168
16/07/2024 06:27:56.001,21.8191,32.5258,1.33,8.324,56.118,21.4155
16/07/2024 06:28:56.000,21.8214,32.5226,1.34,8.323,56.102,21.4160
16/07/2024 06:29:56.000,21.8207,32.5230,1.34,8.323,56.106,21.4158
16/07/2024 06:30:56.999,21.8187,32.5220,1.34,8.323,56.028,21.4147
16/07/2024 06:31:56.998,21.8170,32.5233,1.34,8.322,56.192,21.4146
16/07/2024 06:32:56.997,21.8143,32.5216,1.33,8.322,56.220,21.4142
16/07/2024 06:33:56.003,21.8145,32.5252,1.34,8.322,56.120,21.4147
16/07/2024 06:34:56.002,21.8171,32.5250,1.34,8.321,56.131,21.4147
16/07/2024 06:35:56.001,21.8177,32.5223,1.34,8.321,56.083,21.4133
16/07/2024 06:36:56.000,21.8174,32.5243,1.34,8.321,56.186,21.4126
16/07/2024 06:37:56.999,21.8173,32.5246,1.33,8.320,56.126,21.4122
16/07/2024 06:38:56.998,21.8167,32.5257,1.34,8.320,56.045,21.4121
16/07/2024 06:39:56.997,21.8172,32.5241,1.34,8.319,56.022,21.4131
16/07/2024 06:40:56.003,21.8171,32.5230,1.34,8.319,56.093,21.4126
16/07/2024 06:41:56.002,21.8150,32.5238,1.34,8.319,56.050,21.4119
16/07/2024 06:42:56.001,21.8155,32.5254,1.34,8.319,55.985,21.4117
16/07/2024 06:43:56.000,21.8151,32.5232,1.34,8.318,55.991,21.4116
16/07/2024 06:44:56.000,21.8133,32.5224,1.33,8.318,56.109,21.4114
16/07/2024 06:45:56.999,21.8088,32.5238,1.34,8.318,56.146,21.4108
16/07/2024 06:46:56.998,21.8077,32.5244,1.35,8.318,56.014,21.4109
16/07/2024 06:47:56.997,21.8061,32.5247,1.34,8.317,55.969,21.4087
16/07/2024 06:48:56.003,21.8076,32.5239,1.33,8.317,55.962,21.4082
16/07/2024 06:49:56.002,21.8087,32.5236,1.34,8.317,56.183,21.4098
16/07/2024 06:50:56.001,21.8086,32.5232,1.34,8.317,56.108,21.4093
16/07/2024 06:51:56.000,21.8062,32.5249,1.33,8.317,56.066,21.4091
16/07/2024 06:52:56.999,21.8059,32.5234,1.34,8.316,56.142,21.4091
16/07/2024 06:53:56.998,21.8067,32.5252,1.35,8.316,56.107,21.4088
16/07/2024 06:54:56.997,21.8081,32.5258,1.34,8.316,56.167,21.4079
16/07/2024 06:55:56.003,21.8098,32.5236,1.32,8.315,56.124,21.4066
16/07/2024 06:56:56.002,21.8095,32.5234,1.33,8.315,56.055,21.4079
16/07/2024 06:57:56.001,21.8071,32.5246,1.33,8.315,56.037,21.4073
16/07/2024 06:58:56.000,21.8091,32.5251,1.33,8.315,56.152,21.4070
16/07/2024 06:59:56.000,21.8078,32.5242,1.33,8.314,56.070,21.4068
16/07/2024 07:00:56.999,21.8061,32.5231,1.33,8.314,56.131,21.4046
16/07/2024 07:01:56.998,21.8013,32.5251,1.34,8.314,56.061,21.4064
16/07/2024 07:02:56.997,21.8028,32.5260,1.34,8.314,56.028,21.4054
16/07/2024 07:03:56.003,21.8019,32.5277,1.34,8.314,56.133,21.4058
16/07/2024 07:04:56.002,21.8049,32.5268,1.34,8.313,56.051,21.4054
16/07/2024 07:05:56.001,21.8051,32.5257,1.34,8.313,56.140,21.4038
16/07/2024 07:06:56.000,21.8033,32.5247,1.34,8.313,56.058,21.4049
16/07/2024 07:07:56.999,21.8016,32.5249,1.34,8.313,56.189,21.4033
16/07/2024 07:08:56.998,21.8013,32.5245,1.34,8.313,56.088,21.4041
16/07/2024 07:09:56.997,21.8003,32.5267,1.34,8.313,56.196,21.4034
16/07/2024 07:10:56.003,21.8014,32.5265,1.33,8.313,56.046,21.4026
16/07/2024 07:11:56.002,21.8028,32.5248,1.33,8.312,56.090,21.4029
16/07/2024 07:12:56.001,21.8018,32.5260,1.34,8.313,56.104,21.4024
16/07/2024 07:13:56.000,21.8023,32.5257,1.33,8.313,56.146,21.4016
16/07/2024 07:14:56.000,21.8022,32.5249,1.33,8.313,56.096,21.4024
16/07/2024 07:15:56.999,21.8007,32.5257,1.33,8.314,56.039,21.4004
16/07/2024 07:16:56.998,21.8002,32.5264,1.34,8.314,56.106,21.4021
16/07/2024 07:17:56.997,21.7999,32.5261,1.33,8.314,56.320,21.4006
16/07/2024 07:18:56.003,21.7992,32.5255,1.34,8.314,56.098,21.3999
16/07/2024 07:19:56.002,21.8002,32.5258,1.34,8.314,56.106,21.4003
16/07/2024 07:20:56.001,21.8001,32.5258,1.35,8.314,56.210,21.3998
16/07/2024 07:21:56.000,21.7986,32.5260,1.33,8.314,56.205,21.3996
16/07/2024 07:22:56.999,21.7979,32.5258,1.34,8.315,56.204,21.3998
16/07/2024 07:23:56.998,21.7971,32.5274,1.33,8.315,56.143,21.3986
16/07/2024 07:24:56.997,21.7987,32.5241,1.33,8.315,56.074,21.3986
16/07/2024 07:25:56.003,21.7950,32.5262,1.33,8.315,56.206,21.3979
16/07/2024 07:26:56.002,21.7937,32.5257,1.34,8.315,56.230,21.3976
16/07/2024 07:27:56.001,21.7962,32.5277,1.33,8.315,56.131,21.3978
16/07/2024 07:28:56.000,21.7953,32.5255,1.32,8.315,56.173,21.3976
16/07/2024 07:29:56.000,21.7952,32.5263,1.34,8.315,56.009,21.3969
16/07/2024 07:30:56.999,21.7945,32.5262,1.34,8.316,56.183,21.3968
16/07/2024 07:31:56.998,21.7931,32.5253,1.34,8.316,56.128,21.3969
16/07/2024 07:32:56.997,21.7933,32.5262,1.34,8.316,56.136,21.3959
16/07/2024 07:33:56.003,21.7921,32.5284,1.34,8.316,56.136,21.3943
16/07/2024 07:34:56.002,21.7929,32.5281,1.34,8.316,56.164,21.3951
16/07/2024 07:35:56.001,21.7942,32.5264,1.34,8.316,56.072,21.3948
16/07/2024 07:36:56.000,21.7936,32.5254,1.34,8.316,56.082,21.3950
16/07/2024 07:37:56.999,21.7928,32.5283,1.34,8.317,56.141,21.3941
16/07/2024 07:38:56.998,21.7912,32.5262,1.34,8.317,56.219,21.3942
16/07/2024 07:39:56.997,21.7894,32.5281,1.33,8.317,56.109,21.3939
16/07/2024 07:40:56.003,21.7901,32.5273,1.33,8.317,56.256,21.3938
16/07/2024 07:41:56.002,21.7904,32.5246,1.34,8.317,56.225,21.3932
16/07/2024 07:42:56.001,21.7903,32.5277,1.34,8.317,56.097,21.3928
16/07/2024 07:43:56.000,21.7910,32.5262,1.34,8.317,56.199,21.3924
16/07/2024 07:44:56.000,21.7905,32.5284,1.33,8.316,56.115,21.3924
16/07/2024 07:45:56.999,21.7900,32.5251,1.34,8.316,56.201,21.3922
16/07/2024 07:46:56.998,21.7862,32.5273,1.34,8.316,56.068,21.3916
16/07/2024 07:47:56.997,21.7854,32.5281,1.34,8.315,56.125,21.3914
16/07/2024 07:48:56.003,21.7877,32.5289,1.34,8.315,56.083,21.3902
16/07/2024 07:49:56.002,21.7874,32.5249,1.34,8.314,56.234,21.3900
16/07/2024 07:50:56.001,21.7836,32.5276,1.34,8.314,56.092,21.3894
16/07/2024 07:51:56.000,21.7856,32.5267,1.34,8.314,56.073,21.3902
16/07/2024 07:52:56.999,21.7861,32.5271,1.33,8.313,56.230,21.3899
16/07/2024 07:53:56.998,21.7858,32.5286,1.33,8.313,56.216,21.3896
16/07/2024 07:54:56.997,21.7868,32.5283,1.34,8.313,56.135,21.3883
16/07/2024 07:55:56.003,21.7888,32.5292,1.34,8.313,56.191,21.3885
16/07/2024 07:56:56.002,21.7905,32.5280,1.34,8.312,56.134,21.3885
16/07/2024 07:57:56.001,21.7912,32.5265,1.33,8.312,56.127,21.3881
16/07/2024 07:58:56.000,21.7883,32.5280,1.34,8.312,56.228,21.3880
16/07/2024 07:59:56.000,21.7865,32.5278,1.34,8.312,56.148,21.3872
16/07/2024 08:00:56.999,21.7880,32.5288,1.34,8.312,56.165,21.3859
16/07/2024 08:01:56.998,21.7897,32.5283,1.34,8.312,56.232,21.3876
16/07/2024 08:02:56.997,21.7882,32.5276,1.33,8.312,56.147,21.3866
16/07/2024 08:03:56.003,21.7852,32.5267,1.34,8.311,56.150,21.3863
16/07/2024 08:04:56.002,21.7836,32.5268,1.34,8.311,56.141,21.3858
16/07/2024 08:05:56.001,21.7826,32.5280,1.34,8.311,56.219,21.3856
16/07/2024 08:06:56.000,21.7844,32.5274,1.34,8.311,56.235,21.3855
16/07/2024 08:07:56.999,21.7827,32.5276,1.34,8.311,56.103,21.3834
16/07/2024 08:08:56.998,21.7834,32.5292,1.34,8.311,56.245,21.3827
16/07/2024 08:09:56.997,21.7854,32.5301,1.34,8.310,56.091,21.3824
16/07/2024 08:10:56.003,21.7882,32.5292,1.34,8.310,56.137,21.3813
16/07/2024 08:11:56.002,21.7884,32.5280,1.34,8.310,56.041,21.3819
16/07/2024 08:12:56.001,21.7879,32.5263,1.33,8.310,56.191,21.3820
16/07/2024 08:13:56.000,21.7846,32.5276,1.34,8.310,56.254,21.3813
16/07/2024 08:14:56.000,21.7838,32.5283,1.34,8.310,56.116,21.3804
16/07/2024 08:15:56.999,21.7826,32.5290,1.33,8.310,56.162,21.3804
16/07/2024 08:16:56.998,21.7842,32.5292,1.34,8.310,56.227,21.3802
16/07/2024 08:17:56.997,21.7847,32.5286,1.34,8.309,56.305,21.3819
16/07/2024 08:18:56.003,21.7855,32.5295,1.33,8.309,56.187,21.3809
16/07/2024 08:19:56.002,21.7889,32.5311,1.34,8.309,56.292,21.3822
16/07/2024 08:20:56.001,21.7894,32.5286,1.33,8.309,56.066,21.3813
16/07/2024 08:21:56.000,21.7900,32.5275,1.34,8.309,56.327,21.3811
16/07/2024 08:22:56.999,21.7867,32.5282,1.34,8.309,56.225,21.3799
16/07/2024 08:23:56.998,21.7871,32.5311,1.33,8.309,56.220,21.3808
16/07/2024 08:24:56.997,21.7880,32.5296,1.33,8.309,56.297,21.3803
16/07/2024 08:25:56.003,21.7882,32.5304,1.34,8.309,56.092,21.3805
16/07/2024 08:26:56.002,21.7896,32.5298,1.33,8.308,56.172,21.3800
16/07/2024 08:27:56.001,21.7896,32.5296,1.33,8.308,56.203,21.3791
16/07/2024 08:28:56.000,21.7892,32.5283,1.34,8.308,56.084,21.3787
16/07/2024 08:29:56.000,21.7895,32.5278,1.34,8.308,56.197,21.3794
16/07/2024 08:30:56.999,21.7870,32.5288,1.34,8.308,56.192,21.3772
16/07/2024 08:31:56.998,21.7853,32.5311,1.34,8.308,56.053,21.3787
16/07/2024 08:32:56.997,21.7896,32.5289,1.34,8.308,56.085,21.3785
16/07/2024 08:33:56.003,21.7891,32.5279,1.34,8.307,56.182,21.3782
16/07/2024 08:34:56.002,21.7883,32.5288,1.34,8.307,56.206,21.3779
16/07/2024 08:35:56.001,21.7898,32.5288,1.33,8.307,56.090,21.3783
16/07/2024 08:36:56.000,21.7892,32.5292,1.34,8.307,56.205,21.3773
16/07/2024 08:37:56.999,21.7898,32.5290,1.34,8.307,56.199,21.3769
16/07/2024 08:38:56.998,21.7890,32.5302,1.34,8.307,56.204,21.3771
16/07/2024 08:39:56.997,21.7910,32.5297,1.33,8.307,56.246,21.3761
16/07/2024 08:40:56.003,21.7926,32.5289,1.33,8.307,56.231,21.3754
16/07/2024 08:41:56.002,21.7910,32.5293,1.34,8.307,56.212,21.3762
16/07/2024 08:42:56.001,21.7925,32.5319,1.33,8.307,56.207,21.3757
16/07/2024 08:43:56.000,21.7926,32.5289,1.33,8.307,56.165,21.3755
16/07/2024 08:44:56.000,21.7911,32.5291,1.34,8.306,56.237,21.3757
16/07/2024 08:45:56.999,21.7915,32.5302,1.33,8.306,56.200,21.3751
16/07/2024 08:46:56.998,21.7927,32.5303,1.34,8.306,56.123,21.3750
16/07/2024 08:47:56.997,21.7945,32.5317,1.34,8.306,56.092,21.3738
16/07/2024 08:48:56.003,21.7963,32.5305,1.34,8.306,56.201,21.3744
16/07/2024 08:49:56.002,21.7941,32.5282,1.34,8.306,56.266,21.3741
16/07/2024 08:50:56.001,21.7924,32.5296,1.34,8.306,56.182,21.3740
16/07/2024 08:51:56.000,21.7916,32.5295,1.33,8.306,56.029,21.3726
16/07/2024 08:52:56.999,21.7932,32.5304,1.33,8.306,56.175,21.3732
16/07/2024 08:53:56.998,21.7951,32.5293,1.33,8.306,56.132,21.3730
16/07/2024 08:54:56.997,21.7956,32.5304,1.34,8.306,56.180,21.3729
16/07/2024 08:55:56.003,21.7984,32.5287,1.33,8.306,56.048,21.3726
16/07/2024 08:56:56.002,21.7980,32.5287,1.33,8.306,56.060,21.3729
16/07/2024 08:57:56.001,21.7972,32.5292,1.33,8.306,56.253,21.3725
16/07/2024 08:58:56.000,21.7964,32.5286,1.34,8.306,56.206,21.3726
16/07/2024 08:59:56.000,21.7947,32.5297,1.33,8.306,56.080,21.3718
16/07/2024 09:00:56.999,21.7963,32.5309,1.33,8.306,56.088,21.3723
16/07/2024 09:01:56.998,21.7972,32.5302,1.33,8.306,56.034,21.3724
16/07/2024 09:02:56.997,21.7984,32.5297,1.34,8.306,56.095,21.3717
16/07/2024 09:03:56.003,21.7985,32.5297,1.34,8.306,56.078,21.3714
16/07/2024 09:04:56.002,21.7996,32.5313,1.34,8.306,56.129,21.3711
16/07/2024 09:05:56.001,21.8023,32.5332,1.34,8.306,56.135,21.3714
16/07/2024 09:06:56.000,21.8030,32.5276,1.33,8.306,56.127,21.3708
16/07/2024 09:07:56.999,21.8009,32.5318,1.34,8.306,55.965,21.3717
16/07/2024 09:08:56.998,21.8014,32.5311,1.33,8.306,56.087,21.3716
16/07/2024 09:09:56.997,21.8016,32.5316,1.34,8.307,56.116,21.3710
16/07/2024 09:10:56.003,21.8040,32.5306,1.34,8.307,56.045,21.3714
16/07/2024 09:11:56.002,21.8040,32.5281,1.34,8.307,56.103,21.3714
16/07/2024 09:12:56.001,21.8015,32.5297,1.34,8.307,56.114,21.3714
16/07/2024 09:13:56.000,21.8012,32.5307,1.34,8.307,56.117,21.3711
16/07/2024 09:14:56.000,21.8026,32.5311,1.34,8.307,56.140,21.3709
16/07/2024 09:15:56.999,21.8023,32.5303,1.33,8.307,56.167,21.3699
16/07/2024 09:16:56.998,21.8028,32.5313,1.33,8.307,56.117,21.3699
16/07/2024 09:17:56.997,21.8028,32.5302,1.33,8.307,56.055,21.3708
16/07/2024 09:18:56.003,21.8036,32.5313,1.33,8.307,56.088,21.3709
16/07/2024 09:19:56.002,21.8049,32.5299,1.34,8.307,56.067,21.3711
16/07/2024 09:20:56.001,21.8015,32.5301,1.34,8.307,56.056,21.3703
16/07/2024 09:21:56.000,21.8027,32.5310,1.33,8.307,56.019,21.3710
16/07/2024 09:22:56.999,21.8031,32.5301,1.33,8.307,56.153,21.3700
16/07/2024 09:23:56.998,21.8045,32.5328,1.34,8.307,56.066,21.3710
16/07/2024 09:24:56.997,21.8066,32.5303,1.33,8.307,56.035,21.3706
16/07/2024 09:25:56.003,21.8061,32.5291,1.34,8.306,56.125,21.3691
16/07/2024 09:26:56.002,21.8067,32.5295,1.33,8.307,56.221,21.3702
16/07/2024 09:27:56.001,21.8062,32.5294,1.34,8.306,56.212,21.3704
16/07/2024 09:28:56.000,21.8031,32.5298,1.34,8.306,56.164,21.3696
16/07/2024 09:29:56.000,21.8039,32.5323,1.33,8.306,56.053,21.3698
16/07/2024 09:30:56.999,21.8073,32.5311,1.34,8.305,56.027,21.3695
16/07/2024 09:31:56.998,21.8061,32.5321,1.34,8.305,56.106,21.3702
16/07/2024 09:32:56.997,21.8073,32.5306,1.33,8.305,56.023,21.3697
16/07/2024 09:33:56.003,21.8070,32.5311,1.34,8.305,56.105,21.3698
16/07/2024 09:34:56.002,21.8072,32.5306,1.34,8.305,56.147,21.3700
16/07/2024 09:35:56.001,21.8074,32.5316,1.34,8.305,56.060,21.3699
