Cruise namePNNL Tank
cast nameCast 167
cruise start date15/08/2023
cruise end date15/08/2023
01/07/2024 08:17:06.000,20.3760,31.6890,1.44,7.923,56.063,20.0977
01/07/2024 08:18:06.000,20.3759,31.6897,1.45,7.923,55.984,20.0955
01/07/2024 08:19:06.000,20.3780,31.6890,1.44,7.923,56.066,20.0987
01/07/2024 08:20:06.000,20.3791,31.6890,1.44,7.923,55.926,20.0987
01/07/2024 08:21:06.000,20.3786,31.6912,1.45,7.923,56.096,20.0987
01/07/2024 08:22:06.000,20.3801,31.6890,1.45,7.923,56.047,20.0979
01/07/2024 08:23:06.000,20.3784,31.6905,1.45,7.924,56.111,20.0979
01/07/2024 08:24:06.000,20.3799,31.6895,1.44,7.924,56.065,20.0978
01/07/2024 08:25:06.000,20.3794,31.6894,1.44,7.924,56.033,20.0989
01/07/2024 08:26:06.000,20.3788,31.6893,1.44,7.924,56.069,20.0990
01/07/2024 08:27:06.000,20.3783,31.6892,1.44,7.924,55.988,20.0987
01/07/2024 08:28:06.000,20.3782,31.6888,1.45,7.924,56.014,20.0990
01/07/2024 08:29:06.000,20.3812,31.6881,1.45,7.924,56.078,20.0993
01/07/2024 08:30:06.000,20.3791,31.6881,1.45,7.924,56.039,20.0988
01/07/2024 08:31:06.000,20.3806,31.6891,1.45,7.924,55.985,20.0989
01/07/2024 08:32:06.000,20.3799,31.6889,1.45,7.924,55.981,20.0989
01/07/2024 08:33:06.000,20.3806,31.6899,1.45,7.924,56.026,20.1001
01/07/2024 08:34:06.000,20.3797,31.6891,1.45,7.924,55.908,20.0994
01/07/2024 08:35:06.000,20.3806,31.6887,1.45,7.924,56.063,20.0992
01/07/2024 08:36:06.000,20.3815,31.6887,1.45,7.925,56.101,20.0991
01/07/2024 08:37:06.000,20.3811,31.6895,1.45,7.925,56.060,20.0991
01/07/2024 08:38:06.000,20.3811,31.6900,1.44,7.925,56.015,20.0990
01/07/2024 08:39:06.000,20.3817,31.6900,1.45,7.925,56.004,20.0987
01/07/2024 08:40:06.000,20.3823,31.6889,1.45,7.925,55.992,20.0991
01/07/2024 08:41:06.000,20.3829,31.6897,1.45,7.925,56.054,20.0989
01/07/2024 08:42:06.000,20.3838,31.6893,1.45,7.925,56.037,20.0996
01/07/2024 08:43:06.000,20.3840,31.6886,1.45,7.925,56.049,20.1005
01/07/2024 08:44:06.000,20.3826,31.6904,1.45,7.925,56.003,20.1003
01/07/2024 08:45:06.000,20.3827,31.6898,1.45,7.925,56.082,20.1005
01/07/2024 08:46:06.000,20.3837,31.6904,1.45,7.925,56.181,20.1004
01/07/2024 08:47:06.000,20.3850,31.6887,1.45,7.926,56.066,20.1004
01/07/2024 08:48:06.000,20.3848,31.6896,1.45,7.926,56.021,20.1009
01/07/2024 08:49:06.000,20.3842,31.6897,1.45,7.926,56.044,20.1010
01/07/2024 08:50:06.000,20.3839,31.6894,1.45,7.926,56.027,20.1007
01/07/2024 08:51:06.000,20.3838,31.6895,1.45,7.926,56.019,20.1004
01/07/2024 08:52:06.000,20.3835,31.6892,1.45,7.926,56.015,20.1004
01/07/2024 08:53:06.000,20.3818,31.6904,1.44,7.926,56.075,20.1008
01/07/2024 08:54:06.000,20.3824,31.6906,1.45,7.926,56.183,20.1003
01/07/2024 08:55:06.000,20.3844,31.6895,1.45,7.926,56.072,20.1007
01/07/2024 08:56:06.000,20.3846,31.6892,1.45,7.927,56.072,20.1001
01/07/2024 08:57:06.000,20.3840,31.6909,1.45,7.927,56.054,20.1007
01/07/2024 08:58:06.000,20.3845,31.6891,1.45,7.927,56.105,20.1006
01/07/2024 08:59:06.000,20.3850,31.6905,1.44,7.927,56.031,20.1004
01/07/2024 09:00:06.000,20.3839,31.6897,1.44,7.927,55.980,20.1002
01/07/2024 09:01:06.000,20.3832,31.6901,1.45,7.927,55.988,20.1006
01/07/2024 09:02:06.000,20.3838,31.6893,1.44,7.927,55.918,20.1002
01/07/2024 09:03:06.000,20.3839,31.6905,1.45,7.927,56.008,20.1005
01/07/2024 09:04:06.000,20.3841,31.6906,1.45,7.927,56.096,20.1004
01/07/2024 09:05:06.000,20.3850,31.6908,1.44,7.927,56.053,20.1003
01/07/2024 09:06:06.000,20.3843,31.6900,1.45,7.928,56.059,20.1010
01/07/2024 09:07:06.000,20.3856,31.6900,1.44,7.928,56.079,20.1007
01/07/2024 09:08:06.000,20.3857,31.6904,1.44,7.928,56.078,20.1008
01/07/2024 09:09:06.000,20.3863,31.6902,1.44,7.928,56.064,20.1008
01/07/2024 09:10:06.000,20.3878,31.6912,1.44,7.928,56.016,20.1009
01/07/2024 09:11:06.000,20.3881,31.6905,1.45,7.928,55.991,20.1008
01/07/2024 09:12:06.000,20.3880,31.6912,1.44,7.928,56.025,20.1008
01/07/2024 09:13:06.000,20.3892,31.6906,1.44,7.928,56.120,20.1012
01/07/2024 09:14:06.000,20.3898,31.6908,1.44,7.928,56.078,20.1016
01/07/2024 09:15:06.000,20.3892,31.6898,1.44,7.928,56.082,20.1015
01/07/2024 09:16:06.000,20.3887,31.6898,1.45,7.928,56.043,20.1015
01/07/2024 09:17:06.000,20.3886,31.6897,1.44,7.928,56.020,20.1014
01/07/2024 09:18:06.000,20.3893,31.6900,1.44,7.928,55.883,20.1013
01/07/2024 09:19:06.000,20.3900,31.6896,1.44,7.928,55.911,20.1023
01/07/2024 09:20:06.000,20.3893,31.6904,1.44,7.928,55.992,20.1022
01/07/2024 09:21:06.000,20.3906,31.6899,1.44,7.928,55.938,20.1020
01/07/2024 09:22:06.000,20.3906,31.6917,1.44,7.928,55.906,20.1013
01/07/2024 09:23:06.000,20.3900,31.6904,1.44,7.928,56.002,20.1020
01/07/2024 09:24:06.000,20.3908,31.6903,1.44,7.929,55.952,20.1012
01/07/2024 09:25:06.000,20.3906,31.6912,1.44,7.929,56.019,20.1020
01/07/2024 09:26:06.000,20.3919,31.6916,1.44,7.928,55.967,20.1021
01/07/2024 09:27:06.000,20.3983,31.6860,1.44,7.928,56.071,20.1016
01/07/2024 09:28:06.000,20.3941,31.6910,1.44,7.928,55.983,20.1018
01/07/2024 09:29:06.000,20.3963,31.6900,1.44,7.928,55.920,20.1023
01/07/2024 09:30:06.000,20.3951,31.6917,1.44,7.928,56.092,20.1017
01/07/2024 09:31:06.000,20.3957,31.6903,1.44,7.928,56.111,20.1026
01/07/2024 09:32:06.000,20.3964,31.6903,1.45,7.928,56.054,20.1031
01/07/2024 09:33:06.000,20.3976,31.6903,1.45,7.928,56.099,20.1021
01/07/2024 09:34:06.000,20.3986,31.6907,1.45,7.928,56.012,20.1024
01/07/2024 09:35:06.000,20.3993,31.6901,1.44,7.928,56.124,20.1021
01/07/2024 09:36:06.000,20.4005,31.6905,1.44,7.927,55.966,20.1026
01/07/2024 09:37:06.000,20.4013,31.6906,1.45,7.928,56.041,20.1026
01/07/2024 09:38:06.000,20.4024,31.6905,1.44,7.928,56.030,20.1031
01/07/2024 09:39:06.000,20.4021,31.6902,1.44,7.928,56.052,20.1031
01/07/2024 09:40:06.000,20.4020,31.6906,1.44,7.928,56.010,20.1026
01/07/2024 09:41:06.000,20.4015,31.6903,1.44,7.928,55.909,20.1032
01/07/2024 09:42:06.000,20.4004,31.6904,1.44,7.928,55.964,20.1030
01/07/2024 09:43:06.000,20.4011,31.6910,1.44,7.928,56.002,20.1036
01/07/2024 09:44:06.000,20.3994,31.6898,1.44,7.928,56.063,20.1037
01/07/2024 09:45:06.000,20.4014,31.6906,1.44,7.928,56.022,20.1036
01/07/2024 09:46:06.000,20.4026,31.6892,1.44,7.928,55.935,20.1038
01/07/2024 09:47:06.000,20.4041,31.6904,1.44,7.928,55.929,20.1036
01/07/2024 09:48:06.000,20.4049,31.6899,1.44,7.928,55.929,20.1035
01/07/2024 09:49:06.000,20.4041,31.6914,1.44,7.928,55.963,20.1034
01/07/2024 09:50:06.000,20.4034,31.6901,1.44,7.928,55.869,20.1036
01/07/2024 09:51:06.000,20.4026,31.6917,1.44,7.928,55.905,20.1038
01/07/2024 09:52:06.000,20.3966,31.6949,1.44,7.928,56.035,20.1044
01/07/2024 09:53:06.000,20.4038,31.6918,1.44,7.928,55.998,20.1036
01/07/2024 09:54:06.000,20.4046,31.6917,1.44,7.928,55.967,20.1045
01/07/2024 09:55:06.000,20.4044,31.6903,1.44,7.928,56.074,20.1034
01/07/2024 09:56:06.000,20.4057,31.6904,1.44,7.928,56.080,20.1046
01/07/2024 09:57:06.000,20.4055,31.6906,1.44,7.928,55.902,20.1043
01/07/2024 09:58:06.000,20.4067,31.6915,1.44,7.928,55.965,20.1050
01/07/2024 09:59:06.000,20.4073,31.6910,1.44,7.928,55.953,20.1031
01/07/2024 10:00:06.000,20.4084,31.6919,1.44,7.929,55.901,20.1053
01/07/2024 10:01:06.000,20.4096,31.6910,1.44,7.928,56.119,20.1051
01/07/2024 10:02:06.000,20.4093,31.6906,1.44,7.928,56.024,20.1061
01/07/2024 10:03:06.000,20.4078,31.6904,1.44,7.929,56.023,20.1053
01/07/2024 10:04:06.000,20.4087,31.6907,1.44,7.929,55.953,20.1056
01/07/2024 10:05:06.000,20.4073,31.6909,1.44,7.929,56.015,20.1054
01/07/2024 10:06:06.000,20.4078,31.6894,1.44,7.929,56.004,20.1060
01/07/2024 10:07:06.000,20.4077,31.6915,1.44,7.929,55.940,20.1059
01/07/2024 10:08:06.000,20.4078,31.6902,1.44,7.928,56.022,20.1064
01/07/2024 10:09:06.000,20.4066,31.6920,1.44,7.929,55.979,20.1059
01/07/2024 10:10:06.000,20.4071,31.6908,1.44,7.929,55.987,20.1065
01/07/2024 10:11:06.000,20.4085,31.6903,1.44,7.929,56.031,20.1063
01/07/2024 10:12:06.000,20.4073,31.6919,1.44,7.928,55.931,20.1064
01/07/2024 10:13:06.000,20.4075,31.6906,1.44,7.928,55.935,20.1068
01/07/2024 10:14:06.000,20.4077,31.6915,1.45,7.928,55.983,20.1068
01/07/2024 10:15:06.000,20.4074,31.6905,1.44,7.929,55.949,20.1066
01/07/2024 10:16:06.000,20.4076,31.6909,1.44,7.929,56.040,20.1071
01/07/2024 10:17:06.000,20.4079,31.6910,1.44,7.929,55.959,20.1063
01/07/2024 10:18:06.000,20.4091,31.6927,1.44,7.928,55.906,20.1074
01/07/2024 10:19:06.000,20.4096,31.6909,1.44,7.928,55.890,20.1075
01/07/2024 10:20:06.000,20.4102,31.6899,1.44,7.928,56.046,20.1077
01/07/2024 10:21:06.000,20.4101,31.6907,1.44,7.928,55.976,20.1081
01/07/2024 10:22:06.000,20.4087,31.6916,1.44,7.928,56.115,20.1075
01/07/2024 10:23:06.000,20.4077,31.6913,1.44,7.928,56.033,20.1075
01/07/2024 10:24:06.000,20.4093,31.6908,1.44,7.928,55.962,20.1069
01/07/2024 10:25:06.000,20.4088,31.6915,1.44,7.928,55.978,20.1075
01/07/2024 10:26:06.000,20.4097,31.6911,1.45,7.928,56.008,20.1074
01/07/2024 10:27:06.000,20.4101,31.6921,1.44,7.928,55.982,20.1074
01/07/2024 10:28:06.000,20.4105,31.6915,1.45,7.928,55.959,20.1074
01/07/2024 10:29:06.000,20.4127,31.6912,1.45,7.928,55.990,20.1078
01/07/2024 10:30:06.000,20.4127,31.6901,1.45,7.928,55.935,20.1089
01/07/2024 10:31:06.000,20.4130,31.6913,1.45,7.928,55.870,20.1091
01/07/2024 10:32:06.000,20.4137,31.6911,1.44,7.928,55.907,20.1087
01/07/2024 10:33:06.000,20.4152,31.6909,1.44,7.928,55.932,20.1090
01/07/2024 10:34:06.000,20.4155,31.6907,1.44,7.928,55.959,20.1081
01/07/2024 10:35:06.000,20.4167,31.6901,1.45,7.928,55.848,20.1098
01/07/2024 10:36:06.000,20.4144,31.6913,1.44,7.928,55.985,20.1097
01/07/2024 10:37:06.000,20.4140,31.6927,1.44,7.928,55.968,20.1100
01/07/2024 10:38:06.000,20.4131,31.6925,1.45,7.928,55.905,20.1102
01/07/2024 10:39:06.000,20.4124,31.6914,1.45,7.928,56.010,20.1105
01/07/2024 10:40:06.000,20.4146,31.6913,1.44,7.928,56.038,20.1101
01/07/2024 10:41:06.000,20.4145,31.6911,1.45,7.928,55.965,20.1104
01/07/2024 10:42:06.000,20.4146,31.6918,1.44,7.928,56.050,20.1104
01/07/2024 10:43:06.000,20.4156,31.6916,1.44,7.928,55.974,20.1105
01/07/2024 10:44:06.000,20.4155,31.6919,1.44,7.928,56.038,20.1105
01/07/2024 10:45:06.000,20.4165,31.6920,1.44,7.928,56.051,20.1098
01/07/2024 10:46:06.000,20.4184,31.6913,1.44,7.928,56.064,20.1116
01/07/2024 10:47:06.000,20.4183,31.6912,1.44,7.928,56.029,20.1112
01/07/2024 10:48:06.000,20.4202,31.6918,1.45,7.928,55.988,20.1112
01/07/2024 10:49:06.000,20.4195,31.6923,1.44,7.928,55.954,20.1113
01/07/2024 10:50:06.000,20.4215,31.6903,1.45,7.928,56.040,20.1114
01/07/2024 10:51:06.000,20.4214,31.6925,1.45,7.928,56.068,20.1116
01/07/2024 10:52:06.000,20.4209,31.6910,1.45,7.928,55.852,20.1120
01/07/2024 10:53:06.000,20.4203,31.6927,1.44,7.928,56.009,20.1105
01/07/2024 10:54:06.000,20.4211,31.6914,1.44,7.928,56.024,20.1123
01/07/2024 10:55:06.000,20.4209,31.6915,1.44,7.928,56.014,20.1125
01/07/2024 10:56:06.000,20.4207,31.6927,1.44,7.928,56.095,20.1127
01/07/2024 10:57:06.000,20.4225,31.6911,1.44,7.928,55.871,20.1128
01/07/2024 10:58:06.000,20.4233,31.6916,1.44,7.928,56.115,20.1123
01/07/2024 10:59:06.000,20.4237,31.6909,1.44,7.928,55.974,20.1130
01/07/2024 11:00:06.000,20.4245,31.6915,1.44,7.928,55.949,20.1141
01/07/2024 11:01:06.000,20.4232,31.6914,1.44,7.928,56.000,20.1136
01/07/2024 11:02:06.000,20.4252,31.6915,1.44,7.928,56.063,20.1135
01/07/2024 11:03:06.000,20.4252,31.6928,1.44,7.928,56.166,20.1141
01/07/2024 11:04:06.000,20.4249,31.6917,1.44,7.928,56.032,20.1141
01/07/2024 11:05:06.000,20.4263,31.6915,1.44,7.928,56.114,20.1145
01/07/2024 11:06:06.000,20.4265,31.6922,1.44,7.928,56.045,20.1147
01/07/2024 11:07:06.000,20.4280,31.6924,1.44,7.928,56.026,20.1148
01/07/2024 11:08:06.000,20.4281,31.6923,1.44,7.928,56.054,20.1149
01/07/2024 11:09:06.000,20.4277,31.6919,1.44,7.929,56.193,20.1154
01/07/2024 11:10:06.000,20.4281,31.6908,1.44,7.929,56.046,20.1153
01/07/2024 11:11:06.000,20.4285,31.6920,1.45,7.928,55.868,20.1154
01/07/2024 11:12:06.000,20.4290,31.6917,1.44,7.928,56.021,20.1157
01/07/2024 11:13:06.000,20.4286,31.6931,1.45,7.929,56.008,20.1159
01/07/2024 11:14:06.000,20.4296,31.6915,1.44,7.929,55.992,20.1162
01/07/2024 11:15:06.000,20.4288,31.6917,1.44,7.929,55.911,20.1164
01/07/2024 11:16:06.000,20.4297,31.6927,1.44,7.929,55.922,20.1164
01/07/2024 11:17:06.000,20.4293,31.6927,1.45,7.929,55.970,20.1172
01/07/2024 11:18:06.000,20.4311,31.6925,1.44,7.929,55.936,20.1174
01/07/2024 11:19:06.000,20.4316,31.6929,1.44,7.929,55.917,20.1173
01/07/2024 11:20:06.000,20.4329,31.6918,1.44,7.929,55.991,20.1173
01/07/2024 11:21:06.000,20.4321,31.6925,1.44,7.929,55.991,20.1174
01/07/2024 11:22:06.000,20.4320,31.6908,1.44,7.929,55.969,20.1186
01/07/2024 11:23:06.000,20.4315,31.6924,1.44,7.929,55.959,20.1185
01/07/2024 11:24:06.000,20.4318,31.6927,1.44,7.929,56.048,20.1187
01/07/2024 11:25:06.000,20.4345,31.6922,1.44,7.929,56.027,20.1189
01/07/2024 11:26:06.000,20.4361,31.6923,1.44,7.929,55.891,20.1193
01/07/2024 11:27:06.000,20.4359,31.6925,1.44,7.929,55.938,20.1196
01/07/2024 11:28:06.000,20.4377,31.6911,1.44,7.929,55.884,20.1198
01/07/2024 11:29:06.000,20.4375,31.6931,1.44,7.929,55.932,20.1196
01/07/2024 11:30:06.000,20.4370,31.6924,1.44,7.929,55.961,20.1189
01/07/2024 11:31:06.000,20.4369,31.6933,1.44,7.929,55.987,20.1209
01/07/2024 11:32:06.000,20.4389,31.6921,1.45,7.929,56.040,20.1218
01/07/2024 11:33:06.000,20.4398,31.6938,1.44,7.929,55.995,20.1211
01/07/2024 11:34:06.000,20.4420,31.6924,1.44,7.929,55.933,20.1218
01/07/2024 11:35:06.000,20.4432,31.6930,1.44,7.929,55.975,20.1212
01/07/2024 11:36:06.000,20.4432,31.6931,1.45,7.929,55.969,20.1222
01/07/2024 11:37:06.000,20.4430,31.6912,1.45,7.929,55.984,20.1226
01/07/2024 11:38:06.000,20.4438,31.6923,1.44,7.929,56.015,20.1228
01/07/2024 11:39:06.000,20.4433,31.6928,1.44,7.929,55.998,20.1225
01/07/2024 11:40:06.000,20.4454,31.6919,1.44,7.929,55.926,20.1237
01/07/2024 11:41:06.000,20.4436,31.6943,1.44,7.929,56.075,20.1241
01/07/2024 11:42:06.000,20.4461,31.6937,1.44,7.929,55.941,20.1244
01/07/2024 11:43:06.000,20.4457,31.6927,1.44,7.929,55.968,20.1245
01/07/2024 11:44:06.000,20.4489,31.6919,1.44,7.929,56.058,20.1247
01/07/2024 11:45:06.000,20.4502,31.6950,1.45,7.929,55.978,20.1249
01/07/2024 11:46:06.000,20.4497,31.6932,1.45,7.929,55.903,20.1248
01/07/2024 11:47:06.000,20.4498,31.6937,1.44,7.929,56.024,20.1252
01/07/2024 11:48:06.000,20.4489,31.6940,1.44,7.929,55.958,20.1257
01/07/2024 11:49:06.000,20.4487,31.6951,1.44,7.929,56.171,20.1259
01/07/2024 11:50:06.000,20.4521,31.6929,1.45,7.929,56.108,20.1253
01/07/2024 11:51:06.000,20.4534,31.6941,1.44,7.929,56.093,20.1269
01/07/2024 11:52:06.000,20.4552,31.6933,1.44,7.929,56.078,20.1271
01/07/2024 11:53:06.000,20.4563,31.6927,1.44,7.929,56.022,20.1275
01/07/2024 11:54:06.000,20.4580,31.6912,1.44,7.929,56.123,20.1280
01/07/2024 11:55:06.000,20.4580,31.6918,1.44,7.929,56.087,20.1282
01/07/2024 11:56:06.000,20.4592,31.6927,1.45,7.929,56.085,20.1283
01/07/2024 11:57:06.000,20.4599,31.6930,1.44,7.929,56.037,20.1282
01/07/2024 11:58:06.000,20.4609,31.6925,1.44,7.929,56.004,20.1274
01/07/2024 11:59:06.000,20.4616,31.6936,1.45,7.929,56.009,20.1292
01/07/2024 12:00:06.000,20.4656,31.6925,1.45,7.929,56.019,20.1293
01/07/2024 12:01:06.000,20.4673,31.6918,1.44,7.929,56.072,20.1297
01/07/2024 12:02:06.000,20.4687,31.6925,1.44,7.929,55.999,20.1302
01/07/2024 12:03:06.000,20.4673,31.6923,1.44,7.929,56.022,20.1310
01/07/2024 12:04:06.000,20.4658,31.6933,1.44,7.929,56.042,20.1317
01/07/2024 12:05:06.000,20.4673,31.6924,1.44,7.929,56.053,20.1322
01/07/2024 12:06:06.000,20.4688,31.6913,1.44,7.929,56.130,20.1312
01/07/2024 12:07:06.000,20.4694,31.6916,1.44,7.929,56.135,20.1310
01/07/2024 12:08:06.000,20.4669,31.6932,1.44,7.929,56.027,20.1322
01/07/2024 12:09:06.000,20.4687,31.6919,1.44,7.929,56.057,20.1332
01/07/2024 12:10:06.000,20.4689,31.6929,1.44,7.929,56.038,20.1328
01/07/2024 12:11:06.000,20.4709,31.6918,1.44,7.929,56.029,20.1339
01/07/2024 12:12:06.000,20.4697,31.6939,1.44,7.929,55.946,20.1347
01/07/2024 12:13:06.000,20.4726,31.6923,1.44,7.929,56.183,20.1349
01/07/2024 12:14:06.000,20.4749,31.6920,1.44,7.929,56.030,20.1341
01/07/2024 12:15:06.000,20.4739,31.6932,1.44,7.929,56.067,20.1357
01/07/2024 12:16:06.000,20.4731,31.6921,1.44,7.929,55.981,20.1358
01/07/2024 12:17:06.001,20.4722,31.6928,1.44,7.929,56.026,20.1369
01/07/2024 12:18:06.000,20.4754,31.6929,1.44,7.929,56.070,20.1370
01/07/2024 12:19:06.001,20.4753,31.6936,1.44,7.929,55.970,20.1373
01/07/2024 12:20:06.000,20.4777,31.6922,1.44,7.930,56.031,20.1375
01/07/2024 12:21:06.001,20.4768,31.6931,1.44,7.930,56.062,20.1382
01/07/2024 12:22:06.000,20.4778,31.6923,1.44,7.930,55.917,20.1380
01/07/2024 12:23:06.000,20.4778,31.6927,1.44,7.930,56.066,20.1386
01/07/2024 12:24:06.000,20.4788,31.6921,1.44,7.930,55.999,20.1377
01/07/2024 12:25:06.000,20.4767,31.6929,1.44,7.930,55.972,20.1389
01/07/2024 12:26:06.999,20.4769,31.6929,1.44,7.930,55.978,20.1403
01/07/2024 12:27:06.000,20.4799,31.6932,1.44,7.930,55.924,20.1408
01/07/2024 12:28:06.999,20.4797,31.6927,1.44,7.930,56.072,20.1429
01/07/2024 12:29:06.000,20.4822,31.6917,1.44,7.930,56.058,20.1417
01/07/2024 12:30:06.999,20.4816,31.6926,1.44,7.930,56.080,20.1417
01/07/2024 12:31:06.000,20.4823,31.6924,1.44,7.930,55.986,20.1420
01/07/2024 12:32:06.001,20.4833,31.6932,1.44,7.930,55.977,20.1422
01/07/2024 12:33:06.000,20.4835,31.6934,1.44,7.930,56.012,20.1419
01/07/2024 12:34:06.001,20.4846,31.6926,1.44,7.930,56.003,20.1427
01/07/2024 12:35:06.000,20.4842,31.6925,1.44,7.930,55.968,20.1421
01/07/2024 12:36:06.001,20.4855,31.6921,1.44,7.930,55.947,20.1439
01/07/2024 12:37:06.000,20.4870,31.6934,1.44,7.930,56.001,20.1437
01/07/2024 12:38:06.000,20.4892,31.6912,1.44,7.930,56.062,20.1445
01/07/2024 12:39:06.000,20.4872,31.6944,1.44,7.930,56.060,20.1447
01/07/2024 12:40:06.000,20.4898,31.6932,1.44,7.930,55.865,20.1451
01/07/2024 12:41:06.999,20.4900,31.6919,1.44,7.931,55.967,20.1460
01/07/2024 12:42:06.000,20.4891,31.6925,1.44,7.931,55.964,20.1464
01/07/2024 12:43:06.999,20.4906,31.6918,1.44,7.931,55.960,20.1460
01/07/2024 12:44:06.000,20.4897,31.6929,1.44,7.931,56.037,20.1474
01/07/2024 12:45:06.999,20.4900,31.6932,1.45,7.931,56.008,20.1465
01/07/2024 12:46:06.000,20.4924,31.6932,1.44,7.931,55.920,20.1470
01/07/2024 12:47:06.001,20.4926,31.6936,1.45,7.931,56.011,20.1484
01/07/2024 12:48:06.000,20.4926,31.6937,1.45,7.931,55.970,20.1490
01/07/2024 12:49:06.001,20.4938,31.6938,1.45,7.931,55.944,20.1493
01/07/2024 12:50:06.000,20.4947,31.6928,1.45,7.931,56.100,20.1499
01/07/2024 12:51:06.001,20.4958,31.6925,1.45,7.931,55.973,20.1504
01/07/2024 12:52:06.000,20.4957,31.6932,1.44,7.931,55.976,20.1507
01/07/2024 12:53:06.000,20.4964,31.6920,1.44,7.931,56.012,20.1510
01/07/2024 12:54:06.000,20.4968,31.6918,1.44,7.931,56.058,20.1513
01/07/2024 12:55:06.000,20.4967,31.6918,1.44,7.931,56.003,20.1521
01/07/2024 12:56:06.999,20.4968,31.6939,1.44,7.931,56.061,20.1514
01/07/2024 12:57:06.000,20.4976,31.6932,1.44,7.931,55.942,20.1522
01/07/2024 12:58:06.999,20.4978,31.6928,1.44,7.931,55.996,20.1530
01/07/2024 12:59:06.000,20.4982,31.6914,1.44,7.931,56.046,20.1536
01/07/2024 13:00:06.999,20.4949,31.6924,1.44,7.931,56.108,20.1536
01/07/2024 13:01:06.000,20.4946,31.6927,1.44,7.931,56.093,20.1544
01/07/2024 13:02:06.001,20.4933,31.6934,1.44,7.931,55.969,20.1549
01/07/2024 13:03:06.000,20.4928,31.6935,1.44,7.931,56.045,20.1555
01/07/2024 13:04:06.001,20.4934,31.6931,1.44,7.931,56.115,20.1557
01/07/2024 13:05:06.000,20.4933,31.6930,1.44,7.931,55.951,20.1555
01/07/2024 13:06:06.001,20.4934,31.6939,1.44,7.931,56.018,20.1564
01/07/2024 13:07:06.000,20.4950,31.6931,1.44,7.931,56.049,20.1564
01/07/2024 13:08:06.000,20.4965,31.6943,1.44,7.931,55.957,20.1568
01/07/2024 13:09:06.000,20.4959,31.6927,1.44,7.931,56.007,20.1571
01/07/2024 13:10:06.000,20.4955,31.6928,1.44,7.932,56.114,20.1576
01/07/2024 13:11:06.999,20.4958,31.6920,1.44,7.932,56.057,20.1579
01/07/2024 13:12:06.000,20.4951,31.6923,1.44,7.932,56.047,20.1573
01/07/2024 13:13:06.999,20.4950,31.6915,1.43,7.932,56.125,20.1582
01/07/2024 13:14:06.000,20.4953,31.6929,1.44,7.932,56.106,20.1581
01/07/2024 13:15:06.999,20.4960,31.6927,1.44,7.932,56.128,20.1595
01/07/2024 13:16:06.000,20.4969,31.6912,1.44,7.932,55.990,20.1597
01/07/2024 13:17:06.001,20.4974,31.6927,1.44,7.932,56.080,20.1601
01/07/2024 13:18:06.000,20.4986,31.6929,1.44,7.932,56.084,20.1608
01/07/2024 13:19:06.001,20.4966,31.6933,1.44,7.933,56.086,20.1613
01/07/2024 13:20:06.000,20.4976,31.6958,1.44,7.933,56.007,20.1618
01/07/2024 13:21:06.001,20.4997,31.6935,1.44,7.933,56.027,20.1621
01/07/2024 13:22:06.000,20.5010,31.6925,1.44,7.933,56.100,20.1622
01/07/2024 13:23:06.000,20.5013,31.6938,1.44,7.933,56.007,20.1623
01/07/2024 13:24:06.000,20.5012,31.6927,1.44,7.933,55.973,20.1627
01/07/2024 13:25:06.000,20.5005,31.6941,1.44,7.933,56.006,20.1632
01/07/2024 13:26:06.999,20.5007,31.6931,1.44,7.934,56.094,20.1634
01/07/2024 13:27:06.000,20.5030,31.6917,1.44,7.934,56.106,20.1642
01/07/2024 13:28:06.999,20.5019,31.6942,1.44,7.934,55.978,20.1640
01/07/2024 13:29:06.000,20.5024,31.6945,1.44,7.934,55.945,20.1649
01/07/2024 13:30:06.999,20.5030,31.6929,1.44,7.934,56.213,20.1650
01/07/2024 13:31:06.000,20.5043,31.6927,1.44,7.934,56.059,20.1641
01/07/2024 13:32:06.001,20.5038,31.6940,1.44,7.934,56.027,20.1658
01/07/2024 13:33:06.000,20.5060,31.6925,1.44,7.935,56.173,20.1660
01/07/2024 13:34:06.001,20.5057,31.6925,1.44,7.935,56.078,20.1663
01/07/2024 13:35:06.000,20.5073,31.6936,1.44,7.935,56.041,20.1668
01/07/2024 13:36:06.001,20.5057,31.6939,1.44,7.935,55.994,20.1674
01/07/2024 13:37:06.000,20.5074,31.6925,1.44,7.935,56.041,20.1675
01/07/2024 13:38:06.000,20.5068,31.6925,1.44,7.935,55.994,20.1668
01/07/2024 13:39:06.000,20.5060,31.6947,1.44,7.935,55.971,20.1679
01/07/2024 13:40:06.000,20.5090,31.6932,1.44,7.935,56.006,20.1694
01/07/2024 13:41:06.999,20.5105,31.6928,1.44,7.936,55.972,20.1687
01/07/2024 13:42:06.000,20.5097,31.6932,1.44,7.936,56.066,20.1692
01/07/2024 13:43:06.999,20.5098,31.6921,1.44,7.936,56.095,20.1692
01/07/2024 13:44:06.000,20.5094,31.6945,1.44,7.936,56.119,20.1697
01/07/2024 13:45:06.999,20.5101,31.6943,1.44,7.936,56.154,20.1706
01/07/2024 13:46:06.000,20.5115,31.6938,1.44,7.936,56.053,20.1708
01/07/2024 13:47:06.001,20.5100,31.6940,1.44,7.936,55.991,20.1705
01/07/2024 13:48:06.000,20.5119,31.6927,1.44,7.936,56.115,20.1709
01/07/2024 13:49:06.001,20.5107,31.6934,1.44,7.936,56.140,20.1719
01/07/2024 13:50:06.000,20.5091,31.6939,1.44,7.936,56.033,20.1721
01/07/2024 13:51:06.001,20.5123,31.6934,1.44,7.936,55.938,20.1727
01/07/2024 13:52:06.000,20.5125,31.6935,1.44,7.937,56.107,20.1731
01/07/2024 13:53:06.000,20.5144,31.6928,1.44,7.937,56.053,20.1733
01/07/2024 13:54:06.000,20.5139,31.6938,1.44,7.937,56.067,20.1738
01/07/2024 13:55:06.000,20.5136,31.6952,1.44,7.937,56.031,20.1742
01/07/2024 13:56:06.999,20.5149,31.6923,1.44,7.937,56.027,20.1734
01/07/2024 13:57:06.000,20.5151,31.6930,1.44,7.937,56.066,20.1748
01/07/2024 13:58:06.999,20.5143,31.6929,1.44,7.937,56.154,20.1739
01/07/2024 13:59:06.000,20.5177,31.6947,1.44,7.937,56.127,20.1753
01/07/2024 14:00:06.999,20.5192,31.6937,1.44,7.937,56.228,20.1756
01/07/2024 14:01:06.000,20.5206,31.6933,1.44,7.937,56.089,20.1765
01/07/2024 14:02:06.001,20.5203,31.6953,1.44,7.937,56.178,20.1765
01/07/2024 14:03:06.000,20.5228,31.6940,1.44,7.937,56.158,20.1770
01/07/2024 14:04:06.001,20.5255,31.6932,1.44,7.937,56.013,20.1779
01/07/2024 14:05:06.000,20.5254,31.6930,1.44,7.937,56.257,20.1778
01/07/2024 14:06:06.001,20.5274,31.6933,1.44,7.937,56.660,20.1783
01/07/2024 14:07:06.000,20.5286,31.6929,1.44,7.937,56.208,20.1787
01/07/2024 14:08:06.000,20.5278,31.6943,1.44,7.937,56.129,20.1793
01/07/2024 14:09:06.000,20.5301,31.6935,1.44,7.937,56.091,20.1795
01/07/2024 14:10:06.000,20.5338,31.6938,1.44,7.937,56.090,20.1801
01/07/2024 14:11:06.999,20.5361,31.6924,1.44,7.937,56.018,20.1804
01/07/2024 14:12:06.000,20.5365,31.6937,1.44,7.938,55.962,20.1808
01/07/2024 14:13:06.999,20.5362,31.6944,1.44,7.938,56.044,20.1815
01/07/2024 14:14:06.000,20.5375,31.6936,1.44,7.938,56.091,20.1817
01/07/2024 14:15:06.999,20.5357,31.6957,1.44,7.938,56.060,20.1826
01/07/2024 14:16:06.000,20.5403,31.6943,1.44,7.938,56.272,20.1827
01/07/2024 14:17:06.001,20.5397,31.6934,1.44,7.938,56.100,20.1827
01/07/2024 14:18:06.000,20.5398,31.6954,1.44,7.938,56.113,20.0952
01/07/2024 14:19:06.001,20.5420,31.6937,1.44,7.938,56.193,20.1332
01/07/2024 14:20:06.000,20.5433,31.6927,1.44,7.938,56.084,20.0756
01/07/2024 14:21:06.001,20.5431,31.6941,1.44,7.938,56.264,20.0573
01/07/2024 14:22:06.000,20.5442,31.6935,1.44,7.938,56.242,20.0481
01/07/2024 14:23:06.000,20.5468,31.6927,1.44,7.938,56.172,20.0643
01/07/2024 14:24:06.000,20.5461,31.6954,1.44,7.939,56.075,20.0341
01/07/2024 14:25:06.000,20.5483,31.6931,1.44,7.939,56.096,20.0341
01/07/2024 14:26:06.999,20.5512,31.6941,1.44,7.939,56.028,20.0290
01/07/2024 14:27:06.000,20.5538,31.6934,1.44,7.939,56.006,20.0202
01/07/2024 14:28:06.999,20.5527,31.6938,1.44,7.939,56.077,20.0309
01/07/2024 14:29:06.000,20.5536,31.6947,1.44,7.939,56.080,20.0291
01/07/2024 14:30:06.999,20.5540,31.6922,1.44,7.939,56.048,20.0436
01/07/2024 14:31:06.000,20.5534,31.6924,1.44,7.939,56.057,20.0426
01/07/2024 14:32:06.001,20.5535,31.6961,1.44,7.940,56.259,20.0190
01/07/2024 14:33:06.000,20.5552,31.6951,1.44,7.940,56.087,20.0580
01/07/2024 14:34:06.001,20.5573,31.6938,1.44,7.940,56.163,20.0540
01/07/2024 14:35:06.000,20.5590,31.6935,1.44,7.940,56.035,20.1377
01/07/2024 14:36:06.001,20.5582,31.6923,1.44,7.940,55.981,20.0486
01/07/2024 14:37:06.000,20.5581,31.6956,1.44,7.940,56.133,20.0447
01/07/2024 14:38:06.000,20.5591,31.6927,1.44,7.940,56.002,20.0427
01/07/2024 14:39:06.000,20.5611,31.6934,1.44,7.941,55.998,20.0416
01/07/2024 14:40:06.000,20.5614,31.6948,1.44,7.941,56.102,20.1497
01/07/2024 14:41:06.999,20.5633,31.6953,1.44,7.941,56.032,20.0469
01/07/2024 14:42:06.000,20.5646,31.6938,1.44,7.941,56.148,20.0512
01/07/2024 14:43:06.999,20.5666,31.6947,1.44,7.941,56.050,20.0501
01/07/2024 14:44:06.000,20.5679,31.6925,1.44,7.941,56.199,20.0484
01/07/2024 14:45:06.999,20.5655,31.6925,1.44,7.941,56.169,20.0525
01/07/2024 14:46:06.000,20.5648,31.6951,1.44,7.941,56.127,20.0356
01/07/2024 14:47:06.001,20.5649,31.6940,1.44,7.941,56.167,20.1349
01/07/2024 14:48:06.000,20.5639,31.6930,1.44,7.941,56.178,20.1575
01/07/2024 14:49:06.001,20.5628,31.6935,1.44,7.941,56.153,20.1493
01/07/2024 14:50:06.000,20.5620,31.6944,1.44,7.941,56.067,20.0606
01/07/2024 14:51:06.001,20.5635,31.6932,1.44,7.941,56.190,20.0555
01/07/2024 14:52:06.000,20.5644,31.6945,1.44,7.942,56.227,20.0670
01/07/2024 14:53:06.000,20.5648,31.6951,1.44,7.942,56.169,20.0797
01/07/2024 14:54:06.000,20.5666,31.6945,1.44,7.942,56.056,20.0827
01/07/2024 14:55:06.000,20.5675,31.6939,1.44,7.942,56.083,20.0711
01/07/2024 14:56:06.999,20.5680,31.6944,1.44,7.942,56.262,20.0841
01/07/2024 14:57:06.000,20.5668,31.6930,1.44,7.942,56.160,20.0766
01/07/2024 14:58:06.999,20.5651,31.6941,1.44,7.942,56.199,20.0706
01/07/2024 14:59:06.000,20.5653,31.6923,1.44,7.942,56.084,20.0743
01/07/2024 15:00:06.999,20.5637,31.6943,1.44,7.942,56.198,20.0802
01/07/2024 15:01:06.000,20.5641,31.6933,1.44,7.942,56.132,20.0633
01/07/2024 15:02:06.001,20.5642,31.6931,1.44,7.942,56.044,20.0507
01/07/2024 15:03:06.000,20.5654,31.6942,1.44,7.942,56.259,20.0665
01/07/2024 15:04:06.001,20.5644,31.6955,1.44,7.942,56.077,20.0983
01/07/2024 15:05:06.000,20.5653,31.6947,1.44,7.942,56.225,20.2066
01/07/2024 15:06:06.001,20.5655,31.6937,1.45,7.942,56.011,20.2071
01/07/2024 15:07:06.000,20.5643,31.6945,1.44,7.942,56.092,20.2069
01/07/2024 15:08:06.000,20.5658,31.6958,1.44,7.942,56.044,20.2083
01/07/2024 15:09:06.000,20.5659,31.6943,1.45,7.942,56.155,20.2084
01/07/2024 15:10:06.000,20.5688,31.6951,1.44,7.942,56.056,20.2094
01/07/2024 15:11:06.999,20.5731,31.6932,1.44,7.943,56.105,20.2097
01/07/2024 15:12:06.000,20.5727,31.6933,1.44,7.943,56.204,20.2105
01/07/2024 15:13:06.999,20.5731,31.6935,1.44,7.943,56.111,20.2106
01/07/2024 15:14:06.000,20.5718,31.6945,1.44,7.943,56.128,20.2108
01/07/2024 15:15:06.999,20.5721,31.6952,1.44,7.943,56.011,20.2106
01/07/2024 15:16:06.000,20.5745,31.6941,1.44,7.943,56.035,20.2121
01/07/2024 15:17:06.001,20.5720,31.6938,1.44,7.943,55.959,20.2119
01/07/2024 15:18:06.000,20.5719,31.6943,1.44,7.943,56.099,20.2122
01/07/2024 15:19:06.001,20.5725,31.6942,1.44,7.943,56.155,20.2132
01/07/2024 15:20:06.000,20.5747,31.6951,1.44,7.943,56.089,20.2142
01/07/2024 15:21:06.001,20.5752,31.6933,1.44,7.943,56.047,20.2141
01/07/2024 15:22:06.000,20.5759,31.6944,1.44,7.943,56.104,20.2143
01/07/2024 15:23:06.000,20.5755,31.6938,1.44,7.943,56.077,20.2146
01/07/2024 15:24:06.000,20.5752,31.6953,1.44,7.943,56.025,20.2148
01/07/2024 15:25:06.000,20.5741,31.6949,1.44,7.944,56.091,20.2156
01/07/2024 15:26:06.999,20.5751,31.6939,1.43,7.944,56.112,20.2158
01/07/2024 15:27:06.000,20.5750,31.6941,1.44,7.944,56.102,20.2158
01/07/2024 15:28:06.999,20.5759,31.6940,1.44,7.944,56.158,20.2167
01/07/2024 15:29:06.000,20.5739,31.6955,1.44,7.944,56.082,20.2176
01/07/2024 15:30:06.999,20.5747,31.6960,1.44,7.944,56.268,20.2176
01/07/2024 15:31:06.000,20.5752,31.6945,1.44,7.944,56.058,20.2174
01/07/2024 15:32:06.001,20.5772,31.6941,1.44,7.944,55.996,20.2194
01/07/2024 15:33:06.000,20.5770,31.6958,1.44,7.944,56.222,20.2192
01/07/2024 15:34:06.001,20.5769,31.6953,1.44,7.944,56.211,20.2196
01/07/2024 15:35:06.000,20.5767,31.6966,1.44,7.944,56.168,20.2201
01/07/2024 15:36:06.001,20.5796,31.6933,1.44,7.945,56.077,20.2210
01/07/2024 15:37:06.000,20.5790,31.6941,1.43,7.945,56.129,20.2206
01/07/2024 15:38:06.000,20.5786,31.6966,1.44,7.945,56.165,20.2209
01/07/2024 15:39:06.000,20.5802,31.6951,1.43,7.945,56.161,20.2212
01/07/2024 15:40:06.000,20.5807,31.6949,1.44,7.945,56.154,20.2214
01/07/2024 15:41:06.999,20.5810,31.6958,1.44,7.945,56.140,20.2220
01/07/2024 15:42:06.000,20.5825,31.6955,1.44,7.945,56.113,20.2219
01/07/2024 15:43:06.999,20.5841,31.6968,1.44,7.946,56.074,20.2230
01/07/2024 15:44:06.000,20.5859,31.6954,1.44,7.946,56.105,20.2235
01/07/2024 15:45:06.999,20.5890,31.6953,1.44,7.946,55.914,20.2241
01/07/2024 15:46:06.000,20.5899,31.6949,1.44,7.946,56.205,20.2249
01/07/2024 15:47:06.001,20.5915,31.6954,1.44,7.946,56.199,20.2250
01/07/2024 15:48:06.000,20.5930,31.6951,1.44,7.946,56.050,20.2258
01/07/2024 15:49:06.001,20.5909,31.6955,1.44,7.946,56.138,20.2262
01/07/2024 15:50:06.000,20.5932,31.6948,1.44,7.947,56.057,20.2261
01/07/2024 15:51:06.001,20.5950,31.6959,1.44,7.947,56.017,20.2269
01/07/2024 15:52:06.000,20.5963,31.6947,1.44,7.947,56.101,20.2260
01/07/2024 15:53:06.000,20.5981,31.6940,1.44,7.947,56.069,20.2273
01/07/2024 15:54:06.000,20.6000,31.6934,1.44,7.947,56.086,20.2284
01/07/2024 15:55:06.000,20.6007,31.6957,1.44,7.947,56.074,20.2288
01/07/2024 15:56:06.999,20.6008,31.6954,1.44,7.947,56.092,20.2276
01/07/2024 15:57:06.000,20.6034,31.6947,1.44,7.947,56.003,20.2293
01/07/2024 15:58:06.999,20.6028,31.6949,1.44,7.947,56.028,20.2298
01/07/2024 15:59:06.000,20.6037,31.6958,1.44,7.947,56.103,20.2304
01/07/2024 16:00:06.999,20.6059,31.6933,1.44,7.947,56.085,20.2308
01/07/2024 16:01:06.000,20.6045,31.6947,1.44,7.947,56.235,20.2315
01/07/2024 16:02:06.001,20.6065,31.6959,1.44,7.947,56.129,20.2321
01/07/2024 16:03:06.000,20.6082,31.6953,1.44,7.947,56.166,20.2323
01/07/2024 16:04:06.001,20.6100,31.6951,1.43,7.947,56.216,20.2329
01/07/2024 16:05:06.000,20.6113,31.6944,1.44,7.947,56.064,20.2336
01/07/2024 16:06:06.001,20.6121,31.6955,1.44,7.947,56.091,20.2337
01/07/2024 16:07:06.000,20.6116,31.6959,1.44,7.947,56.080,20.2338
01/07/2024 16:08:06.000,20.6131,31.6945,1.43,7.947,56.161,20.2350
01/07/2024 16:09:06.000,20.6138,31.6954,1.44,7.948,56.201,20.2352
01/07/2024 16:10:06.000,20.6147,31.6937,1.44,7.948,56.242,20.2340
01/07/2024 16:11:06.999,20.6142,31.6960,1.44,7.948,56.180,20.2359
01/07/2024 16:12:06.000,20.6149,31.6963,1.44,7.948,56.136,20.2366
01/07/2024 16:13:06.999,20.6166,31.6937,1.44,7.948,56.165,20.2370
01/07/2024 16:14:06.000,20.6154,31.6948,1.44,7.948,56.137,20.2376
01/07/2024 16:15:06.999,20.6173,31.6976,1.44,7.948,56.224,20.2382
01/07/2024 16:16:06.000,20.6184,31.6945,1.44,7.948,56.165,20.2384
01/07/2024 16:17:06.999,20.6158,31.6956,1.44,7.948,56.149,20.2388
01/07/2024 16:18:06.002,20.6137,31.6952,1.44,7.948,56.054,20.2391
01/07/2024 16:19:06.001,20.6138,31.6948,1.44,7.948,56.073,20.2404
01/07/2024 16:20:06.000,20.6131,31.6957,1.44,7.948,56.089,20.2407
01/07/2024 16:21:06.999,20.6119,31.6955,1.44,7.948,56.064,20.2409
01/07/2024 16:22:06.001,20.6107,31.6945,1.44,7.948,56.167,20.2402
01/07/2024 16:23:06.000,20.6123,31.6957,1.44,7.948,56.062,20.2416
01/07/2024 16:24:06.000,20.6123,31.6951,1.44,7.948,56.140,20.2419
01/07/2024 16:25:06.999,20.6124,31.6951,1.44,7.948,56.122,20.2422
01/07/2024 16:26:06.001,20.6124,31.6947,1.44,7.948,56.009,20.2428
01/07/2024 16:27:06.000,20.6117,31.6952,1.45,7.948,56.098,20.2428
01/07/2024 16:28:06.999,20.6107,31.6953,1.44,7.948,56.120,20.2439
01/07/2024 16:29:06.998,20.6101,31.6956,1.44,7.948,56.131,20.2442
01/07/2024 16:30:06.001,20.6101,31.6956,1.44,7.948,56.105,20.2449
01/07/2024 16:31:06.000,20.6092,31.6937,1.44,7.948,56.132,20.2451
01/07/2024 16:32:06.999,20.6076,31.6971,1.44,7.948,56.085,20.2455
01/07/2024 16:33:06.002,20.6103,31.6936,1.44,7.948,56.038,20.2454
01/07/2024 16:34:06.001,20.6100,31.6949,1.44,7.948,56.102,20.2466
01/07/2024 16:35:06.000,20.6101,31.6961,1.44,7.948,56.009,20.2464
01/07/2024 16:36:06.999,20.6101,31.6952,1.44,7.948,56.088,20.2467
01/07/2024 16:37:06.001,20.6058,31.6973,1.44,7.948,56.149,20.2449
01/07/2024 16:38:06.000,20.6066,31.6951,1.44,7.948,56.002,20.2483
01/07/2024 16:39:06.000,20.6083,31.6957,1.44,7.949,56.071,20.2485
01/07/2024 16:40:06.999,20.6070,31.6949,1.44,7.949,56.071,20.2491
01/07/2024 16:41:06.001,20.6077,31.6954,1.44,7.949,56.040,20.2492
01/07/2024 16:42:06.000,20.6075,31.6964,1.44,7.949,56.005,20.2494
01/07/2024 16:43:06.999,20.6079,31.6954,1.44,7.949,56.061,20.2497
01/07/2024 16:44:06.998,20.6089,31.6961,1.44,7.949,56.159,20.2501
01/07/2024 16:45:06.001,20.6098,31.6948,1.44,7.949,56.036,20.2507
01/07/2024 16:46:06.000,20.6101,31.6960,1.43,7.949,56.103,20.2507
01/07/2024 16:47:06.999,20.6105,31.6966,1.44,7.949,56.180,20.2508
01/07/2024 16:48:06.002,20.6112,31.6958,1.44,7.949,56.177,20.2515
01/07/2024 16:49:06.001,20.6125,31.6964,1.44,7.949,56.055,20.2523
01/07/2024 16:50:06.000,20.6137,31.6953,1.44,7.949,56.120,20.2525
01/07/2024 16:51:06.999,20.6144,31.6959,1.44,7.949,56.044,20.2529
01/07/2024 16:52:06.001,20.6154,31.6959,1.44,7.949,56.137,20.2531
01/07/2024 16:53:06.000,20.6160,31.6959,1.44,7.949,56.096,20.2540
01/07/2024 16:54:06.000,20.6177,31.6970,1.44,7.949,56.111,20.2545
01/07/2024 16:55:06.999,20.6198,31.6953,1.44,7.949,56.149,20.2549
01/07/2024 16:56:06.001,20.6203,31.6960,1.44,7.949,56.125,20.2541
01/07/2024 16:57:06.000,20.6206,31.6967,1.44,7.949,56.048,20.2541
01/07/2024 16:58:06.999,20.6212,31.6974,1.44,7.950,56.105,20.2560
01/07/2024 16:59:06.998,20.6226,31.6958,1.44,7.950,56.101,20.2550
01/07/2024 17:00:06.001,20.6240,31.6950,1.44,7.950,56.130,20.2571
01/07/2024 17:01:06.000,20.6231,31.6954,1.44,7.950,56.154,20.2575
01/07/2024 17:02:06.999,20.6238,31.6958,1.44,7.950,56.064,20.2572
01/07/2024 17:03:06.002,20.6258,31.6936,1.44,7.950,56.109,20.2586
01/07/2024 17:04:06.001,20.6241,31.6959,1.44,7.950,56.134,20.2585
01/07/2024 17:05:06.000,20.6235,31.6956,1.44,7.950,56.242,20.2588
01/07/2024 17:06:06.999,20.6231,31.6961,1.44,7.950,55.995,20.2595
01/07/2024 17:07:06.001,20.6244,31.6956,1.43,7.950,56.055,20.2600
01/07/2024 17:08:06.000,20.6242,31.6957,1.44,7.950,56.147,20.2600
01/07/2024 17:09:06.000,20.6255,31.6949,1.44,7.950,56.280,20.2610
01/07/2024 17:10:06.999,20.6249,31.6966,1.44,7.950,56.039,20.2615
01/07/2024 17:11:06.001,20.6257,31.6956,1.44,7.951,56.087,20.2620
01/07/2024 17:12:06.000,20.6258,31.6959,1.44,7.950,56.156,20.2621
01/07/2024 17:13:06.999,20.6226,31.6957,1.44,7.951,56.112,20.2624
01/07/2024 17:14:06.998,20.6224,31.6966,1.43,7.951,56.101,20.2623
01/07/2024 17:15:06.001,20.6211,31.6963,1.44,7.951,56.068,20.2632
01/07/2024 17:16:06.000,20.6214,31.6965,1.44,7.951,56.098,20.2634
01/07/2024 17:17:06.999,20.6198,31.6953,1.44,7.951,56.068,20.2627
01/07/2024 17:18:06.002,20.6188,31.6960,1.44,7.951,56.102,20.2640
01/07/2024 17:19:06.001,20.6180,31.6955,1.44,7.951,56.060,20.2649
01/07/2024 17:20:06.000,20.6198,31.6957,1.44,7.951,56.130,20.2651
01/07/2024 17:21:06.999,20.6166,31.6983,1.44,7.951,56.052,20.2652
01/07/2024 17:22:06.001,20.6169,31.6958,1.44,7.951,56.035,20.2647
01/07/2024 17:23:06.000,20.6164,31.6961,1.44,7.951,56.108,20.2658
01/07/2024 17:24:06.000,20.6158,31.6970,1.44,7.952,56.062,20.2671
01/07/2024 17:25:06.999,20.6155,31.6970,1.44,7.952,56.032,20.2672
01/07/2024 17:26:06.001,20.6161,31.6967,1.44,7.952,56.129,20.2668
01/07/2024 17:27:06.000,20.6158,31.6976,1.44,7.952,56.139,20.2677
01/07/2024 17:28:06.999,20.6165,31.6965,1.44,7.952,56.070,20.2672
01/07/2024 17:29:06.998,20.6142,31.6977,1.44,7.952,56.078,20.2671
01/07/2024 17:30:06.001,20.6180,31.6976,1.44,7.952,56.098,20.2678
01/07/2024 17:31:06.000,20.6199,31.6974,1.44,7.952,56.173,20.2687
01/07/2024 17:32:06.999,20.6206,31.6961,1.44,7.952,56.086,20.2676
01/07/2024 17:33:06.002,20.6197,31.6992,1.44,7.952,56.069,20.2686
01/07/2024 17:34:06.001,20.6217,31.6989,1.44,7.952,56.102,20.2694
01/07/2024 17:35:06.000,20.6232,31.6989,1.44,7.952,56.179,20.2692
01/07/2024 17:36:06.999,20.6229,31.6990,1.44,7.952,56.211,20.2696
01/07/2024 17:37:06.001,20.6260,31.6978,1.44,7.952,56.090,20.2700
01/07/2024 17:38:06.000,20.6258,31.6971,1.44,7.952,56.125,20.2702
01/07/2024 17:39:06.000,20.6249,31.6991,1.44,7.952,55.984,20.2705
01/07/2024 17:40:06.999,20.6232,31.6967,1.44,7.952,56.055,20.2708
01/07/2024 17:41:06.001,20.6244,31.6976,1.44,7.952,56.167,20.2715
01/07/2024 17:42:06.000,20.6250,31.6974,1.44,7.951,56.126,20.2719
01/07/2024 17:43:06.999,20.6250,31.6980,1.44,7.951,56.200,20.2711
01/07/2024 17:44:06.998,20.6261,31.6966,1.44,7.951,56.115,20.2727
01/07/2024 17:45:06.001,20.6272,31.6966,1.44,7.951,56.107,20.2727
01/07/2024 17:46:06.000,20.6257,31.6976,1.44,7.951,56.172,20.2731
01/07/2024 17:47:06.999,20.6264,31.6983,1.44,7.951,56.100,20.2732
01/07/2024 17:48:06.002,20.6275,31.6976,1.44,7.951,56.143,20.2739
01/07/2024 17:49:06.001,20.6278,31.6991,1.45,7.951,56.184,20.2743
01/07/2024 17:50:06.000,20.6313,31.6969,1.44,7.951,56.140,20.2744
01/07/2024 17:51:06.999,20.6307,31.6984,1.44,7.951,56.175,20.2754
01/07/2024 17:52:06.001,20.6310,31.6972,1.44,7.952,56.184,20.2756
01/07/2024 17:53:06.000,20.6311,31.6978,1.44,7.951,56.136,20.2759
01/07/2024 17:54:06.000,20.6288,31.6991,1.44,7.952,56.085,20.2760
01/07/2024 17:55:06.999,20.6291,31.6975,1.44,7.952,56.174,20.2769
01/07/2024 17:56:06.001,20.6314,31.6979,1.44,7.952,56.121,20.2767
01/07/2024 17:57:06.000,20.6285,31.6989,1.44,7.952,56.194,20.2774
01/07/2024 17:58:06.999,20.6266,31.6986,1.44,7.952,56.142,20.2779
01/07/2024 17:59:06.998,20.6262,31.6978,1.44,7.952,55.992,20.2783
01/07/2024 18:00:06.001,20.6258,31.6978,1.44,7.952,56.082,20.2780
01/07/2024 18:01:06.000,20.6249,31.6977,1.44,7.952,56.089,20.2784
01/07/2024 18:02:06.999,20.6251,31.6983,1.44,7.952,56.092,20.2786
01/07/2024 18:03:06.002,20.6262,31.6986,1.44,7.952,56.224,20.2794
01/07/2024 18:04:06.001,20.6283,31.6980,1.43,7.952,56.205,20.2794
01/07/2024 18:05:06.000,20.6300,31.6984,1.44,7.952,56.255,20.2787
01/07/2024 18:06:06.999,20.6308,31.6966,1.44,7.952,56.055,20.2802
01/07/2024 18:07:06.001,20.6315,31.6973,1.44,7.952,56.046,20.2802
01/07/2024 18:08:06.000,20.6326,31.6987,1.44,7.952,56.091,20.2804
01/07/2024 18:09:06.000,20.6341,31.6972,1.44,7.952,56.116,20.2807
01/07/2024 18:10:06.999,20.6337,31.6976,1.44,7.952,56.168,20.2812
01/07/2024 18:11:06.001,20.6337,31.6989,1.44,7.952,56.037,20.2804
01/07/2024 18:12:06.000,20.6353,31.6973,1.44,7.952,56.106,20.2813
01/07/2024 18:13:06.999,20.6335,31.6981,1.44,7.952,56.114,20.2819
01/07/2024 18:14:06.998,20.6334,31.6984,1.44,7.952,56.083,20.2827
01/07/2024 18:15:06.001,20.6342,31.6986,1.44,7.952,56.122,20.2828
01/07/2024 18:16:06.000,20.6348,31.6969,1.44,7.952,56.144,20.2832
01/07/2024 18:17:06.999,20.6330,31.6991,1.44,7.952,55.958,20.2832
01/07/2024 18:18:06.002,20.6335,31.6994,1.44,7.952,56.106,20.2835
01/07/2024 18:19:06.001,20.6349,31.6982,1.44,7.952,56.237,20.2840
01/07/2024 18:20:06.000,20.6352,31.6981,1.44,7.952,56.074,20.2847
01/07/2024 18:21:06.999,20.6353,31.6975,1.44,7.952,56.252,20.2848
01/07/2024 18:22:06.001,20.6349,31.6998,1.44,7.952,56.131,20.2849
01/07/2024 18:23:06.000,20.6341,31.6986,1.44,7.952,56.111,20.2844
01/07/2024 18:24:06.000,20.6350,31.6995,1.44,7.952,56.148,20.2853
01/07/2024 18:25:06.999,20.6356,31.6977,1.44,7.952,56.216,20.2859
01/07/2024 18:26:06.001,20.6364,31.6984,1.44,7.952,56.250,20.2859
01/07/2024 18:27:06.000,20.6358,31.6997,1.44,7.952,56.170,20.2864
01/07/2024 18:28:06.999,20.6366,31.6989,1.44,7.952,56.152,20.2860
01/07/2024 18:29:06.998,20.6366,31.6981,1.44,7.952,56.191,20.2868
01/07/2024 18:30:06.001,20.6374,31.6975,1.44,7.952,56.213,20.2873
01/07/2024 18:31:06.000,20.6374,31.6969,1.44,7.952,56.138,20.2877
01/07/2024 18:32:06.999,20.6383,31.6996,1.44,7.952,56.176,20.2877
01/07/2024 18:33:06.002,20.6398,31.6998,1.44,7.952,56.101,20.2883
01/07/2024 18:34:06.001,20.6417,31.6990,1.44,7.951,56.158,20.2881
01/07/2024 18:35:06.000,20.6416,31.6987,1.44,7.951,56.243,20.2885
01/07/2024 18:36:06.999,20.6393,31.7026,1.44,7.951,56.221,20.2886
01/07/2024 18:37:06.001,20.6439,31.6986,1.44,7.951,56.174,20.2892
01/07/2024 18:38:06.000,20.6437,31.6991,1.44,7.951,56.141,20.2890
01/07/2024 18:39:06.000,20.6436,31.6996,1.44,7.951,56.293,20.2898
01/07/2024 18:40:06.999,20.6446,31.7000,1.44,7.951,56.344,20.2903
01/07/2024 18:41:06.001,20.6461,31.6985,1.44,7.951,56.325,20.2906
01/07/2024 18:42:06.000,20.6435,31.7001,1.43,7.951,56.191,20.2906
01/07/2024 18:43:06.999,20.6451,31.7009,1.44,7.951,56.163,20.2911
01/07/2024 18:44:06.998,20.6477,31.6985,1.43,7.951,56.262,20.2910
01/07/2024 18:45:06.001,20.6480,31.6968,1.43,7.951,56.178,20.2916
01/07/2024 18:46:06.000,20.6480,31.6991,1.43,7.951,56.254,20.2919
01/07/2024 18:47:06.999,20.6494,31.6987,1.43,7.951,56.195,20.2926
01/07/2024 18:48:06.002,20.6487,31.6980,1.43,7.950,56.146,20.2921
01/07/2024 18:49:06.001,20.6470,31.6988,1.43,7.950,56.078,20.2909
01/07/2024 18:50:06.000,20.6478,31.6981,1.43,7.950,55.994,20.2930
01/07/2024 18:51:06.999,20.6476,31.6969,1.43,7.950,56.100,20.2934
01/07/2024 18:52:06.001,20.6455,31.6992,1.44,7.950,56.103,20.2937
01/07/2024 18:53:06.000,20.6447,31.6997,1.44,7.950,56.115,20.2936
01/07/2024 18:54:06.000,20.6435,31.6992,1.43,7.950,56.185,20.2945
01/07/2024 18:55:06.999,20.6441,31.7000,1.43,7.950,56.162,20.2939
01/07/2024 18:56:06.001,20.6440,31.6999,1.43,7.950,56.243,20.2941
01/07/2024 18:57:06.000,20.6431,31.7000,1.43,7.950,56.230,20.2950
01/07/2024 18:58:06.999,20.6417,31.7004,1.43,7.950,56.033,20.2953
01/07/2024 18:59:06.998,20.6431,31.7001,1.43,7.950,56.153,20.2945
01/07/2024 19:00:06.001,20.6424,31.6990,1.43,7.950,56.075,20.2958
01/07/2024 19:01:06.000,20.6417,31.7004,1.43,7.950,56.247,20.2948
01/07/2024 19:02:06.999,20.6423,31.7008,1.43,7.950,56.104,20.2960
01/07/2024 19:03:06.002,20.6440,31.6989,1.43,7.950,56.251,20.2964
01/07/2024 19:04:06.001,20.6429,31.6992,1.43,7.950,56.308,20.2965
01/07/2024 19:05:06.000,20.6455,31.6987,1.43,7.950,56.206,20.2966
01/07/2024 19:06:06.999,20.6431,31.7010,1.43,7.950,56.189,20.2969
01/07/2024 19:07:06.001,20.6439,31.7001,1.43,7.950,56.126,20.2971
01/07/2024 19:08:06.000,20.6428,31.7001,1.43,7.950,56.178,20.2980
01/07/2024 19:09:06.000,20.6429,31.6989,1.43,7.950,56.165,20.2979
01/07/2024 19:10:06.999,20.6431,31.6996,1.43,7.950,56.133,20.2978
01/07/2024 19:11:06.001,20.6432,31.6993,1.43,7.950,56.113,20.2978
01/07/2024 19:12:06.000,20.6436,31.6997,1.43,7.950,56.210,20.2991
01/07/2024 19:13:06.999,20.6423,31.7017,1.43,7.950,56.169,20.3000
01/07/2024 19:14:06.998,20.6439,31.7016,1.43,7.950,56.296,20.2999
01/07/2024 19:15:06.001,20.6449,31.6997,1.43,7.950,56.214,20.3001
01/07/2024 19:16:06.000,20.6437,31.7006,1.43,7.950,56.181,20.2997
01/07/2024 19:17:06.999,20.6456,31.6997,1.43,7.950,56.323,20.2992
01/07/2024 19:18:06.002,20.6423,31.7008,1.43,7.950,56.168,20.3007
01/07/2024 19:19:06.001,20.6436,31.6995,1.43,7.950,56.188,20.3030
01/07/2024 19:20:06.000,20.6429,31.7004,1.43,7.950,56.054,20.3020
01/07/2024 19:21:06.999,20.6428,31.7004,1.43,7.950,56.219,20.3029
01/07/2024 19:22:06.001,20.6428,31.6996,1.43,7.950,56.343,20.3010
01/07/2024 19:23:06.000,20.6422,31.7002,1.43,7.951,56.204,20.3035
01/07/2024 19:24:06.000,20.6417,31.7008,1.43,7.951,56.170,20.3027
01/07/2024 19:25:06.999,20.6422,31.7002,1.43,7.951,56.251,20.3022
01/07/2024 19:26:06.001,20.6434,31.7004,1.43,7.951,56.232,20.3015
01/07/2024 19:27:06.000,20.6440,31.7002,1.43,7.951,56.169,20.3011
01/07/2024 19:28:06.999,20.6440,31.7007,1.43,7.951,56.205,20.3021
01/07/2024 19:29:06.998,20.6448,31.6986,1.43,7.951,56.291,20.3036
01/07/2024 19:30:06.001,20.6438,31.7015,1.43,7.951,56.265,20.3028
01/07/2024 19:31:06.000,20.6444,31.7008,1.43,7.951,56.187,20.3035
01/07/2024 19:32:06.999,20.6441,31.6996,1.43,7.951,56.291,20.3036
01/07/2024 19:33:06.002,20.6428,31.6997,1.43,7.951,56.138,20.3035
01/07/2024 19:34:06.001,20.6446,31.6998,1.43,7.951,56.330,20.3045
01/07/2024 19:35:06.000,20.6425,31.7014,1.43,7.951,56.178,20.3043
01/07/2024 19:36:06.999,20.6455,31.6995,1.43,7.951,56.166,20.3045
01/07/2024 19:37:06.001,20.6452,31.6989,1.43,7.951,56.059,20.3046
01/07/2024 19:38:06.000,20.6456,31.7008,1.43,7.951,56.168,20.3037
01/07/2024 19:39:06.000,20.6456,31.7007,1.43,7.951,56.110,20.3050
01/07/2024 19:40:06.999,20.6459,31.7000,1.43,7.951,56.104,20.3046
01/07/2024 19:41:06.001,20.6425,31.7009,1.43,7.951,56.166,20.3053
01/07/2024 19:42:06.000,20.6433,31.6999,1.44,7.951,56.098,20.3053
01/07/2024 19:43:06.999,20.6433,31.7018,1.43,7.951,56.073,20.3061
01/07/2024 19:44:06.998,20.6460,31.7010,1.43,7.951,56.192,20.3064
01/07/2024 19:45:06.001,20.6453,31.6991,1.43,7.951,56.094,20.3066
01/07/2024 19:46:06.000,20.6456,31.7008,1.43,7.952,56.264,20.3069
01/07/2024 19:47:06.999,20.6459,31.7018,1.43,7.951,55.995,20.3057
01/07/2024 19:48:06.002,20.6455,31.7015,1.43,7.952,56.269,20.3070
01/07/2024 19:49:06.001,20.6440,31.7019,1.43,7.952,56.022,20.3069
01/07/2024 19:50:06.000,20.6449,31.7010,1.43,7.952,56.147,20.3070
01/07/2024 19:51:06.999,20.6452,31.6999,1.43,7.952,56.151,20.3074
01/07/2024 19:52:06.001,20.6438,31.7025,1.43,7.952,56.192,20.3074
01/07/2024 19:53:06.000,20.6450,31.7017,1.43,7.952,56.095,20.3079
01/07/2024 19:54:06.000,20.6443,31.7002,1.43,7.952,56.152,20.3083
01/07/2024 19:55:06.999,20.6443,31.7014,1.43,7.952,56.116,20.3071
01/07/2024 19:56:06.001,20.6463,31.7013,1.43,7.952,56.066,20.3084
01/07/2024 19:57:06.000,20.6464,31.7005,1.43,7.952,56.174,20.3081
01/07/2024 19:58:06.999,20.6473,31.7013,1.43,7.952,56.107,20.3086
01/07/2024 19:59:06.998,20.6465,31.7009,1.43,7.953,56.121,20.3087
01/07/2024 20:00:06.001,20.6455,31.7015,1.43,7.953,56.129,20.3090
01/07/2024 20:01:06.000,20.6448,31.7007,1.43,7.953,56.253,20.3084
01/07/2024 20:02:06.999,20.6456,31.7008,1.43,7.953,56.260,20.3098
01/07/2024 20:03:06.002,20.6456,31.7010,1.43,7.953,56.230,20.3084
01/07/2024 20:04:06.001,20.6448,31.7003,1.43,7.953,56.182,20.3096
01/07/2024 20:05:06.000,20.6443,31.7014,1.43,7.953,56.142,20.3095
01/07/2024 20:06:06.999,20.6456,31.7009,1.43,7.953,56.197,20.3100
01/07/2024 20:07:06.001,20.6453,31.7017,1.43,7.953,56.160,20.3102
01/07/2024 20:08:06.000,20.6466,31.7011,1.43,7.954,56.223,20.3101
01/07/2024 20:09:06.000,20.6459,31.7024,1.43,7.954,56.201,20.3104
01/07/2024 20:10:06.999,20.6469,31.7023,1.43,7.954,56.218,20.3106
01/07/2024 20:11:06.001,20.6466,31.7021,1.43,7.954,56.149,20.3104
01/07/2024 20:12:06.000,20.6450,31.7006,1.43,7.954,56.032,20.3095
01/07/2024 20:13:06.999,20.6442,31.7031,1.43,7.954,56.086,20.3108
01/07/2024 20:14:06.998,20.6444,31.7008,1.43,7.955,56.184,20.3114
01/07/2024 20:15:06.001,20.6433,31.7010,1.43,7.955,56.244,20.3113
01/07/2024 20:16:06.000,20.6441,31.7021,1.43,7.955,56.172,20.3113
01/07/2024 20:17:06.999,20.6442,31.7015,1.43,7.955,56.183,20.3114
01/07/2024 20:18:06.002,20.6442,31.7018,1.43,7.955,56.205,20.3118
01/07/2024 20:19:06.001,20.6463,31.7007,1.43,7.955,56.271,20.3122
01/07/2024 20:20:06.000,20.6452,31.7011,1.43,7.955,56.204,20.3122
01/07/2024 20:21:06.999,20.6457,31.7025,1.43,7.955,56.131,20.3123
01/07/2024 20:22:06.001,20.6452,31.7025,1.43,7.955,56.160,20.3110
01/07/2024 20:23:06.000,20.6445,31.7022,1.43,7.955,56.270,20.3104
01/07/2024 20:24:06.000,20.6448,31.7028,1.43,7.955,56.240,20.3124
01/07/2024 20:25:06.999,20.6446,31.7007,1.43,7.955,56.261,20.3120
01/07/2024 20:26:06.001,20.6448,31.7010,1.43,7.955,56.246,20.3123
01/07/2024 20:27:06.000,20.6442,31.7029,1.43,7.956,56.255,20.3125
01/07/2024 20:28:06.999,20.6441,31.7004,1.43,7.955,56.181,20.3128
01/07/2024 20:29:06.998,20.6435,31.7013,1.43,7.956,56.175,20.3127
01/07/2024 20:30:06.001,20.6415,31.7026,1.43,7.956,56.055,20.3130
01/07/2024 20:31:06.000,20.6432,31.7014,1.43,7.956,56.242,20.3132
01/07/2024 20:32:06.999,20.6417,31.7015,1.43,7.956,56.075,20.3131
01/07/2024 20:33:06.002,20.6404,31.7028,1.43,7.956,56.084,20.3119
01/07/2024 20:34:06.001,20.6405,31.7042,1.43,7.956,56.131,20.3135
01/07/2024 20:35:06.000,20.6414,31.7033,1.43,7.956,56.280,20.3139
01/07/2024 20:36:06.999,20.6435,31.7028,1.43,7.956,56.262,20.3140
01/07/2024 20:37:06.001,20.6433,31.7024,1.43,7.956,56.107,20.3147
01/07/2024 20:38:06.000,20.6437,31.7032,1.43,7.956,56.073,20.3138
01/07/2024 20:39:06.000,20.6429,31.7025,1.43,7.956,56.216,20.3144
01/07/2024 20:40:06.999,20.6431,31.7018,1.43,7.956,56.129,20.3142
01/07/2024 20:41:06.001,20.6422,31.7030,1.43,7.956,56.041,20.3145
01/07/2024 20:42:06.000,20.6415,31.7023,1.43,7.956,56.313,20.3146
01/07/2024 20:43:06.999,20.6419,31.7031,1.43,7.956,56.188,20.3148
01/07/2024 20:44:06.998,20.6418,31.7017,1.43,7.957,56.181,20.3146
01/07/2024 20:45:06.001,20.6397,31.7029,1.43,7.957,56.234,20.3149
01/07/2024 20:46:06.000,20.6392,31.7031,1.43,7.957,56.251,20.3145
01/07/2024 20:47:06.999,20.6394,31.7015,1.43,7.957,56.177,20.3147
01/07/2024 20:48:06.002,20.6390,31.7035,1.43,7.957,56.215,20.3145
01/07/2024 20:49:06.001,20.6383,31.7026,1.43,7.957,56.300,20.3153
01/07/2024 20:50:06.000,20.6369,31.7029,1.43,7.957,56.174,20.3148
01/07/2024 20:51:06.999,20.6383,31.7021,1.43,7.957,56.183,20.3155
01/07/2024 20:52:06.001,20.6380,31.7035,1.43,7.957,56.091,20.3155
01/07/2024 20:53:06.000,20.6382,31.7030,1.43,7.957,56.286,20.3160
01/07/2024 20:54:06.000,20.6370,31.7039,1.43,7.957,56.132,20.3155
01/07/2024 20:55:06.999,20.6358,31.7044,1.43,7.957,56.200,20.3159
01/07/2024 20:56:06.001,20.6373,31.7042,1.43,7.957,56.231,20.3158
01/07/2024 20:57:06.000,20.6376,31.7028,1.43,7.957,56.154,20.3157
01/07/2024 20:58:06.999,20.6361,31.7025,1.42,7.957,56.187,20.3162
01/07/2024 20:59:06.998,20.6346,31.7031,1.43,7.957,56.112,20.3152
01/07/2024 21:00:06.001,20.6352,31.7026,1.43,7.957,56.211,20.3162
01/07/2024 21:01:06.000,20.6346,31.7024,1.43,7.957,56.149,20.3156
01/07/2024 21:02:06.999,20.6333,31.7042,1.43,7.957,56.092,20.3160
01/07/2024 21:03:06.002,20.6326,31.7038,1.43,7.957,56.164,20.3165
01/07/2024 21:04:06.001,20.6331,31.7033,1.43,7.956,56.249,20.3162
01/07/2024 21:05:06.000,20.6313,31.7039,1.43,7.956,56.189,20.3162
01/07/2024 21:06:06.999,20.6315,31.7030,1.43,7.956,56.140,20.3159
01/07/2024 21:07:06.001,20.6317,31.7035,1.43,7.956,56.188,20.3165
01/07/2024 21:08:06.000,20.6299,31.7046,1.43,7.956,56.243,20.3168
01/07/2024 21:09:06.000,20.6301,31.7050,1.43,7.956,56.159,20.3163
01/07/2024 21:10:06.999,20.6304,31.7034,1.43,7.956,55.993,20.3167
01/07/2024 21:11:06.001,20.6301,31.7048,1.43,7.956,56.185,20.3164
01/07/2024 21:12:06.000,20.6287,31.7041,1.43,7.956,56.179,20.3168
01/07/2024 21:13:06.999,20.6292,31.7035,1.43,7.956,56.163,20.3163
01/07/2024 21:14:06.998,20.6289,31.7040,1.43,7.956,56.218,20.3163
01/07/2024 21:15:06.001,20.6277,31.7039,1.43,7.955,56.077,20.3165
01/07/2024 21:16:06.000,20.6260,31.7061,1.43,7.955,56.069,20.3164
01/07/2024 21:17:06.999,20.6254,31.7050,1.43,7.955,56.168,20.3166
01/07/2024 21:18:06.002,20.6248,31.7043,1.43,7.955,56.091,20.3163
01/07/2024 21:19:06.001,20.6240,31.7048,1.43,7.955,56.212,20.3160
01/07/2024 21:20:06.000,20.6233,31.7047,1.43,7.955,56.282,20.3166
01/07/2024 21:21:06.999,20.6233,31.7040,1.43,7.955,56.268,20.3164
01/07/2024 21:22:06.001,20.6231,31.7043,1.44,7.955,56.317,20.3160
01/07/2024 21:23:06.000,20.6229,31.7055,1.43,7.955,56.196,20.3166
01/07/2024 21:24:06.000,20.6227,31.7042,1.43,7.955,56.212,20.3158
01/07/2024 21:25:06.999,20.6223,31.7041,1.43,7.955,56.254,20.3158
01/07/2024 21:26:06.001,20.6204,31.7058,1.43,7.955,56.078,20.3165
01/07/2024 21:27:06.000,20.6213,31.7040,1.43,7.955,56.211,20.3161
01/07/2024 21:28:06.999,20.6201,31.7045,1.43,7.955,56.246,20.3159
01/07/2024 21:29:06.998,20.6196,31.7055,1.43,7.955,56.197,20.3162
01/07/2024 21:30:06.001,20.6187,31.7047,1.43,7.955,56.241,20.3157
01/07/2024 21:31:06.000,20.6187,31.7040,1.43,7.954,56.205,20.3159
01/07/2024 21:32:06.999,20.6179,31.7043,1.43,7.954,56.256,20.3157
01/07/2024 21:33:06.002,20.6179,31.7054,1.43,7.954,56.215,20.3159
01/07/2024 21:34:06.001,20.6184,31.7041,1.43,7.954,56.215,20.3159
01/07/2024 21:35:06.000,20.6167,31.7048,1.43,7.954,56.134,20.3168
01/07/2024 21:36:06.999,20.6165,31.7044,1.43,7.954,56.227,20.3167
01/07/2024 21:37:06.001,20.6159,31.7044,1.43,7.954,56.247,20.3172
01/07/2024 21:38:06.000,20.6160,31.7040,1.43,7.954,56.163,20.3157
01/07/2024 21:39:06.000,20.6153,31.7050,1.43,7.954,56.222,20.3147
01/07/2024 21:40:06.999,20.6143,31.7057,1.43,7.954,56.193,20.3149
01/07/2024 21:41:06.001,20.6137,31.7060,1.43,7.954,56.146,20.3145
01/07/2024 21:42:06.000,20.6122,31.7054,1.43,7.954,56.194,20.3152
01/07/2024 21:43:06.999,20.6120,31.7052,1.43,7.954,56.084,20.3149
01/07/2024 21:44:06.998,20.6115,31.7070,1.43,7.954,56.283,20.3147
01/07/2024 21:45:06.001,20.6122,31.7062,1.43,7.954,56.189,20.3136
01/07/2024 21:46:06.000,20.6121,31.7054,1.43,7.953,56.216,20.3146
01/07/2024 21:47:06.999,20.6104,31.7050,1.43,7.953,56.235,20.3149
01/07/2024 21:48:06.002,20.6090,31.7054,1.43,7.953,56.269,20.3145
01/07/2024 21:49:06.001,20.6081,31.7061,1.43,7.953,56.190,20.3140
01/07/2024 21:50:06.000,20.6091,31.7055,1.43,7.953,56.174,20.3140
01/07/2024 21:51:06.999,20.6087,31.7067,1.43,7.953,56.185,20.3140
01/07/2024 21:52:06.001,20.6065,31.7057,1.43,7.953,56.180,20.3143
01/07/2024 21:53:06.000,20.6069,31.7050,1.43,7.953,56.228,20.3143
01/07/2024 21:54:06.000,20.6064,31.7068,1.43,7.953,56.235,20.3140
01/07/2024 21:55:06.999,20.6068,31.7052,1.43,7.952,56.237,20.3134
01/07/2024 21:56:06.001,20.6063,31.7062,1.43,7.952,56.170,20.3122
01/07/2024 21:57:06.000,20.6054,31.7062,1.43,7.952,56.307,20.3135
01/07/2024 21:58:06.999,20.6037,31.7074,1.43,7.952,56.438,20.3132
01/07/2024 21:59:06.998,20.6048,31.7051,1.43,7.952,56.265,20.3131
01/07/2024 22:00:06.001,20.6042,31.7068,1.43,7.952,56.363,20.3136
01/07/2024 22:01:06.000,20.6036,31.7073,1.43,7.952,56.266,20.3128
01/07/2024 22:02:06.999,20.6031,31.7064,1.43,7.952,56.370,20.3126
01/07/2024 22:03:06.002,20.6039,31.7060,1.43,7.952,56.285,20.3123
01/07/2024 22:04:06.001,20.6034,31.7060,1.43,7.952,56.247,20.3120
01/07/2024 22:05:06.000,20.6033,31.7057,1.43,7.952,56.246,20.3121
01/07/2024 22:06:06.999,20.6039,31.7069,1.43,7.952,56.268,20.3122
01/07/2024 22:07:06.001,20.6028,31.7062,1.43,7.952,56.353,20.3121
01/07/2024 22:08:06.000,20.6012,31.7058,1.43,7.952,56.275,20.3119
01/07/2024 22:09:06.000,20.6001,31.7074,1.43,7.951,56.371,20.3111
01/07/2024 22:10:06.999,20.6009,31.7061,1.43,7.952,56.379,20.3114
01/07/2024 22:11:06.001,20.5998,31.7071,1.43,7.952,56.363,20.3112
01/07/2024 22:12:06.000,20.5988,31.7082,1.43,7.952,56.336,20.3110
01/07/2024 22:13:06.999,20.5986,31.7068,1.43,7.951,56.330,20.3108
01/07/2024 22:14:06.998,20.5970,31.7078,1.43,7.951,56.346,20.3106
01/07/2024 22:15:06.001,20.5979,31.7063,1.43,7.951,56.379,20.3104
01/07/2024 22:16:06.000,20.5975,31.7068,1.43,7.951,56.348,20.3102
01/07/2024 22:17:06.999,20.5969,31.7072,1.43,7.951,56.387,20.3097
01/07/2024 22:18:06.002,20.5946,31.7083,1.43,7.951,56.285,20.3095
01/07/2024 22:19:06.001,20.5967,31.7061,1.43,7.951,56.256,20.3104
01/07/2024 22:20:06.000,20.5947,31.7069,1.44,7.951,56.262,20.3093
01/07/2024 22:21:06.999,20.5949,31.7069,1.43,7.951,56.350,20.3092
01/07/2024 22:22:06.001,20.5932,31.7065,1.43,7.951,56.310,20.3096
01/07/2024 22:23:06.000,20.5926,31.7069,1.44,7.951,56.347,20.3089
01/07/2024 22:24:06.000,20.5915,31.7077,1.44,7.951,56.331,20.3087
01/07/2024 22:25:06.999,20.5919,31.7070,1.43,7.951,56.219,20.3082
01/07/2024 22:26:06.001,20.5916,31.7066,1.43,7.951,56.201,20.3082
01/07/2024 22:27:06.000,20.5909,31.7066,1.43,7.951,56.350,20.3078
01/07/2024 22:28:06.999,20.5910,31.7065,1.43,7.951,56.261,20.3076
01/07/2024 22:29:06.998,20.5904,31.7073,1.43,7.951,56.221,20.3074
01/07/2024 22:30:06.001,20.5897,31.7071,1.43,7.951,56.282,20.3079
01/07/2024 22:31:06.000,20.5888,31.7064,1.43,7.951,56.287,20.3071
01/07/2024 22:32:06.999,20.5877,31.7072,1.43,7.951,56.234,20.3063
01/07/2024 22:33:06.002,20.5862,31.7080,1.43,7.951,56.432,20.3066
01/07/2024 22:34:06.001,20.5863,31.7068,1.43,7.951,56.338,20.3060
01/07/2024 22:35:06.000,20.5852,31.7091,1.44,7.951,56.324,20.3059
01/07/2024 22:36:06.999,20.5865,31.7073,1.43,7.951,56.319,20.3059
01/07/2024 22:37:06.001,20.5849,31.7075,1.43,7.951,56.280,20.3057
01/07/2024 22:38:06.000,20.5847,31.7080,1.43,7.951,56.357,20.3057
01/07/2024 22:39:06.000,20.5841,31.7082,1.43,7.951,56.288,20.3044
01/07/2024 22:40:06.999,20.5830,31.7081,1.43,7.951,56.478,20.3047
01/07/2024 22:41:06.001,20.5813,31.7080,1.43,7.950,56.319,20.3045
01/07/2024 22:42:06.000,20.5798,31.7088,1.43,7.951,56.357,20.3035
01/07/2024 22:43:06.999,20.5808,31.7066,1.43,7.951,56.245,20.3029
01/07/2024 22:44:06.998,20.5796,31.7080,1.43,7.951,56.311,20.3036
01/07/2024 22:45:06.001,20.5777,31.7099,1.43,7.951,56.252,20.3037
01/07/2024 22:46:06.000,20.5784,31.7085,1.43,7.951,56.311,20.3035
01/07/2024 22:47:06.999,20.5776,31.7092,1.44,7.950,56.375,20.3036
01/07/2024 22:48:06.002,20.5781,31.7073,1.43,7.951,56.292,20.3033
01/07/2024 22:49:06.001,20.5758,31.7102,1.43,7.951,56.257,20.3028
01/07/2024 22:50:06.000,20.5763,31.7084,1.43,7.951,56.193,20.3028
01/07/2024 22:51:06.999,20.5755,31.7087,1.44,7.950,56.265,20.3026
01/07/2024 22:52:06.001,20.5755,31.7081,1.43,7.951,56.172,20.3024
01/07/2024 22:53:06.000,20.5735,31.7107,1.43,7.951,56.188,20.3007
01/07/2024 22:54:06.000,20.5745,31.7089,1.44,7.951,56.367,20.3012
01/07/2024 22:55:06.999,20.5743,31.7088,1.43,7.951,56.274,20.3019
01/07/2024 22:56:06.001,20.5738,31.7097,1.43,7.951,56.339,20.3011
01/07/2024 22:57:06.000,20.5734,31.7085,1.43,7.951,56.317,20.3004
01/07/2024 22:58:06.999,20.5720,31.7082,1.44,7.951,56.347,20.3009
01/07/2024 22:59:06.998,20.5699,31.7100,1.43,7.951,56.296,20.3006
01/07/2024 23:00:06.001,20.5698,31.7091,1.44,7.951,56.309,20.3006
01/07/2024 23:01:06.000,20.5704,31.7098,1.44,7.951,56.413,20.3002
01/07/2024 23:02:06.999,20.5723,31.7105,1.44,7.951,56.366,20.3002
01/07/2024 23:03:06.002,20.5727,31.7101,1.43,7.951,56.379,20.2996
01/07/2024 23:04:06.001,20.5731,31.7087,1.43,7.951,56.294,20.2994
01/07/2024 23:05:06.000,20.5715,31.7086,1.44,7.951,56.238,20.2989
01/07/2024 23:06:06.999,20.5721,31.7093,1.44,7.951,56.227,20.2989
01/07/2024 23:07:06.001,20.5724,31.7092,1.44,7.950,56.171,20.2988
01/07/2024 23:08:06.000,20.5726,31.7083,1.44,7.950,56.359,20.2986
01/07/2024 23:09:06.000,20.5707,31.7094,1.44,7.950,56.332,20.2978
01/07/2024 23:10:06.999,20.5695,31.7104,1.43,7.950,56.453,20.2975
01/07/2024 23:11:06.001,20.5677,31.7085,1.44,7.950,56.340,20.2976
01/07/2024 23:12:06.000,20.5673,31.7092,1.43,7.950,56.107,20.2971
01/07/2024 23:13:06.999,20.5669,31.7100,1.43,7.950,56.166,20.2970
01/07/2024 23:14:06.998,20.5663,31.7091,1.43,7.950,56.212,20.2962
01/07/2024 23:15:06.001,20.5642,31.7086,1.43,7.950,56.341,20.2963
01/07/2024 23:16:06.000,20.5646,31.7086,1.43,7.950,56.253,20.2959
01/07/2024 23:17:06.999,20.5633,31.7100,1.44,7.950,56.318,20.2958
01/07/2024 23:18:06.002,20.5639,31.7092,1.44,7.950,56.260,20.2953
01/07/2024 23:19:06.001,20.5610,31.7101,1.44,7.950,56.371,20.2954
01/07/2024 23:20:06.000,20.5614,31.7101,1.44,7.950,56.241,20.2948
01/07/2024 23:21:06.999,20.5611,31.7104,1.44,7.950,56.369,20.2950
01/07/2024 23:22:06.001,20.5608,31.7101,1.44,7.950,56.329,20.2933
01/07/2024 23:23:06.000,20.5606,31.7098,1.43,7.949,56.248,20.2936
01/07/2024 23:24:06.000,20.5604,31.7102,1.44,7.949,56.210,20.2935
01/07/2024 23:25:06.999,20.5609,31.7101,1.43,7.949,56.270,20.2930
01/07/2024 23:26:06.001,20.5597,31.7099,1.43,7.949,56.190,20.2925
01/07/2024 23:27:06.000,20.5599,31.7101,1.44,7.949,56.277,20.2921
01/07/2024 23:28:06.999,20.5602,31.7116,1.43,7.949,56.202,20.2916
01/07/2024 23:29:06.998,20.5606,31.7105,1.43,7.949,56.327,20.2915
01/07/2024 23:30:06.001,20.5600,31.7104,1.43,7.949,56.263,20.2914
01/07/2024 23:31:06.000,20.5590,31.7103,1.43,7.949,56.281,20.2902
01/07/2024 23:32:06.999,20.5588,31.7102,1.43,7.948,56.215,20.2906
01/07/2024 23:33:06.002,20.5579,31.7104,1.43,7.948,56.332,20.2903
01/07/2024 23:34:06.001,20.5575,31.7091,1.44,7.948,56.259,20.2899
01/07/2024 23:35:06.000,20.5557,31.7110,1.43,7.948,56.265,20.2897
01/07/2024 23:36:06.999,20.5554,31.7105,1.43,7.948,56.350,20.2893
01/07/2024 23:37:06.001,20.5540,31.7099,1.43,7.948,56.218,20.2891
01/07/2024 23:38:06.000,20.5539,31.7093,1.43,7.948,56.250,20.2885
01/07/2024 23:39:06.000,20.5545,31.7108,1.43,7.948,56.401,20.2884
01/07/2024 23:40:06.999,20.5543,31.7119,1.43,7.948,56.380,20.2885
01/07/2024 23:41:06.001,20.5536,31.7109,1.43,7.948,56.310,20.2872
01/07/2024 23:42:06.000,20.5529,31.7091,1.43,7.948,56.323,20.2877
01/07/2024 23:43:06.999,20.5522,31.7102,1.43,7.948,56.453,20.2876
01/07/2024 23:44:06.998,20.5510,31.7116,1.43,7.948,56.410,20.2868
01/07/2024 23:45:06.001,20.5509,31.7110,1.43,7.948,56.366,20.2869
01/07/2024 23:46:06.000,20.5508,31.7108,1.43,7.948,56.360,20.2861
01/07/2024 23:47:06.999,20.5489,31.7116,1.43,7.948,56.238,20.2860
01/07/2024 23:48:06.002,20.5487,31.7114,1.43,7.948,56.389,20.2848
01/07/2024 23:49:06.001,20.5488,31.7107,1.43,7.948,56.287,20.2855
01/07/2024 23:50:06.000,20.5491,31.7119,1.43,7.948,56.255,20.2844
01/07/2024 23:51:06.999,20.5492,31.7105,1.42,7.948,56.429,20.2845
01/07/2024 23:52:06.001,20.5488,31.7109,1.43,7.948,56.291,20.2841
01/07/2024 23:53:06.000,20.5484,31.7119,1.43,7.948,56.341,20.2837
01/07/2024 23:54:06.000,20.5469,31.7103,1.42,7.948,56.296,20.2841
01/07/2024 23:55:06.999,20.5471,31.7107,1.43,7.948,56.242,20.2831
01/07/2024 23:56:06.001,20.5460,31.7113,1.43,7.948,56.326,20.2829
01/07/2024 23:57:06.000,20.5451,31.7116,1.43,7.947,56.299,20.2822
01/07/2024 23:58:06.999,20.5433,31.7118,1.42,7.947,56.434,20.2807
01/07/2024 23:59:06.998,20.5436,31.7112,1.42,7.947,56.326,20.2809
02/07/2024 00:00:06.001,20.5437,31.7111,1.43,7.947,56.249,20.2812
02/07/2024 00:01:06.000,20.5447,31.7116,1.43,7.947,56.404,20.2810
02/07/2024 00:02:06.999,20.5440,31.7120,1.43,7.947,56.323,20.2807
02/07/2024 00:03:06.002,20.5436,31.7122,1.43,7.947,56.383,20.2805
02/07/2024 00:04:06.001,20.5426,31.7127,1.43,7.947,56.279,20.2794
02/07/2024 00:05:06.000,20.5417,31.7123,1.43,7.947,56.404,20.2793
02/07/2024 00:06:06.999,20.5403,31.7113,1.42,7.947,56.429,20.2792
02/07/2024 00:07:06.001,20.5394,31.7116,1.43,7.947,56.299,20.2791
02/07/2024 00:08:06.000,20.5383,31.7121,1.42,7.947,56.340,20.2785
02/07/2024 00:09:06.000,20.5370,31.7116,1.43,7.947,56.378,20.2783
02/07/2024 00:10:06.999,20.5357,31.7132,1.43,7.947,56.399,20.2781
02/07/2024 00:11:06.001,20.5356,31.7122,1.43,7.947,56.257,20.2773
02/07/2024 00:12:06.000,20.5358,31.7127,1.43,7.947,56.342,20.2769
02/07/2024 00:13:06.999,20.5353,31.7136,1.43,7.947,56.261,20.2769
02/07/2024 00:14:06.998,20.5351,31.7128,1.43,7.947,56.466,20.2763
02/07/2024 00:15:06.001,20.5349,31.7121,1.43,7.947,56.448,20.2759
02/07/2024 00:16:06.000,20.5353,31.7114,1.43,7.947,56.315,20.2757
02/07/2024 00:17:06.999,20.5353,31.7123,1.43,7.946,56.401,20.2752
02/07/2024 00:18:06.998,20.5331,31.7132,1.43,7.946,56.316,20.2754
02/07/2024 00:19:06.997,20.5321,31.7128,1.42,7.946,56.327,20.2752
02/07/2024 00:20:06.003,20.5313,31.7124,1.43,7.946,56.368,20.2741
02/07/2024 00:21:06.002,20.5304,31.7120,1.43,7.946,56.424,20.2740
02/07/2024 00:22:06.001,20.5292,31.7121,1.43,7.946,56.346,20.2737
02/07/2024 00:23:06.000,20.5287,31.7129,1.43,7.946,56.478,20.2727
02/07/2024 00:24:06.000,20.5278,31.7117,1.43,7.946,56.430,20.2717
02/07/2024 00:25:06.999,20.5280,31.7126,1.43,7.946,56.413,20.2719
02/07/2024 00:26:06.998,20.5283,31.7129,1.43,7.946,56.414,20.2719
02/07/2024 00:27:06.997,20.5281,31.7124,1.43,7.946,56.494,20.2708
02/07/2024 00:28:06.003,20.5274,31.7133,1.43,7.946,56.275,20.2716
02/07/2024 00:29:06.002,20.5265,31.7132,1.43,7.946,56.377,20.2708
02/07/2024 00:30:06.001,20.5256,31.7132,1.43,7.946,56.434,20.2705
02/07/2024 00:31:06.000,20.5240,31.7129,1.43,7.946,56.472,20.2704
02/07/2024 00:32:06.999,20.5219,31.7136,1.43,7.946,56.432,20.2693
02/07/2024 00:33:06.998,20.5222,31.7128,1.43,7.946,56.407,20.2691
02/07/2024 00:34:06.997,20.5213,31.7130,1.43,7.946,56.435,20.2684
02/07/2024 00:35:06.003,20.5202,31.7133,1.43,7.946,56.360,20.2686
02/07/2024 00:36:06.002,20.5213,31.7131,1.43,7.945,56.410,20.2682
02/07/2024 00:37:06.001,20.5212,31.7137,1.43,7.946,56.338,20.2673
02/07/2024 00:38:06.000,20.5207,31.7132,1.43,7.945,56.279,20.2668
02/07/2024 00:39:06.000,20.5182,31.7130,1.43,7.945,56.266,20.2664
02/07/2024 00:40:06.999,20.5182,31.7121,1.43,7.945,56.213,20.2664
02/07/2024 00:41:06.998,20.5161,31.7120,1.43,7.945,56.281,20.2659
02/07/2024 00:42:06.997,20.5138,31.7125,1.43,7.945,56.260,20.2657
02/07/2024 00:43:06.003,20.5133,31.7140,1.43,7.945,56.259,20.2648
02/07/2024 00:44:06.002,20.5148,31.7146,1.43,7.945,56.260,20.2651
02/07/2024 00:45:06.001,20.5147,31.7148,1.43,7.945,56.291,20.2647
02/07/2024 00:46:06.000,20.5145,31.7135,1.43,7.945,56.321,20.2638
02/07/2024 00:47:06.999,20.5159,31.7123,1.43,7.945,56.321,20.2637
02/07/2024 00:48:06.998,20.5147,31.7134,1.43,7.945,56.347,20.2632
02/07/2024 00:49:06.997,20.5141,31.7135,1.43,7.945,56.354,20.2627
02/07/2024 00:50:06.003,20.5110,31.7133,1.43,7.945,56.315,20.2621
02/07/2024 00:51:06.002,20.5106,31.7141,1.43,7.945,56.371,20.2624
02/07/2024 00:52:06.001,20.5090,31.7138,1.43,7.945,56.253,20.2619
02/07/2024 00:53:06.000,20.5076,31.7141,1.43,7.944,56.290,20.2611
02/07/2024 00:54:06.000,20.5081,31.7137,1.43,7.944,56.329,20.2603
02/07/2024 00:55:06.999,20.5084,31.7150,1.43,7.944,56.208,20.2600
02/07/2024 00:56:06.998,20.5102,31.7141,1.43,7.944,56.165,20.2599
02/07/2024 00:57:06.997,20.5100,31.7141,1.43,7.944,56.406,20.2595
02/07/2024 00:58:06.003,20.5097,31.7138,1.43,7.944,56.400,20.2585
02/07/2024 00:59:06.002,20.5091,31.7138,1.43,7.944,56.435,20.2585
02/07/2024 01:00:06.001,20.5070,31.7143,1.43,7.944,56.470,20.2579
02/07/2024 01:01:06.000,20.5064,31.7136,1.43,7.944,56.239,20.2574
02/07/2024 01:02:06.999,20.5051,31.7129,1.43,7.944,56.283,20.2575
02/07/2024 01:03:06.998,20.5018,31.7147,1.43,7.944,56.215,20.2569
02/07/2024 01:04:06.997,20.5019,31.7146,1.43,7.944,56.338,20.2561
02/07/2024 01:05:06.003,20.5020,31.7149,1.43,7.943,56.410,20.2559
02/07/2024 01:06:06.002,20.5023,31.7156,1.43,7.943,56.349,20.2553
02/07/2024 01:07:06.001,20.5030,31.7146,1.43,7.943,56.376,20.2552
02/07/2024 01:08:06.000,20.5030,31.7148,1.43,7.943,56.387,20.2548
02/07/2024 01:09:06.000,20.5012,31.7151,1.43,7.943,56.330,20.2540
02/07/2024 01:10:06.999,20.5002,31.7139,1.43,7.943,56.356,20.2537
02/07/2024 01:11:06.998,20.4997,31.7142,1.42,7.943,56.260,20.2536
02/07/2024 01:12:06.997,20.4989,31.7131,1.43,7.943,56.390,20.2528
02/07/2024 01:13:06.003,20.4977,31.7151,1.43,7.943,56.374,20.2526
02/07/2024 01:14:06.002,20.4947,31.7159,1.43,7.943,56.320,20.2524
02/07/2024 01:15:06.001,20.4959,31.7143,1.43,7.942,56.374,20.2506
02/07/2024 01:16:06.000,20.4968,31.7153,1.43,7.942,56.354,20.2513
02/07/2024 01:17:06.999,20.4963,31.7155,1.43,7.942,56.252,20.2506
02/07/2024 01:18:06.998,20.4966,31.7160,1.42,7.942,56.325,20.2506
02/07/2024 01:19:06.997,20.4966,31.7148,1.43,7.942,56.497,20.2500
02/07/2024 01:20:06.003,20.4962,31.7155,1.43,7.942,56.425,20.2499
02/07/2024 01:21:06.002,20.4945,31.7157,1.43,7.942,56.405,20.2493
02/07/2024 01:22:06.001,20.4942,31.7148,1.42,7.942,56.329,20.2494
02/07/2024 01:23:06.000,20.4921,31.7158,1.43,7.942,56.420,20.2482
02/07/2024 01:24:06.000,20.4903,31.7143,1.43,7.942,56.364,20.2475
02/07/2024 01:25:06.999,20.4889,31.7167,1.42,7.942,56.426,20.2473
02/07/2024 01:26:06.998,20.4895,31.7145,1.42,7.941,56.449,20.2469
02/07/2024 01:27:06.997,20.4897,31.7157,1.42,7.941,56.333,20.2464
02/07/2024 01:28:06.003,20.4889,31.7161,1.42,7.941,56.309,20.2459
02/07/2024 01:29:06.002,20.4908,31.7160,1.42,7.941,56.210,20.2452
02/07/2024 01:30:06.001,20.4905,31.7156,1.42,7.941,56.334,20.2443
02/07/2024 01:31:06.000,20.4896,31.7148,1.42,7.941,56.398,20.2443
02/07/2024 01:32:06.999,20.4884,31.7155,1.42,7.941,56.324,20.2437
02/07/2024 01:33:06.998,20.4859,31.7157,1.43,7.941,56.346,20.2431
02/07/2024 01:34:06.997,20.4845,31.7143,1.42,7.941,56.248,20.2427
02/07/2024 01:35:06.003,20.4838,31.7144,1.42,7.941,56.205,20.2426
02/07/2024 01:36:06.002,20.4805,31.7159,1.43,7.940,56.236,20.2414
02/07/2024 01:37:06.001,20.4818,31.7162,1.42,7.940,56.262,20.2417
02/07/2024 01:38:06.000,20.4831,31.7159,1.43,7.940,56.277,20.2410
02/07/2024 01:39:06.000,20.4835,31.7156,1.43,7.940,56.266,20.2407
02/07/2024 01:40:06.999,20.4824,31.7165,1.43,7.940,56.180,20.2404
02/07/2024 01:41:06.998,20.4825,31.7165,1.42,7.940,56.335,20.2399
02/07/2024 01:42:06.997,20.4816,31.7167,1.42,7.940,56.323,20.2398
02/07/2024 01:43:06.003,20.4796,31.7160,1.43,7.940,56.320,20.2389
02/07/2024 01:44:06.002,20.4784,31.7155,1.43,7.940,56.414,20.2387
02/07/2024 01:45:06.001,20.4762,31.7145,1.43,7.940,56.351,20.2383
02/07/2024 01:46:06.000,20.4741,31.7156,1.43,7.940,56.320,20.2372
02/07/2024 01:47:06.999,20.4732,31.7167,1.43,7.940,56.345,20.2374
02/07/2024 01:48:06.998,20.4742,31.7174,1.43,7.940,56.414,20.2364
02/07/2024 01:49:06.997,20.4753,31.7165,1.43,7.940,56.527,20.2362
02/07/2024 01:50:06.003,20.4766,31.7171,1.43,7.940,56.368,20.2362
02/07/2024 01:51:06.002,20.4766,31.7155,1.43,7.940,56.370,20.2348
02/07/2024 01:52:06.001,20.4749,31.7159,1.43,7.940,56.352,20.2350
02/07/2024 01:53:06.000,20.4729,31.7166,1.43,7.940,56.370,20.2342
02/07/2024 01:54:06.000,20.4709,31.7171,1.43,7.940,56.321,20.2336
02/07/2024 01:55:06.999,20.4699,31.7163,1.43,7.940,56.276,20.2335
02/07/2024 01:56:06.998,20.4680,31.7177,1.42,7.940,56.249,20.2332
02/07/2024 01:57:06.997,20.4668,31.7170,1.43,7.940,56.387,20.2330
02/07/2024 01:58:06.003,20.4675,31.7163,1.42,7.940,56.334,20.2321
02/07/2024 01:59:06.002,20.4683,31.7179,1.42,7.940,56.295,20.2312
02/07/2024 02:00:06.001,20.4696,31.7169,1.42,7.940,56.341,20.2312
02/07/2024 02:01:06.000,20.4697,31.7175,1.43,7.940,56.332,20.2312
02/07/2024 02:02:06.999,20.4702,31.7169,1.43,7.940,56.260,20.2304
02/07/2024 02:03:06.998,20.4692,31.7173,1.43,7.940,56.187,20.2294
02/07/2024 02:04:06.997,20.4672,31.7168,1.43,7.940,56.336,20.2291
02/07/2024 02:05:06.003,20.4656,31.7161,1.43,7.940,56.351,20.2289
02/07/2024 02:06:06.002,20.4626,31.7173,1.43,7.940,56.225,20.2289
02/07/2024 02:07:06.001,20.4606,31.7175,1.42,7.940,56.354,20.2284
02/07/2024 02:08:06.000,20.4603,31.7181,1.43,7.940,56.347,20.2279
02/07/2024 02:09:06.000,20.4610,31.7177,1.43,7.940,56.351,20.2271
02/07/2024 02:10:06.999,20.4620,31.7176,1.43,7.940,56.257,20.2268
02/07/2024 02:11:06.998,20.4630,31.7170,1.43,7.940,56.229,20.2262
02/07/2024 02:12:06.997,20.4629,31.7175,1.42,7.940,56.263,20.2261
02/07/2024 02:13:06.003,20.4619,31.7184,1.42,7.941,56.334,20.2253
02/07/2024 02:14:06.002,20.4620,31.7174,1.43,7.941,56.319,20.2252
02/07/2024 02:15:06.001,20.4601,31.7170,1.42,7.941,56.426,20.2245
02/07/2024 02:16:06.000,20.4583,31.7165,1.42,7.941,56.288,20.2241
02/07/2024 02:17:06.999,20.4565,31.7171,1.43,7.941,56.329,20.2231
02/07/2024 02:18:06.998,20.4545,31.7169,1.43,7.941,56.424,20.2227
02/07/2024 02:19:06.997,20.4543,31.7181,1.42,7.941,56.374,20.2231
02/07/2024 02:20:06.003,20.4542,31.7177,1.42,7.941,56.287,20.2221
02/07/2024 02:21:06.002,20.4551,31.7183,1.43,7.941,56.188,20.2213
02/07/2024 02:22:06.001,20.4549,31.7193,1.43,7.941,56.275,20.2214
02/07/2024 02:23:06.000,20.4553,31.7172,1.43,7.941,56.151,20.2204
02/07/2024 02:24:06.000,20.4552,31.7187,1.43,7.941,56.238,20.2200
02/07/2024 02:25:06.999,20.4551,31.7176,1.43,7.941,56.141,20.2195
02/07/2024 02:26:06.998,20.4527,31.7167,1.43,7.941,56.199,20.2190
02/07/2024 02:27:06.997,20.4489,31.7166,1.43,7.941,56.296,20.2180
02/07/2024 02:28:06.003,20.4471,31.7180,1.43,7.941,56.281,20.2173
02/07/2024 02:29:06.002,20.4469,31.7192,1.43,7.941,56.343,20.2177
02/07/2024 02:30:06.001,20.4470,31.7180,1.43,7.941,56.345,20.2169
02/07/2024 02:31:06.000,20.4490,31.7191,1.43,7.941,56.205,20.2167
02/07/2024 02:32:06.999,20.4484,31.7195,1.43,7.941,56.300,20.2164
02/07/2024 02:33:06.998,20.4487,31.7189,1.43,7.941,56.228,20.2155
02/07/2024 02:34:06.997,20.4491,31.7188,1.43,7.941,56.337,20.2150
02/07/2024 02:35:06.003,20.4490,31.7176,1.43,7.941,56.239,20.2147
02/07/2024 02:36:06.002,20.4485,31.7197,1.43,7.941,56.344,20.2139
02/07/2024 02:37:06.001,20.4477,31.7178,1.43,7.941,56.308,20.2133
02/07/2024 02:38:06.000,20.4447,31.7171,1.43,7.941,56.468,20.2130
02/07/2024 02:39:06.000,20.4424,31.7180,1.43,7.941,56.451,20.2127
02/07/2024 02:40:06.999,20.4415,31.7185,1.43,7.941,56.288,20.2123
02/07/2024 02:41:06.998,20.4408,31.7184,1.43,7.941,56.396,20.2113
02/07/2024 02:42:06.997,20.4413,31.7200,1.43,7.940,56.244,20.2112
02/07/2024 02:43:06.003,20.4417,31.7196,1.43,7.940,56.254,20.2101
02/07/2024 02:44:06.002,20.4434,31.7187,1.43,7.941,56.361,20.2102
02/07/2024 02:45:06.001,20.4426,31.7201,1.43,7.941,56.341,20.2095
02/07/2024 02:46:06.000,20.4420,31.7191,1.43,7.941,56.391,20.2090
02/07/2024 02:47:06.999,20.4409,31.7187,1.43,7.941,56.296,20.2084
02/07/2024 02:48:06.998,20.4384,31.7183,1.43,7.941,56.330,20.2078
02/07/2024 02:49:06.997,20.4370,31.7195,1.43,7.941,56.386,20.2076
02/07/2024 02:50:06.003,20.4368,31.7189,1.43,7.941,56.364,20.2069
02/07/2024 02:51:06.002,20.4345,31.7196,1.43,7.940,56.386,20.2059
02/07/2024 02:52:06.001,20.4339,31.7188,1.43,7.941,56.287,20.2060
02/07/2024 02:53:06.000,20.4346,31.7210,1.43,7.941,56.319,20.2049
02/07/2024 02:54:06.000,20.4361,31.7185,1.43,7.941,56.270,20.2050
02/07/2024 02:55:06.999,20.4368,31.7197,1.43,7.940,56.336,20.2044
02/07/2024 02:56:06.998,20.4360,31.7203,1.43,7.940,56.410,20.2038
02/07/2024 02:57:06.997,20.4342,31.7196,1.43,7.940,56.321,20.2036
02/07/2024 02:58:06.003,20.4320,31.7188,1.43,7.941,56.269,20.2030
02/07/2024 02:59:06.002,20.4312,31.7201,1.43,7.940,56.287,20.2025
02/07/2024 03:00:06.001,20.4291,31.7188,1.43,7.940,56.341,20.2023
02/07/2024 03:01:06.000,20.4258,31.7199,1.43,7.940,56.361,20.2014
02/07/2024 03:02:06.999,20.4248,31.7197,1.43,7.940,56.319,20.2016
02/07/2024 03:03:06.998,20.4247,31.7200,1.43,7.940,56.304,20.2008
02/07/2024 03:04:06.997,20.4261,31.7201,1.43,7.940,56.371,20.2009
02/07/2024 03:05:06.003,20.4269,31.7204,1.43,7.940,56.424,20.1994
02/07/2024 03:06:06.002,20.4279,31.7199,1.43,7.940,56.368,20.1995
02/07/2024 03:07:06.001,20.4278,31.7203,1.43,7.940,56.373,20.1992
02/07/2024 03:08:06.000,20.4259,31.7197,1.43,7.940,56.444,20.1982
02/07/2024 03:09:06.000,20.4252,31.7207,1.43,7.940,56.469,20.1973
02/07/2024 03:10:06.999,20.4235,31.7193,1.43,7.940,56.477,20.1970
02/07/2024 03:11:06.998,20.4221,31.7198,1.43,7.940,56.396,20.1970
02/07/2024 03:12:06.997,20.4201,31.7184,1.43,7.940,56.410,20.1959
02/07/2024 03:13:06.003,20.4178,31.7214,1.42,7.939,56.429,20.1953
02/07/2024 03:14:06.002,20.4202,31.7220,1.43,7.939,56.466,20.1952
02/07/2024 03:15:06.001,20.4219,31.7213,1.43,7.939,56.461,20.1947
02/07/2024 03:16:06.000,20.4234,31.7210,1.43,7.939,56.365,20.1940
02/07/2024 03:17:06.999,20.4220,31.7202,1.43,7.939,56.334,20.1932
02/07/2024 03:18:06.998,20.4215,31.7204,1.43,7.939,56.422,20.1928
02/07/2024 03:19:06.997,20.4211,31.7198,1.43,7.939,56.422,20.1924
02/07/2024 03:20:06.003,20.4202,31.7201,1.43,7.939,56.430,20.1923
02/07/2024 03:21:06.002,20.4179,31.7205,1.43,7.939,56.493,20.1912
02/07/2024 03:22:06.001,20.4165,31.7211,1.43,7.939,56.551,20.1908
02/07/2024 03:23:06.000,20.4161,31.7211,1.43,7.939,56.447,20.1904
02/07/2024 03:24:06.000,20.4157,31.7197,1.43,7.939,56.391,20.1894
02/07/2024 03:25:06.999,20.4159,31.7211,1.43,7.939,56.451,20.1890
02/07/2024 03:26:06.998,20.4179,31.7221,1.43,7.938,56.449,20.1887
02/07/2024 03:27:06.997,20.4184,31.7214,1.43,7.938,56.449,20.1875
02/07/2024 03:28:06.003,20.4200,31.7198,1.43,7.938,56.418,20.1871
02/07/2024 03:29:06.002,20.4189,31.7205,1.42,7.938,56.491,20.1865
02/07/2024 03:30:06.001,20.4169,31.7199,1.43,7.938,56.387,20.1862
02/07/2024 03:31:06.000,20.4144,31.7209,1.43,7.938,56.437,20.1856
02/07/2024 03:32:06.999,20.4128,31.7212,1.42,7.938,56.339,20.1844
02/07/2024 03:33:06.998,20.4120,31.7222,1.43,7.938,56.279,20.1848
02/07/2024 03:34:06.997,20.4107,31.7202,1.43,7.938,56.464,20.1841
02/07/2024 03:35:06.003,20.4079,31.7225,1.43,7.937,56.377,20.1836
02/07/2024 03:36:06.002,20.4100,31.7212,1.43,7.937,56.339,20.1829
02/07/2024 03:37:06.001,20.4113,31.7214,1.42,7.937,56.429,20.1824
02/07/2024 03:38:06.000,20.4124,31.7207,1.43,7.937,56.446,20.1818
02/07/2024 03:39:06.000,20.4124,31.7210,1.43,7.937,56.463,20.1813
02/07/2024 03:40:06.999,20.4117,31.7220,1.42,7.937,56.429,20.1808
02/07/2024 03:41:06.998,20.4116,31.7223,1.43,7.937,56.445,20.1803
02/07/2024 03:42:06.997,20.4100,31.7213,1.42,7.937,56.440,20.1792
02/07/2024 03:43:06.003,20.4078,31.7209,1.42,7.937,56.430,20.1788
02/07/2024 03:44:06.002,20.4060,31.7216,1.43,7.937,56.371,20.1788
02/07/2024 03:45:06.001,20.4058,31.7220,1.42,7.936,56.437,20.1779
02/07/2024 03:46:06.000,20.4042,31.7225,1.43,7.936,56.591,20.1776
02/07/2024 03:47:06.999,20.4053,31.7212,1.42,7.936,56.502,20.1769
02/07/2024 03:48:06.998,20.4066,31.7216,1.42,7.936,56.400,20.1764
02/07/2024 03:49:06.997,20.4067,31.7222,1.43,7.936,56.430,20.1763
02/07/2024 03:50:06.003,20.4071,31.7223,1.42,7.936,56.510,20.1754
02/07/2024 03:51:06.002,20.4054,31.7209,1.43,7.936,56.601,20.1749
02/07/2024 03:52:06.001,20.4037,31.7210,1.42,7.936,56.432,20.1743
02/07/2024 03:53:06.000,20.4025,31.7213,1.42,7.936,56.410,20.1739
02/07/2024 03:54:06.000,20.4004,31.7212,1.42,7.936,56.451,20.1734
02/07/2024 03:55:06.999,20.3986,31.7224,1.42,7.936,56.352,20.1729
02/07/2024 03:56:06.998,20.3971,31.7217,1.42,7.936,56.376,20.1724
02/07/2024 03:57:06.997,20.3954,31.7220,1.42,7.936,56.420,20.1719
02/07/2024 03:58:06.003,20.3971,31.7221,1.42,7.936,56.447,20.1711
02/07/2024 03:59:06.002,20.3978,31.7212,1.42,7.935,56.539,20.1707
02/07/2024 04:00:06.001,20.3979,31.7228,1.42,7.935,56.553,20.1703
02/07/2024 04:01:06.000,20.3984,31.7220,1.42,7.935,56.459,20.1693
02/07/2024 04:02:06.999,20.3974,31.7225,1.43,7.935,56.401,20.1681
02/07/2024 04:03:06.998,20.3973,31.7223,1.43,7.935,56.333,20.1682
02/07/2024 04:04:06.997,20.3944,31.7217,1.43,7.935,56.394,20.1680
02/07/2024 04:05:06.003,20.3924,31.7210,1.42,7.935,56.438,20.1675
02/07/2024 04:06:06.002,20.3914,31.7216,1.43,7.935,56.388,20.1663
02/07/2024 04:07:06.001,20.3893,31.7228,1.43,7.935,56.425,20.1663
02/07/2024 04:08:06.000,20.3881,31.7225,1.43,7.935,56.406,20.1657
02/07/2024 04:09:06.000,20.3889,31.7229,1.43,7.935,56.510,20.1649
02/07/2024 04:10:06.999,20.3903,31.7231,1.43,7.935,56.386,20.1645
02/07/2024 04:11:06.998,20.3905,31.7225,1.43,7.935,56.440,20.1642
02/07/2024 04:12:06.997,20.3896,31.7234,1.43,7.935,56.425,20.1637
02/07/2024 04:13:06.003,20.3880,31.7237,1.43,7.935,56.489,20.1631
02/07/2024 04:14:06.002,20.3892,31.7230,1.43,7.935,56.425,20.1630
02/07/2024 04:15:06.001,20.3850,31.7215,1.43,7.935,56.352,20.1620
02/07/2024 04:16:06.000,20.3842,31.7231,1.43,7.936,56.350,20.1616
02/07/2024 04:17:06.999,20.3836,31.7220,1.42,7.935,56.232,20.1607
02/07/2024 04:18:06.998,20.3813,31.7220,1.43,7.935,56.349,20.1600
02/07/2024 04:19:06.997,20.3810,31.7228,1.43,7.935,56.351,20.1601
02/07/2024 04:20:06.003,20.3815,31.7240,1.43,7.935,56.373,20.1597
02/07/2024 04:21:06.002,20.3830,31.7231,1.43,7.936,56.338,20.1595
02/07/2024 04:22:06.001,20.3824,31.7238,1.42,7.936,56.346,20.1588
02/07/2024 04:23:06.000,20.3826,31.7237,1.42,7.936,56.485,20.1579
02/07/2024 04:24:06.000,20.3841,31.7226,1.42,7.936,56.427,20.1576
02/07/2024 04:25:06.999,20.3826,31.7236,1.42,7.936,56.388,20.1572
02/07/2024 04:26:06.998,20.3798,31.7235,1.42,7.936,56.502,20.1561
02/07/2024 04:27:06.997,20.3774,31.7226,1.42,7.936,56.500,20.1556
02/07/2024 04:28:06.003,20.3742,31.7236,1.42,7.936,56.348,20.1549
02/07/2024 04:29:06.002,20.3724,31.7237,1.43,7.936,56.303,20.1538
02/07/2024 04:30:06.001,20.3739,31.7227,1.42,7.936,56.398,20.1538
02/07/2024 04:31:06.000,20.3745,31.7243,1.42,7.936,56.270,20.1531
02/07/2024 04:32:06.999,20.3739,31.7239,1.42,7.936,56.402,20.1529
02/07/2024 04:33:06.998,20.3747,31.7250,1.42,7.936,56.210,20.1525
02/07/2024 04:34:06.997,20.3759,31.7230,1.43,7.936,56.479,20.1517
02/07/2024 04:35:06.003,20.3758,31.7233,1.43,7.936,56.443,20.1513
02/07/2024 04:36:06.002,20.3753,31.7243,1.43,7.936,56.344,20.1510
02/07/2024 04:37:06.001,20.3727,31.7237,1.42,7.936,56.534,20.1505
02/07/2024 04:38:06.000,20.3709,31.7249,1.43,7.936,56.239,20.1498
02/07/2024 04:39:06.000,20.3711,31.7232,1.42,7.936,56.302,20.1493
02/07/2024 04:40:06.999,20.3704,31.7234,1.42,7.936,56.367,20.1488
02/07/2024 04:41:06.998,20.3709,31.7234,1.42,7.936,56.318,20.1485
02/07/2024 04:42:06.997,20.3707,31.7236,1.42,7.936,56.401,20.1479
02/07/2024 04:43:06.003,20.3704,31.7238,1.43,7.936,56.339,20.1479
02/07/2024 04:44:06.002,20.3703,31.7245,1.42,7.936,56.260,20.1466
02/07/2024 04:45:06.001,20.3712,31.7258,1.42,7.936,56.311,20.1465
02/07/2024 04:46:06.000,20.3710,31.7233,1.43,7.936,56.370,20.1459
02/07/2024 04:47:06.999,20.3695,31.7248,1.42,7.936,56.467,20.1451
02/07/2024 04:48:06.998,20.3679,31.7236,1.42,7.936,56.361,20.1444
02/07/2024 04:49:06.997,20.3665,31.7237,1.42,7.936,56.393,20.1440
02/07/2024 04:50:06.003,20.3645,31.7241,1.42,7.936,56.366,20.1431
02/07/2024 04:51:06.002,20.3640,31.7231,1.42,7.936,56.222,20.1429
02/07/2024 04:52:06.001,20.3635,31.7246,1.43,7.936,56.438,20.1424
02/07/2024 04:53:06.000,20.3640,31.7254,1.42,7.936,56.315,20.1416
02/07/2024 04:54:06.000,20.3666,31.7237,1.43,7.936,56.285,20.1412
02/07/2024 04:55:06.999,20.3665,31.7243,1.42,7.936,56.303,20.1404
02/07/2024 04:56:06.998,20.3657,31.7245,1.42,7.936,56.467,20.1396
02/07/2024 04:57:06.997,20.3651,31.7243,1.42,7.936,56.285,20.1393
02/07/2024 04:58:06.003,20.3639,31.7256,1.42,7.936,56.320,20.1389
02/07/2024 04:59:06.002,20.3626,31.7242,1.42,7.936,56.355,20.1384
02/07/2024 05:00:06.001,20.3607,31.7247,1.42,7.936,56.324,20.1378
02/07/2024 05:01:06.000,20.3577,31.7246,1.43,7.936,56.350,20.1379
02/07/2024 05:02:06.999,20.3580,31.7251,1.43,7.936,56.319,20.1368
02/07/2024 05:03:06.998,20.3603,31.7254,1.42,7.935,56.388,20.1360
02/07/2024 05:04:06.997,20.3620,31.7254,1.42,7.936,56.302,20.1356
02/07/2024 05:05:06.003,20.3628,31.7254,1.42,7.935,56.462,20.1339
02/07/2024 05:06:06.002,20.3631,31.7244,1.43,7.936,56.453,20.1352
02/07/2024 05:07:06.001,20.3620,31.7248,1.43,7.935,56.395,20.1341
02/07/2024 05:08:06.000,20.3602,31.7247,1.43,7.936,56.357,20.1333
02/07/2024 05:09:06.000,20.3590,31.7247,1.42,7.936,56.417,20.1327
02/07/2024 05:10:06.999,20.3547,31.7245,1.43,7.936,56.368,20.1322
02/07/2024 05:11:06.998,20.3534,31.7252,1.43,7.936,56.438,20.1316
02/07/2024 05:12:06.997,20.3532,31.7253,1.43,7.936,56.419,20.1312
02/07/2024 05:13:06.003,20.3544,31.7256,1.43,7.935,56.288,20.1312
02/07/2024 05:14:06.002,20.3560,31.7255,1.43,7.935,56.362,20.1304
02/07/2024 05:15:06.001,20.3566,31.7255,1.43,7.935,56.319,20.1294
02/07/2024 05:16:06.000,20.3566,31.7250,1.43,7.936,56.297,20.1292
02/07/2024 05:17:06.999,20.3557,31.7257,1.42,7.935,56.435,20.1290
02/07/2024 05:18:06.998,20.3556,31.7251,1.43,7.935,56.399,20.1284
02/07/2024 05:19:06.997,20.3535,31.7253,1.43,7.935,56.441,20.1275
02/07/2024 05:20:06.003,20.3523,31.7257,1.43,7.935,56.355,20.1269
02/07/2024 05:21:06.002,20.3515,31.7253,1.43,7.935,56.304,20.1264
02/07/2024 05:22:06.001,20.3501,31.7250,1.43,7.935,56.348,20.1257
02/07/2024 05:23:06.000,20.3493,31.7252,1.43,7.935,56.381,20.1252
02/07/2024 05:24:06.000,20.3486,31.7260,1.43,7.935,56.376,20.1244
02/07/2024 05:25:06.999,20.3495,31.7261,1.43,7.935,56.391,20.1242
02/07/2024 05:26:06.998,20.3500,31.7264,1.43,7.935,56.335,20.1236
02/07/2024 05:27:06.997,20.3492,31.7248,1.43,7.935,56.281,20.1231
02/07/2024 05:28:06.003,20.3481,31.7260,1.43,7.935,56.322,20.1229
02/07/2024 05:29:06.002,20.3471,31.7262,1.43,7.935,56.226,20.1220
02/07/2024 05:30:06.001,20.3462,31.7248,1.43,7.935,56.294,20.1211
02/07/2024 05:31:06.000,20.3433,31.7263,1.43,7.935,56.316,20.1213
02/07/2024 05:32:06.999,20.3428,31.7263,1.43,7.935,56.328,20.1204
02/07/2024 05:33:06.998,20.3415,31.7273,1.43,7.935,56.376,20.1195
02/07/2024 05:34:06.997,20.3431,31.7276,1.43,7.935,56.346,20.1196
02/07/2024 05:35:06.003,20.3422,31.7273,1.43,7.935,56.447,20.1188
02/07/2024 05:36:06.002,20.3440,31.7270,1.43,7.935,56.302,20.1186
02/07/2024 05:37:06.001,20.3439,31.7255,1.43,7.935,56.388,20.1182
02/07/2024 05:38:06.000,20.3423,31.7266,1.43,7.935,56.413,20.1173
02/07/2024 05:39:06.000,20.3407,31.7260,1.43,7.935,56.362,20.1169
02/07/2024 05:40:06.999,20.3399,31.7255,1.43,7.935,56.312,20.1157
02/07/2024 05:41:06.998,20.3394,31.7264,1.43,7.936,56.405,20.1164
02/07/2024 05:42:06.997,20.3383,31.7258,1.43,7.936,56.357,20.1160
02/07/2024 05:43:06.003,20.3358,31.7268,1.42,7.936,56.358,20.1150
02/07/2024 05:44:06.002,20.3362,31.7259,1.43,7.936,56.323,20.1144
02/07/2024 05:45:06.001,20.3362,31.7264,1.43,7.936,56.460,20.1138
02/07/2024 05:46:06.000,20.3376,31.7261,1.43,7.935,56.341,20.1128
02/07/2024 05:47:06.999,20.3369,31.7274,1.43,7.936,56.358,20.1130
02/07/2024 05:48:06.998,20.3374,31.7263,1.43,7.936,56.314,20.1125
02/07/2024 05:49:06.997,20.3355,31.7265,1.43,7.936,56.294,20.1117
02/07/2024 05:50:06.003,20.3349,31.7263,1.43,7.936,56.402,20.1107
02/07/2024 05:51:06.002,20.3318,31.7259,1.43,7.936,56.398,20.1104
02/07/2024 05:52:06.001,20.3302,31.7259,1.43,7.936,56.324,20.1100
02/07/2024 05:53:06.000,20.3300,31.7269,1.43,7.936,56.415,20.1093
02/07/2024 05:54:06.000,20.3303,31.7274,1.43,7.935,56.278,20.1088
02/07/2024 05:55:06.999,20.3307,31.7267,1.43,7.935,56.315,20.1085
02/07/2024 05:56:06.998,20.3304,31.7277,1.43,7.935,56.314,20.1080
02/07/2024 05:57:06.997,20.3314,31.7279,1.43,7.935,56.321,20.1074
02/07/2024 05:58:06.003,20.3310,31.7267,1.43,7.935,56.367,20.1074
02/07/2024 05:59:06.002,20.3291,31.7290,1.43,7.935,56.270,20.1068
02/07/2024 06:00:06.001,20.3296,31.7287,1.42,7.935,56.316,20.1063
02/07/2024 06:01:06.000,20.3309,31.7281,1.43,7.935,56.385,20.1060
02/07/2024 06:02:06.999,20.3304,31.7282,1.43,7.935,56.344,20.1053
02/07/2024 06:03:06.998,20.3317,31.7275,1.43,7.935,56.479,20.1048
02/07/2024 06:04:06.997,20.3328,31.7278,1.43,7.935,56.367,20.1044
02/07/2024 06:05:06.003,20.3339,31.7274,1.43,7.935,56.335,20.1035
02/07/2024 06:06:06.002,20.3340,31.7280,1.42,7.935,56.407,20.1033
02/07/2024 06:07:06.001,20.3343,31.7278,1.43,7.935,56.223,20.1030
02/07/2024 06:08:06.000,20.3334,31.7293,1.43,7.935,56.245,20.1024
02/07/2024 06:09:06.000,20.3342,31.7277,1.43,7.935,56.224,20.1021
02/07/2024 06:10:06.999,20.3342,31.7285,1.43,7.935,56.249,20.1017
02/07/2024 06:11:06.998,20.3342,31.7288,1.42,7.935,56.267,20.1009
02/07/2024 06:12:06.997,20.3358,31.7279,1.43,7.935,56.146,20.1009
02/07/2024 06:13:06.003,20.3365,31.7287,1.43,7.935,56.250,20.1007
02/07/2024 06:14:06.002,20.3365,31.7285,1.43,7.935,56.298,20.0999
02/07/2024 06:15:06.001,20.3366,31.7269,1.43,7.935,56.380,20.0997
02/07/2024 06:16:06.000,20.3363,31.7276,1.43,7.935,56.295,20.0992
02/07/2024 06:17:06.999,20.3361,31.7285,1.43,7.935,56.433,20.0990
02/07/2024 06:18:06.998,20.3357,31.7286,1.43,7.935,56.299,20.0986
02/07/2024 06:19:06.997,20.3361,31.7280,1.43,7.935,56.371,20.0984
02/07/2024 06:20:06.003,20.3354,31.7290,1.42,7.935,56.325,20.0983
02/07/2024 06:21:06.002,20.3356,31.7290,1.43,7.935,56.303,20.0977
02/07/2024 06:22:06.001,20.3367,31.7281,1.43,7.935,56.348,20.0977
02/07/2024 06:23:06.000,20.3373,31.7279,1.43,7.935,56.381,20.0969
02/07/2024 06:24:06.000,20.3373,31.7290,1.43,7.935,56.471,20.0960
02/07/2024 06:25:06.999,20.3376,31.7291,1.43,7.935,56.495,20.0956
02/07/2024 06:26:06.998,20.3398,31.7283,1.43,7.935,56.407,20.0953
02/07/2024 06:27:06.997,20.3415,31.7287,1.43,7.935,56.453,20.0949
02/07/2024 06:28:06.003,20.3425,31.7281,1.43,7.935,56.439,20.0947
02/07/2024 06:29:06.002,20.3434,31.7272,1.43,7.935,56.499,20.0950
02/07/2024 06:30:06.001,20.3438,31.7300,1.43,7.935,56.354,20.0944
02/07/2024 06:31:06.000,20.3445,31.7280,1.43,7.935,56.561,20.0943
02/07/2024 06:32:06.999,20.3445,31.7293,1.43,7.935,56.506,20.0941
02/07/2024 06:33:06.998,20.3454,31.7286,1.43,7.935,56.416,20.0938
02/07/2024 06:34:06.997,20.3465,31.7284,1.43,7.935,56.386,20.0933
02/07/2024 06:35:06.003,20.3459,31.7289,1.42,7.935,56.434,20.0932
02/07/2024 06:36:06.002,20.3471,31.7285,1.43,7.935,56.376,20.0928
02/07/2024 06:37:06.001,20.3483,31.7289,1.43,7.935,56.413,20.0926
02/07/2024 06:38:06.000,20.3489,31.7289,1.43,7.935,56.399,20.0923
02/07/2024 06:39:06.000,20.3494,31.7287,1.43,7.935,56.330,20.0919
02/07/2024 06:40:06.999,20.3498,31.7294,1.43,7.935,56.308,20.0915
02/07/2024 06:41:06.998,20.3507,31.7293,1.43,7.935,56.367,20.0916
02/07/2024 06:42:06.997,20.3516,31.7300,1.43,7.935,56.455,20.0912
02/07/2024 06:43:06.003,20.3522,31.7280,1.43,7.935,56.327,20.0912
02/07/2024 06:44:06.002,20.3521,31.7288,1.43,7.936,56.234,20.0911
02/07/2024 06:45:06.001,20.3527,31.7293,1.43,7.936,56.277,20.0906
02/07/2024 06:46:06.000,20.3539,31.7286,1.43,7.935,56.375,20.0905
02/07/2024 06:47:06.999,20.3531,31.7290,1.43,7.935,56.348,20.0904
02/07/2024 06:48:06.998,20.3542,31.7288,1.43,7.935,56.316,20.0902
02/07/2024 06:49:06.997,20.3554,31.7290,1.43,7.935,56.261,20.0899
02/07/2024 06:50:06.003,20.3562,31.7294,1.43,7.935,56.379,20.0896
02/07/2024 06:51:06.002,20.3573,31.7288,1.43,7.935,56.323,20.0903
02/07/2024 06:52:06.001,20.3577,31.7286,1.43,7.935,56.430,20.0896
02/07/2024 06:53:06.000,20.3579,31.7284,1.43,7.935,56.390,20.0897
02/07/2024 06:54:06.000,20.3579,31.7284,1.43,7.934,56.416,20.0890
02/07/2024 06:55:06.999,20.3583,31.7282,1.43,7.934,56.429,20.0891
02/07/2024 06:56:06.998,20.3580,31.7287,1.43,7.934,56.396,20.0884
02/07/2024 06:57:06.997,20.3590,31.7292,1.43,7.934,56.337,20.0887
02/07/2024 06:58:06.003,20.3598,31.7298,1.43,7.934,56.315,20.0881
02/07/2024 06:59:06.002,20.3598,31.7291,1.43,7.934,56.355,20.0882
02/07/2024 07:00:06.001,20.3602,31.7298,1.43,7.934,56.293,20.0875
02/07/2024 07:01:06.000,20.3589,31.7290,1.43,7.933,56.386,20.0879
02/07/2024 07:02:06.999,20.3587,31.7280,1.43,7.933,56.325,20.0881
02/07/2024 07:03:06.998,20.3573,31.7292,1.43,7.933,56.425,20.0878
02/07/2024 07:04:06.997,20.3572,31.7282,1.43,7.933,56.326,20.0881
02/07/2024 07:05:06.003,20.3561,31.7287,1.43,7.933,56.309,20.0879
02/07/2024 07:06:06.002,20.3563,31.7296,1.43,7.933,56.368,20.0858
02/07/2024 07:07:06.001,20.3567,31.7287,1.43,7.933,56.361,20.0869
02/07/2024 07:08:06.000,20.3564,31.7293,1.43,7.933,56.323,20.0872
02/07/2024 07:09:06.000,20.3564,31.7290,1.43,7.933,56.324,20.0867
02/07/2024 07:10:06.999,20.3572,31.7298,1.43,7.933,56.302,20.0869
02/07/2024 07:11:06.998,20.3569,31.7288,1.43,7.933,56.353,20.0867
02/07/2024 07:12:06.997,20.3571,31.7283,1.43,7.933,56.333,20.0865
02/07/2024 07:13:06.003,20.3561,31.7296,1.43,7.932,56.427,20.0863
02/07/2024 07:14:06.002,20.3563,31.7291,1.43,7.932,56.418,20.0858
02/07/2024 07:15:06.001,20.3564,31.7295,1.43,7.932,56.314,20.0860
02/07/2024 07:16:06.000,20.3564,31.7292,1.43,7.932,56.288,20.0861
02/07/2024 07:17:06.999,20.3566,31.7282,1.43,7.932,56.344,20.0855
02/07/2024 07:18:06.998,20.3556,31.7287,1.43,7.932,56.381,20.0852
02/07/2024 07:19:06.997,20.3561,31.7292,1.43,7.932,56.396,20.0858
02/07/2024 07:20:06.003,20.3563,31.7296,1.43,7.932,56.428,20.0846
02/07/2024 07:21:06.002,20.3569,31.7299,1.43,7.932,56.374,20.0853
02/07/2024 07:22:06.001,20.3567,31.7293,1.43,7.932,56.314,20.0855
02/07/2024 07:23:06.000,20.3573,31.7291,1.43,7.932,56.411,20.0845
02/07/2024 07:24:06.000,20.3581,31.7303,1.42,7.932,56.381,20.0844
02/07/2024 07:25:06.999,20.3572,31.7304,1.43,7.931,56.424,20.0845
02/07/2024 07:26:06.998,20.3590,31.7293,1.43,7.931,56.431,20.0842
02/07/2024 07:27:06.997,20.3591,31.7295,1.43,7.931,56.324,20.0844
02/07/2024 07:28:06.003,20.3597,31.7305,1.43,7.931,56.284,20.0841
02/07/2024 07:29:06.002,20.3612,31.7299,1.43,7.931,56.392,20.0839
02/07/2024 07:30:06.001,20.3613,31.7297,1.42,7.931,56.286,20.0843
02/07/2024 07:31:06.000,20.3613,31.7293,1.43,7.931,56.377,20.0838
02/07/2024 07:32:06.999,20.3620,31.7301,1.43,7.931,56.298,20.0832
02/07/2024 07:33:06.998,20.3623,31.7290,1.43,7.931,56.334,20.0838
02/07/2024 07:34:06.997,20.3619,31.7289,1.43,7.930,56.367,20.0835
02/07/2024 07:35:06.003,20.3619,31.7293,1.43,7.930,56.363,20.0836
02/07/2024 07:36:06.002,20.3614,31.7290,1.43,7.930,56.148,20.0837
02/07/2024 07:37:06.001,20.3617,31.7302,1.43,7.930,56.340,20.0839
02/07/2024 07:38:06.000,20.3622,31.7301,1.43,7.930,56.446,20.0835
02/07/2024 07:39:06.000,20.3630,31.7305,1.43,7.930,56.348,20.0830
02/07/2024 07:40:06.999,20.3635,31.7310,1.43,7.930,56.282,20.0831
02/07/2024 07:41:06.998,20.3630,31.7301,1.43,7.929,56.251,20.0832
02/07/2024 07:42:06.997,20.3638,31.7302,1.43,7.930,56.390,20.0830
02/07/2024 07:43:06.003,20.3643,31.7298,1.43,7.929,56.393,20.0832
02/07/2024 07:44:06.002,20.3651,31.7307,1.43,7.929,56.425,20.0829
02/07/2024 07:45:06.001,20.3645,31.7291,1.43,7.929,56.355,20.0828
02/07/2024 07:46:06.000,20.3643,31.7303,1.43,7.929,56.454,20.0831
02/07/2024 07:47:06.999,20.3647,31.7311,1.43,7.929,56.264,20.0823
02/07/2024 07:48:06.998,20.3647,31.7301,1.43,7.929,56.379,20.0823
02/07/2024 07:49:06.997,20.3663,31.7299,1.43,7.929,56.268,20.0824
02/07/2024 07:50:06.003,20.3668,31.7297,1.43,7.928,56.272,20.0820
02/07/2024 07:51:06.002,20.3668,31.7305,1.43,7.928,56.461,20.0823
02/07/2024 07:52:06.001,20.3672,31.7302,1.43,7.928,56.329,20.0822
02/07/2024 07:53:06.000,20.3674,31.7296,1.43,7.928,56.281,20.0818
02/07/2024 07:54:06.000,20.3678,31.7300,1.43,7.928,56.280,20.0821
02/07/2024 07:55:06.999,20.3671,31.7298,1.43,7.928,56.372,20.0821
02/07/2024 07:56:06.998,20.3687,31.7293,1.43,7.928,56.325,20.0820
02/07/2024 07:57:06.997,20.3686,31.7301,1.43,7.928,56.401,20.0814
02/07/2024 07:58:06.003,20.3677,31.7313,1.43,7.928,56.261,20.0814
02/07/2024 07:59:06.002,20.3688,31.7300,1.43,7.928,56.270,20.0816
02/07/2024 08:00:06.001,20.3686,31.7308,1.43,7.928,56.371,20.0815
02/07/2024 08:01:06.000,20.3702,31.7307,1.43,7.927,56.285,20.0820
02/07/2024 08:02:06.999,20.3707,31.7294,1.43,7.927,56.350,20.0820
02/07/2024 08:03:06.998,20.3693,31.7305,1.43,7.927,56.358,20.0817
02/07/2024 08:04:06.997,20.3697,31.7308,1.42,7.928,56.332,20.0819
02/07/2024 08:05:06.003,20.3706,31.7303,1.43,7.928,56.306,20.0806
02/07/2024 08:06:06.002,20.3709,31.7299,1.43,7.928,56.172,20.0818
02/07/2024 08:07:06.001,20.3699,31.7305,1.43,7.928,56.282,20.0815
02/07/2024 08:08:06.000,20.3703,31.7314,1.43,7.929,56.197,20.0820
02/07/2024 08:09:06.000,20.3710,31.7309,1.43,7.929,56.240,20.0819
02/07/2024 08:10:06.999,20.3715,31.7316,1.43,7.928,56.156,20.0817
02/07/2024 08:11:06.998,20.3715,31.7325,1.43,7.928,56.238,20.0814
02/07/2024 08:12:06.997,20.3731,31.7309,1.43,7.928,56.366,20.0810
02/07/2024 08:13:06.003,20.3745,31.7298,1.43,7.928,56.282,20.0809
02/07/2024 08:14:06.002,20.3743,31.7303,1.42,7.927,56.260,20.0815
02/07/2024 08:15:06.001,20.3756,31.7311,1.43,7.927,56.324,20.0811
02/07/2024 08:16:06.000,20.3774,31.7304,1.42,7.927,56.193,20.0815
02/07/2024 08:17:06.999,20.3770,31.7312,1.43,7.927,56.312,20.0813
02/07/2024 08:18:06.998,20.3766,31.7298,1.43,7.927,56.135,20.0817
02/07/2024 08:19:06.997,20.3766,31.7316,1.43,7.927,56.251,20.0816
02/07/2024 08:20:06.003,20.3775,31.7304,1.43,7.927,56.274,20.0820
02/07/2024 08:21:06.002,20.3790,31.7301,1.43,7.926,56.176,20.0822
02/07/2024 08:22:06.001,20.3803,31.7298,1.43,7.926,56.209,20.0818
02/07/2024 08:23:06.000,20.3800,31.7300,1.43,7.926,56.220,20.0815
02/07/2024 08:24:06.000,20.3802,31.7312,1.43,7.926,56.228,20.0819
02/07/2024 08:25:06.999,20.3795,31.7300,1.43,7.926,56.185,20.0815
02/07/2024 08:26:06.998,20.3816,31.7304,1.43,7.926,56.270,20.0820
02/07/2024 08:27:06.997,20.3823,31.7312,1.43,7.926,56.213,20.0816
02/07/2024 08:28:06.003,20.3829,31.7313,1.43,7.926,56.198,20.0818
02/07/2024 08:29:06.002,20.3819,31.7315,1.43,7.926,56.202,20.0822
02/07/2024 08:30:06.001,20.3836,31.7313,1.43,7.926,56.182,20.0820
02/07/2024 08:31:06.000,20.3852,31.7312,1.43,7.925,56.204,20.0819
02/07/2024 08:32:06.999,20.3866,31.7303,1.43,7.925,56.199,20.0821
02/07/2024 08:33:06.998,20.3880,31.7302,1.43,7.925,56.233,20.0823
02/07/2024 08:34:06.997,20.3886,31.7302,1.43,7.925,56.250,20.0827
02/07/2024 08:35:06.003,20.3876,31.7310,1.43,7.925,56.351,20.0828
02/07/2024 08:36:06.002,20.3883,31.7304,1.43,7.925,56.304,20.0828
02/07/2024 08:37:06.001,20.3885,31.7316,1.43,7.925,56.305,20.0827
02/07/2024 08:38:06.000,20.3892,31.7308,1.43,7.925,56.349,20.0828
02/07/2024 08:39:06.000,20.3891,31.7307,1.43,7.925,56.354,20.0826
02/07/2024 08:40:06.999,20.3897,31.7316,1.43,7.925,56.308,20.0823
02/07/2024 08:41:06.998,20.3910,31.7308,1.43,7.925,56.182,20.0830
02/07/2024 08:42:06.997,20.3922,31.7311,1.43,7.925,56.268,20.0832
02/07/2024 08:43:06.003,20.3918,31.7311,1.43,7.925,56.362,20.0831
02/07/2024 08:44:06.002,20.3940,31.7310,1.43,7.925,56.472,20.0833
02/07/2024 08:45:06.001,20.3941,31.7314,1.43,7.925,56.228,20.0836
02/07/2024 08:46:06.000,20.3943,31.7316,1.43,7.925,56.192,20.0836
02/07/2024 08:47:06.999,20.3964,31.7314,1.43,7.925,56.305,20.0836
02/07/2024 08:48:06.998,20.3969,31.7321,1.43,7.925,56.255,20.0842
02/07/2024 08:49:06.997,20.3968,31.7315,1.43,7.925,56.319,20.0843
02/07/2024 08:50:06.003,20.3964,31.7312,1.43,7.925,56.151,20.0840
02/07/2024 08:51:06.002,20.3964,31.7312,1.43,7.925,56.174,20.0843
02/07/2024 08:52:06.001,20.3965,31.7298,1.43,7.925,56.159,20.0853
02/07/2024 08:53:06.000,20.3957,31.7310,1.43,7.925,56.233,20.0848
02/07/2024 08:54:06.000,20.3960,31.7317,1.43,7.925,56.303,20.0843
02/07/2024 08:55:06.999,20.3979,31.7308,1.43,7.925,56.177,20.0850
