Cruise namePNNL Tank
cast nameCast 168
cruise start date15/08/2023
cruise end date15/08/2023
02/07/2024 08:57:07.000,20.3982,31.7320,1.43,7.925,56.157,20.0848
02/07/2024 08:58:07.000,20.3984,31.7305,1.43,7.925,56.112,20.0859
02/07/2024 08:59:07.000,20.3984,31.7305,1.43,7.925,56.083,20.0854
02/07/2024 09:00:07.000,20.3984,31.7315,1.43,7.926,56.208,20.0856
02/07/2024 09:01:07.000,20.3986,31.7290,1.43,7.926,56.105,20.0868
02/07/2024 09:02:07.000,20.3979,31.7314,1.43,7.926,56.123,20.0869
02/07/2024 09:03:07.000,20.3974,31.7311,1.43,7.926,56.082,20.0867
02/07/2024 09:04:07.000,20.3989,31.7316,1.43,7.926,56.172,20.0868
02/07/2024 09:05:07.000,20.3981,31.7311,1.43,7.926,56.186,20.0867
02/07/2024 09:06:07.000,20.3999,31.7307,1.43,7.926,56.142,20.0872
02/07/2024 09:07:07.000,20.4000,31.7293,1.43,7.926,56.265,20.0870
02/07/2024 09:08:07.000,20.3963,31.7308,1.43,7.926,56.236,20.0869
02/07/2024 09:09:07.000,20.3961,31.7302,1.43,7.926,56.238,20.0882
02/07/2024 09:10:07.000,20.3941,31.7303,1.43,7.926,56.187,20.0887
02/07/2024 09:11:07.000,20.3944,31.7306,1.43,7.926,56.279,20.0884
02/07/2024 09:12:07.000,20.3914,31.7314,1.43,7.926,56.142,20.0886
02/07/2024 09:13:07.000,20.3921,31.7311,1.43,7.926,56.210,20.0893
02/07/2024 09:14:07.000,20.3927,31.7324,1.44,7.926,56.245,20.0900
02/07/2024 09:15:07.000,20.3925,31.7311,1.43,7.927,56.264,20.0903
02/07/2024 09:16:07.000,20.3905,31.7313,1.44,7.927,56.233,20.0904
02/07/2024 09:17:07.000,20.3900,31.7315,1.43,7.927,56.374,20.0908
02/07/2024 09:18:07.000,20.3904,31.7325,1.44,7.927,56.317,20.0913
02/07/2024 09:19:07.000,20.3921,31.7323,1.43,7.927,56.299,20.0920
02/07/2024 09:20:07.000,20.3914,31.7321,1.44,7.927,56.169,20.0917
02/07/2024 09:21:07.000,20.3905,31.7336,1.44,7.927,56.411,20.0924
02/07/2024 09:22:07.000,20.3921,31.7309,1.43,7.926,56.170,20.0931
02/07/2024 09:23:07.000,20.3915,31.7306,1.44,7.926,56.282,20.0939
02/07/2024 09:24:07.000,20.3911,31.7307,1.44,7.926,56.183,20.0936
02/07/2024 09:25:07.000,20.3897,31.7307,1.44,7.927,56.284,20.0943
02/07/2024 09:26:07.000,20.3885,31.7318,1.44,7.926,56.392,20.0939
02/07/2024 09:27:07.000,20.3908,31.7316,1.44,7.926,56.125,20.0953
02/07/2024 09:28:07.000,20.3908,31.7329,1.44,7.926,56.129,20.0954
02/07/2024 09:29:07.000,20.3920,31.7336,1.44,7.926,56.274,20.0948
02/07/2024 09:30:07.000,20.3948,31.7334,1.44,7.926,56.226,20.0947
02/07/2024 09:31:07.000,20.3965,31.7325,1.44,7.926,56.413,20.0950
02/07/2024 09:32:07.000,20.3984,31.7316,1.44,7.926,56.294,20.0956
02/07/2024 09:33:07.000,20.3992,31.7336,1.44,7.926,56.194,20.0959
02/07/2024 09:34:07.000,20.3998,31.7322,1.44,7.926,56.173,20.0960
02/07/2024 09:35:07.000,20.4011,31.7313,1.43,7.926,56.110,20.0964
02/07/2024 09:36:07.000,20.4007,31.7314,1.44,7.926,56.260,20.0973
02/07/2024 09:37:07.000,20.4006,31.7311,1.44,7.926,56.213,20.0979
02/07/2024 09:38:07.000,20.4009,31.7329,1.44,7.926,56.254,20.0979
02/07/2024 09:39:07.000,20.3998,31.7324,1.44,7.926,56.254,20.0971
02/07/2024 09:40:07.000,20.3991,31.7319,1.44,7.926,56.254,20.0961
02/07/2024 09:41:07.000,20.3994,31.7318,1.44,7.926,56.357,20.0962
02/07/2024 09:42:07.000,20.3996,31.7310,1.44,7.925,56.111,20.0969
02/07/2024 09:43:07.000,20.3983,31.7340,1.44,7.925,56.314,20.0962
02/07/2024 09:44:07.000,20.3983,31.7309,1.44,7.925,56.172,20.0968
02/07/2024 09:45:07.000,20.3977,31.7322,1.44,7.925,56.361,20.0965
02/07/2024 09:46:07.000,20.3985,31.7316,1.44,7.925,56.324,20.0963
02/07/2024 09:47:07.000,20.3991,31.7324,1.44,7.925,56.311,20.0962
02/07/2024 09:48:07.000,20.3992,31.7305,1.44,7.925,56.369,20.0964
02/07/2024 09:49:07.000,20.3974,31.7323,1.44,7.925,56.301,20.0962
02/07/2024 09:50:07.000,20.3971,31.7340,1.44,7.925,56.222,20.0967
02/07/2024 09:51:07.000,20.3979,31.7318,1.44,7.925,56.260,20.0955
02/07/2024 09:52:07.000,20.3976,31.7332,1.44,7.926,56.242,20.0966
02/07/2024 09:53:07.000,20.3984,31.7320,1.44,7.925,56.256,20.0963
02/07/2024 09:54:07.000,20.3977,31.7325,1.43,7.925,56.236,20.0966
02/07/2024 09:55:07.000,20.3969,31.7327,1.44,7.925,56.229,20.0964
02/07/2024 09:56:07.000,20.3980,31.7320,1.44,7.925,56.336,20.0964
02/07/2024 09:57:07.000,20.3992,31.7305,1.44,7.925,56.258,20.0972
02/07/2024 09:58:07.000,20.3982,31.7330,1.43,7.925,56.273,20.0966
02/07/2024 09:59:07.000,20.3972,31.7323,1.44,7.925,56.398,20.0963
02/07/2024 10:00:07.000,20.3970,31.7324,1.44,7.925,56.310,20.0967
02/07/2024 10:01:07.000,20.3963,31.7327,1.44,7.925,56.253,20.0962
02/07/2024 10:02:07.000,20.3978,31.7329,1.44,7.925,56.220,20.0968
02/07/2024 10:03:07.000,20.3979,31.7322,1.44,7.925,56.304,20.0960
02/07/2024 10:04:07.000,20.3979,31.7333,1.44,7.925,56.106,20.0961
02/07/2024 10:05:07.000,20.3971,31.7330,1.44,7.925,56.229,20.0958
02/07/2024 10:06:07.000,20.3962,31.7322,1.44,7.925,56.185,20.0960
02/07/2024 10:07:07.000,20.3968,31.7336,1.44,7.925,56.246,20.0964
02/07/2024 10:08:07.000,20.3973,31.7322,1.44,7.925,56.201,20.0949
02/07/2024 10:09:07.000,20.3976,31.7338,1.44,7.925,56.380,20.0956
02/07/2024 10:10:07.000,20.3968,31.7344,1.44,7.925,56.277,20.0960
02/07/2024 10:11:07.000,20.3965,31.7333,1.44,7.924,56.215,20.0961
02/07/2024 10:12:07.000,20.3966,31.7334,1.44,7.925,56.153,20.0964
02/07/2024 10:13:07.000,20.3964,31.7325,1.44,7.924,56.213,20.0956
02/07/2024 10:14:07.000,20.3972,31.7330,1.44,7.925,56.172,20.0961
02/07/2024 10:15:07.000,20.3964,31.7332,1.44,7.925,56.124,20.0965
02/07/2024 10:16:07.000,20.3969,31.7328,1.44,7.925,56.349,20.0964
02/07/2024 10:17:07.000,20.3950,31.7333,1.43,7.925,56.285,20.0960
02/07/2024 10:18:07.000,20.3963,31.7328,1.44,7.925,56.265,20.0959
02/07/2024 10:19:07.000,20.3935,31.7335,1.44,7.925,56.228,20.0961
02/07/2024 10:20:07.000,20.3951,31.7341,1.44,7.924,56.403,20.0952
02/07/2024 10:21:07.000,20.3945,31.7326,1.43,7.925,56.194,20.0954
02/07/2024 10:22:07.000,20.3936,31.7342,1.44,7.924,56.338,20.0963
02/07/2024 10:23:07.000,20.3939,31.7333,1.44,7.924,56.351,20.0957
02/07/2024 10:24:07.000,20.3945,31.7330,1.43,7.924,56.376,20.0964
02/07/2024 10:25:07.000,20.3946,31.7335,1.44,7.924,56.175,20.0952
02/07/2024 10:26:07.000,20.3961,31.7323,1.44,7.924,56.217,20.0950
02/07/2024 10:27:07.000,20.3951,31.7334,1.43,7.924,56.217,20.0960
02/07/2024 10:28:07.000,20.3947,31.7336,1.44,7.924,56.256,20.0963
02/07/2024 10:29:07.000,20.3964,31.7326,1.44,7.924,56.240,20.0959
02/07/2024 10:30:07.000,20.3958,31.7334,1.44,7.924,56.225,20.0964
02/07/2024 10:31:07.000,20.3966,31.7336,1.44,7.924,56.272,20.0955
02/07/2024 10:32:07.000,20.3980,31.7343,1.44,7.924,56.166,20.0963
02/07/2024 10:33:07.000,20.3986,31.7331,1.44,7.924,56.277,20.0962
02/07/2024 10:34:07.000,20.3977,31.7330,1.44,7.924,56.357,20.0962
02/07/2024 10:35:07.000,20.3978,31.7334,1.44,7.923,56.313,20.0952
02/07/2024 10:36:07.000,20.3979,31.7337,1.44,7.923,56.246,20.0955
02/07/2024 10:37:07.000,20.3985,31.7349,1.44,7.923,56.219,20.0950
02/07/2024 10:38:07.000,20.3986,31.7333,1.44,7.923,56.254,20.0961
02/07/2024 10:39:07.000,20.3976,31.7337,1.44,7.923,56.211,20.0961
02/07/2024 10:40:07.000,20.3984,31.7329,1.44,7.923,56.312,20.0966
02/07/2024 10:41:07.000,20.3991,31.7346,1.44,7.922,56.277,20.0961
02/07/2024 10:42:07.000,20.3967,31.7331,1.44,7.922,56.309,20.0959
02/07/2024 10:43:07.000,20.3960,31.7347,1.44,7.922,56.281,20.0962
02/07/2024 10:44:07.000,20.3973,31.7338,1.44,7.922,56.319,20.0954
02/07/2024 10:45:07.000,20.3973,31.7339,1.44,7.922,56.292,20.0957
02/07/2024 10:46:07.000,20.3979,31.7352,1.44,7.922,56.223,20.0949
02/07/2024 10:47:07.000,20.3993,31.7343,1.43,7.922,56.244,20.0948
02/07/2024 10:48:07.000,20.3993,31.7341,1.44,7.922,56.234,20.0963
02/07/2024 10:49:07.000,20.3987,31.7327,1.44,7.922,56.189,20.0963
02/07/2024 10:50:07.000,20.3980,31.7342,1.43,7.922,56.160,20.0964
02/07/2024 10:51:07.000,20.3987,31.7347,1.44,7.923,56.210,20.0967
02/07/2024 10:52:07.000,20.3995,31.7333,1.44,7.922,56.183,20.0952
02/07/2024 10:53:07.000,20.3990,31.7350,1.44,7.922,56.212,20.0959
02/07/2024 10:54:07.000,20.4006,31.7336,1.44,7.922,56.276,20.0955
02/07/2024 10:55:07.000,20.4007,31.7337,1.44,7.922,56.239,20.0964
02/07/2024 10:56:07.000,20.4007,31.7350,1.44,7.922,56.267,20.0963
02/07/2024 10:57:07.000,20.4014,31.7338,1.44,7.923,56.200,20.0965
02/07/2024 10:58:07.000,20.4011,31.7329,1.44,7.923,56.326,20.0965
02/07/2024 10:59:07.000,20.4021,31.7329,1.44,7.922,56.349,20.0956
02/07/2024 11:00:07.000,20.4018,31.7331,1.44,7.923,56.330,20.0970
02/07/2024 11:01:07.000,20.4004,31.7338,1.44,7.923,56.209,20.0948
02/07/2024 11:02:07.000,20.4008,31.7346,1.44,7.923,56.228,20.0971
02/07/2024 11:03:07.000,20.4010,31.7342,1.44,7.923,56.182,20.0971
02/07/2024 11:04:07.000,20.4017,31.7347,1.44,7.923,56.270,20.0974
02/07/2024 11:05:07.000,20.4008,31.7357,1.44,7.923,56.293,20.0977
02/07/2024 11:06:07.000,20.4014,31.7350,1.44,7.923,56.259,20.0970
02/07/2024 11:07:07.000,20.3998,31.7352,1.44,7.923,56.341,20.0975
02/07/2024 11:08:07.000,20.3987,31.7336,1.44,7.922,56.414,20.0975
02/07/2024 11:09:07.000,20.3986,31.7348,1.44,7.922,56.290,20.0975
02/07/2024 11:10:07.000,20.4000,31.7346,1.44,7.922,56.156,20.0973
02/07/2024 11:11:07.000,20.4001,31.7342,1.45,7.923,56.162,20.0971
02/07/2024 11:12:07.000,20.3996,31.7348,1.44,7.923,56.364,20.0968
02/07/2024 11:13:07.000,20.4002,31.7356,1.44,7.923,56.199,20.0972
02/07/2024 11:14:07.000,20.4010,31.7334,1.44,7.923,56.224,20.0976
02/07/2024 11:15:07.000,20.4004,31.7337,1.44,7.923,56.330,20.0974
02/07/2024 11:16:07.000,20.4013,31.7352,1.44,7.923,56.237,20.0967
02/07/2024 11:17:07.000,20.4013,31.7346,1.44,7.923,56.140,20.0967
02/07/2024 11:18:07.000,20.4020,31.7355,1.44,7.923,56.298,20.0975
02/07/2024 11:19:07.000,20.4015,31.7350,1.44,7.923,56.329,20.0974
02/07/2024 11:20:07.000,20.4005,31.7356,1.44,7.923,56.173,20.0977
02/07/2024 11:21:07.000,20.4016,31.7346,1.44,7.923,56.119,20.0974
02/07/2024 11:22:07.000,20.4011,31.7343,1.44,7.923,56.185,20.0978
02/07/2024 11:23:07.000,20.4011,31.7358,1.44,7.924,56.258,20.0980
02/07/2024 11:24:07.000,20.4011,31.7341,1.44,7.924,56.244,20.0965
02/07/2024 11:25:07.000,20.4019,31.7357,1.44,7.924,56.274,20.0976
02/07/2024 11:26:07.000,20.4018,31.7346,1.44,7.924,56.190,20.0974
02/07/2024 11:27:07.000,20.4017,31.7364,1.44,7.924,56.352,20.0976
02/07/2024 11:28:07.000,20.4031,31.7353,1.44,7.924,56.209,20.0969
02/07/2024 11:29:07.000,20.4030,31.7364,1.44,7.925,56.120,20.0976
02/07/2024 11:30:07.000,20.4045,31.7350,1.44,7.925,56.231,20.0981
02/07/2024 11:31:07.000,20.4049,31.7355,1.44,7.925,56.183,20.0976
02/07/2024 11:32:07.000,20.4051,31.7349,1.44,7.925,56.234,20.0976
02/07/2024 11:33:07.000,20.4050,31.7349,1.44,7.924,56.209,20.0982
02/07/2024 11:34:07.000,20.4061,31.7352,1.44,7.924,56.283,20.0972
02/07/2024 11:35:07.000,20.4067,31.7359,1.44,7.924,56.281,20.0982
02/07/2024 11:36:07.000,20.4080,31.7353,1.44,7.924,56.372,20.0988
02/07/2024 11:37:07.000,20.4083,31.7339,1.44,7.924,56.294,20.0984
02/07/2024 11:38:07.000,20.4084,31.7352,1.44,7.924,56.298,20.0982
02/07/2024 11:39:07.000,20.4081,31.7365,1.44,7.924,56.249,20.0982
02/07/2024 11:40:07.000,20.4106,31.7348,1.44,7.924,56.215,20.0986
02/07/2024 11:41:07.000,20.4116,31.7359,1.44,7.924,56.141,20.0987
02/07/2024 11:42:07.000,20.4119,31.7346,1.44,7.924,56.294,20.0987
02/07/2024 11:43:07.000,20.4126,31.7347,1.44,7.924,56.188,20.0991
02/07/2024 11:44:07.000,20.4123,31.7365,1.44,7.924,56.267,20.0982
02/07/2024 11:45:07.000,20.4147,31.7354,1.44,7.924,56.170,20.0991
02/07/2024 11:46:07.000,20.4145,31.7356,1.44,7.924,56.207,20.0992
02/07/2024 11:47:07.000,20.4139,31.7362,1.44,7.924,56.232,20.0990
02/07/2024 11:48:07.000,20.4140,31.7365,1.44,7.924,56.273,20.0993
02/07/2024 11:49:07.000,20.4161,31.7358,1.44,7.924,56.252,20.0991
02/07/2024 11:50:07.000,20.4175,31.7357,1.44,7.924,56.370,20.0993
02/07/2024 11:51:07.000,20.4179,31.7355,1.44,7.924,56.268,20.0996
02/07/2024 11:52:07.000,20.4180,31.7371,1.44,7.924,56.255,20.0996
02/07/2024 11:53:07.000,20.4209,31.7349,1.44,7.924,56.242,20.1007
02/07/2024 11:54:07.000,20.4213,31.7352,1.44,7.924,56.279,20.0998
02/07/2024 11:55:07.000,20.4217,31.7349,1.44,7.924,56.277,20.0995
02/07/2024 11:56:07.000,20.4222,31.7350,1.44,7.924,56.243,20.1006
02/07/2024 11:57:07.000,20.4220,31.7345,1.44,7.924,56.248,20.1007
02/07/2024 11:58:07.000,20.4229,31.7337,1.44,7.924,56.340,20.1005
02/07/2024 11:59:07.000,20.4210,31.7368,1.44,7.924,56.351,20.1006
02/07/2024 12:00:07.000,20.4221,31.7353,1.44,7.924,56.230,20.1010
02/07/2024 12:01:07.000,20.4196,31.7357,1.44,7.924,56.340,20.0996
02/07/2024 12:02:07.000,20.4203,31.7355,1.44,7.924,56.386,20.1013
02/07/2024 12:03:07.000,20.4208,31.7357,1.44,7.924,56.461,20.1018
02/07/2024 12:04:07.000,20.4212,31.7354,1.44,7.924,56.359,20.1018
02/07/2024 12:05:07.000,20.4205,31.7359,1.44,7.924,56.392,20.1024
02/07/2024 12:06:07.000,20.4205,31.7356,1.44,7.925,56.344,20.1021
02/07/2024 12:07:07.000,20.4195,31.7366,1.44,7.925,56.307,20.1020
02/07/2024 12:08:07.000,20.4200,31.7369,1.44,7.925,56.289,20.1024
02/07/2024 12:09:07.000,20.4215,31.7357,1.44,7.925,56.163,20.1024
02/07/2024 12:10:07.000,20.4221,31.7353,1.44,7.925,56.235,20.1028
02/07/2024 12:11:07.000,20.4221,31.7363,1.44,7.925,56.267,20.1031
02/07/2024 12:12:07.000,20.4222,31.7361,1.44,7.925,56.200,20.1025
02/07/2024 12:13:07.000,20.4241,31.7356,1.44,7.925,56.162,20.1032
02/07/2024 12:14:07.000,20.4240,31.7363,1.44,7.925,56.213,20.1028
02/07/2024 12:15:07.000,20.4250,31.7363,1.44,7.925,56.307,20.1034
02/07/2024 12:16:07.000,20.4254,31.7365,1.44,7.925,56.068,20.1035
02/07/2024 12:17:07.000,20.4262,31.7380,1.44,7.925,56.152,20.1033
02/07/2024 12:18:07.000,20.4258,31.7372,1.44,7.925,56.369,20.1033
02/07/2024 12:19:07.000,20.4263,31.7355,1.44,7.925,56.333,20.1041
02/07/2024 12:20:07.000,20.4260,31.7368,1.44,7.925,56.325,20.1041
02/07/2024 12:21:07.000,20.4275,31.7362,1.44,7.925,56.287,20.1045
02/07/2024 12:22:07.000,20.4275,31.7361,1.44,7.925,56.358,20.1043
02/07/2024 12:23:07.000,20.4270,31.7370,1.44,7.925,56.341,20.1041
02/07/2024 12:24:07.000,20.4270,31.7360,1.44,7.925,56.415,20.1047
02/07/2024 12:25:07.000,20.4272,31.7360,1.44,7.925,56.374,20.1045
02/07/2024 12:26:07.000,20.4275,31.7361,1.45,7.925,56.268,20.1044
02/07/2024 12:27:07.000,20.4282,31.7366,1.44,7.925,56.349,20.1045
02/07/2024 12:28:07.000,20.4300,31.7353,1.44,7.925,56.313,20.1054
02/07/2024 12:29:07.000,20.4293,31.7371,1.44,7.925,56.333,20.1058
02/07/2024 12:30:07.000,20.4305,31.7371,1.44,7.925,56.212,20.1058
02/07/2024 12:31:07.000,20.4311,31.7361,1.44,7.925,56.307,20.1060
02/07/2024 12:32:07.000,20.4307,31.7365,1.44,7.925,56.326,20.1062
02/07/2024 12:33:07.000,20.4300,31.7389,1.44,7.925,56.374,20.1059
02/07/2024 12:34:07.000,20.4318,31.7355,1.44,7.925,56.317,20.1067
02/07/2024 12:35:07.000,20.4326,31.7363,1.44,7.925,56.347,20.1073
02/07/2024 12:36:07.000,20.4320,31.7356,1.44,7.925,56.246,20.1072
02/07/2024 12:37:07.000,20.4322,31.7361,1.44,7.925,56.305,20.1062
02/07/2024 12:38:07.000,20.4332,31.7362,1.44,7.925,56.351,20.1063
02/07/2024 12:39:07.000,20.4336,31.7361,1.44,7.925,56.514,20.1074
02/07/2024 12:40:07.000,20.4335,31.7367,1.44,7.925,56.253,20.1078
02/07/2024 12:41:07.000,20.4349,31.7347,1.44,7.925,56.318,20.1068
02/07/2024 12:42:07.000,20.4346,31.7375,1.44,7.925,56.266,20.1077
02/07/2024 12:43:07.000,20.4350,31.7375,1.44,7.925,56.238,20.1082
02/07/2024 12:44:07.000,20.4340,31.7371,1.44,7.925,56.361,20.1084
02/07/2024 12:45:07.000,20.4347,31.7364,1.44,7.925,56.268,20.1081
02/07/2024 12:46:07.000,20.4344,31.7365,1.44,7.925,56.200,20.1083
02/07/2024 12:47:07.000,20.4350,31.7376,1.44,7.925,56.275,20.1087
02/07/2024 12:48:07.000,20.4351,31.7371,1.44,7.925,56.244,20.1087
02/07/2024 12:49:07.000,20.4359,31.7374,1.44,7.925,56.331,20.1092
02/07/2024 12:50:07.000,20.4375,31.7366,1.44,7.925,56.307,20.1094
02/07/2024 12:51:07.000,20.4368,31.7360,1.44,7.925,56.418,20.1084
02/07/2024 12:52:07.000,20.4371,31.7378,1.44,7.925,56.427,20.1096
02/07/2024 12:53:07.000,20.4378,31.7379,1.44,7.925,56.391,20.1092
02/07/2024 12:54:07.000,20.4383,31.7364,1.44,7.925,56.439,20.1102
02/07/2024 12:55:07.000,20.4392,31.7375,1.44,7.925,56.203,20.1102
02/07/2024 12:56:07.000,20.4385,31.7385,1.44,7.925,56.269,20.1097
02/07/2024 12:57:07.001,20.4402,31.7374,1.43,7.925,56.435,20.1098
02/07/2024 12:58:07.000,20.4408,31.7363,1.44,7.925,56.317,20.1107
02/07/2024 12:59:07.001,20.4411,31.7381,1.44,7.925,56.430,20.1107
02/07/2024 13:00:07.000,20.4421,31.7376,1.44,7.925,56.319,20.1116
02/07/2024 13:01:07.001,20.4432,31.7378,1.44,7.925,56.419,20.1111
02/07/2024 13:02:07.000,20.4454,31.7363,1.44,7.925,56.252,20.1115
02/07/2024 13:03:07.000,20.4463,31.7362,1.44,7.925,56.411,20.1119
02/07/2024 13:04:07.000,20.4448,31.7380,1.44,7.925,56.343,20.1108
02/07/2024 13:05:07.000,20.4445,31.7360,1.44,7.925,56.453,20.1122
02/07/2024 13:06:07.999,20.4417,31.7378,1.44,7.925,56.308,20.1129
02/07/2024 13:07:07.000,20.4425,31.7368,1.44,7.925,56.392,20.1130
02/07/2024 13:08:07.999,20.4408,31.7370,1.44,7.925,56.363,20.1131
02/07/2024 13:09:07.000,20.4394,31.7364,1.44,7.925,56.364,20.1124
02/07/2024 13:10:07.999,20.4397,31.7360,1.44,7.925,56.258,20.1135
02/07/2024 13:11:07.000,20.4378,31.7396,1.44,7.924,56.310,20.1140
02/07/2024 13:12:07.001,20.4373,31.7387,1.44,7.924,56.197,20.1135
02/07/2024 13:13:07.000,20.4379,31.7361,1.44,7.924,56.388,20.1142
02/07/2024 13:14:07.001,20.4382,31.7373,1.44,7.924,56.311,20.1138
02/07/2024 13:15:07.000,20.4387,31.7363,1.44,7.924,56.326,20.1150
02/07/2024 13:16:07.001,20.4378,31.7375,1.44,7.923,56.380,20.1136
02/07/2024 13:17:07.000,20.4379,31.7358,1.44,7.923,56.395,20.1148
02/07/2024 13:18:07.000,20.4359,31.7385,1.44,7.923,56.399,20.1155
02/07/2024 13:19:07.000,20.4361,31.7373,1.44,7.923,56.352,20.1147
02/07/2024 13:20:07.000,20.4360,31.7374,1.44,7.923,56.320,20.1157
02/07/2024 13:21:07.999,20.4371,31.7375,1.44,7.924,56.243,20.1156
02/07/2024 13:22:07.000,20.4376,31.7375,1.44,7.924,56.399,20.1157
02/07/2024 13:23:07.999,20.4379,31.7376,1.44,7.924,56.393,20.1162
02/07/2024 13:24:07.000,20.4381,31.7385,1.44,7.924,56.281,20.1163
02/07/2024 13:25:07.999,20.4384,31.7369,1.44,7.924,56.404,20.1166
02/07/2024 13:26:07.000,20.4388,31.7389,1.44,7.924,56.279,20.1148
02/07/2024 13:27:07.001,20.4410,31.7375,1.44,7.924,56.292,20.1146
02/07/2024 13:28:07.000,20.4406,31.7376,1.44,7.924,56.410,20.1168
02/07/2024 13:29:07.001,20.4397,31.7381,1.44,7.924,56.201,20.1165
02/07/2024 13:30:07.000,20.4414,31.7362,1.44,7.924,56.291,20.1188
02/07/2024 13:31:07.001,20.4421,31.7388,1.44,7.924,56.298,20.1191
02/07/2024 13:32:07.000,20.4416,31.7372,1.44,7.924,56.430,20.1187
02/07/2024 13:33:07.000,20.4424,31.7393,1.45,7.924,56.380,20.1204
02/07/2024 13:34:07.000,20.4448,31.7393,1.45,7.924,56.295,20.1201
02/07/2024 13:35:07.000,20.4464,31.7377,1.44,7.924,56.300,20.1206
02/07/2024 13:36:07.999,20.4458,31.7376,1.45,7.924,56.261,20.1207
02/07/2024 13:37:07.000,20.4463,31.7377,1.44,7.924,56.216,20.1205
02/07/2024 13:38:07.999,20.4432,31.7386,1.44,7.924,56.275,20.1217
02/07/2024 13:39:07.000,20.4424,31.7379,1.44,7.924,56.233,20.1225
02/07/2024 13:40:07.999,20.4426,31.7373,1.45,7.924,56.324,20.1217
02/07/2024 13:41:07.000,20.4432,31.7383,1.44,7.923,56.213,20.1219
02/07/2024 13:42:07.001,20.4438,31.7384,1.44,7.923,56.386,20.1226
02/07/2024 13:43:07.000,20.4448,31.7388,1.44,7.923,56.329,20.1228
02/07/2024 13:44:07.001,20.4489,31.7379,1.45,7.923,56.330,20.1230
02/07/2024 13:45:07.000,20.4511,31.7388,1.44,7.923,56.341,20.1229
02/07/2024 13:46:07.001,20.4508,31.7392,1.44,7.923,56.381,20.1233
02/07/2024 13:47:07.000,20.4526,31.7388,1.44,7.923,56.275,20.1222
02/07/2024 13:48:07.000,20.4538,31.7387,1.45,7.923,56.305,20.1235
02/07/2024 13:49:07.000,20.4543,31.7392,1.45,7.923,56.345,20.1236
02/07/2024 13:50:07.000,20.4555,31.7382,1.45,7.923,56.395,20.1239
02/07/2024 13:51:07.999,20.4563,31.7386,1.44,7.923,56.415,20.1236
02/07/2024 13:52:07.000,20.4560,31.7387,1.45,7.923,56.440,20.1236
02/07/2024 13:53:07.999,20.4577,31.7374,1.45,7.923,56.446,20.1235
02/07/2024 13:54:07.000,20.4590,31.7376,1.45,7.923,56.475,20.1238
02/07/2024 13:55:07.999,20.4595,31.7402,1.44,7.923,56.396,20.1248
02/07/2024 13:56:07.000,20.4609,31.7397,1.44,7.923,56.478,20.1260
02/07/2024 13:57:07.001,20.4637,31.7378,1.45,7.923,56.412,20.1263
02/07/2024 13:58:07.000,20.4621,31.7395,1.44,7.923,56.228,20.1269
02/07/2024 13:59:07.001,20.4625,31.7383,1.44,7.923,56.327,20.1272
02/07/2024 14:00:07.000,20.4639,31.7388,1.44,7.923,56.340,20.1277
02/07/2024 14:01:07.001,20.4653,31.7371,1.44,7.922,56.452,20.1288
02/07/2024 14:02:07.000,20.4652,31.7385,1.44,7.922,56.449,20.1292
02/07/2024 14:03:07.000,20.4656,31.7397,1.45,7.922,56.487,20.1286
02/07/2024 14:04:07.000,20.4673,31.7382,1.44,7.922,56.289,20.1278
02/07/2024 14:05:07.000,20.4674,31.7385,1.44,7.922,56.372,20.1298
02/07/2024 14:06:07.999,20.4686,31.7390,1.44,7.922,56.344,20.1287
02/07/2024 14:07:07.000,20.4704,31.7389,1.44,7.922,56.248,20.1311
02/07/2024 14:08:07.999,20.4737,31.7379,1.44,7.922,56.472,20.1307
02/07/2024 14:09:07.000,20.4739,31.7366,1.44,7.922,56.396,20.1306
02/07/2024 14:10:07.999,20.4747,31.7372,1.44,7.922,56.402,20.1312
02/07/2024 14:11:07.000,20.4762,31.7396,1.44,7.922,56.320,20.1322
02/07/2024 14:12:07.001,20.4745,31.7391,1.44,7.922,56.387,20.1321
02/07/2024 14:13:07.000,20.4762,31.7381,1.44,7.921,56.453,20.1327
02/07/2024 14:14:07.001,20.4746,31.7380,1.44,7.921,56.421,20.1319
02/07/2024 14:15:07.000,20.4761,31.7392,1.44,7.921,56.519,20.1330
02/07/2024 14:16:07.001,20.4773,31.7389,1.43,7.921,56.396,20.1331
02/07/2024 14:17:07.000,20.4774,31.7392,1.44,7.921,56.372,20.1342
02/07/2024 14:18:07.000,20.4784,31.7391,1.44,7.921,56.349,20.1340
02/07/2024 14:19:07.000,20.4787,31.7395,1.44,7.921,56.346,20.1345
02/07/2024 14:20:07.000,20.4793,31.7391,1.44,7.920,56.089,20.1330
02/07/2024 14:21:07.999,20.4785,31.7392,1.44,7.920,56.241,20.1340
02/07/2024 14:22:07.000,20.4794,31.7386,1.44,7.920,56.308,20.1345
02/07/2024 14:23:07.999,20.4795,31.7386,1.44,7.920,56.259,20.1348
02/07/2024 14:24:07.000,20.4814,31.7378,1.44,7.920,56.322,20.1352
02/07/2024 14:25:07.999,20.4811,31.7396,1.44,7.920,56.340,20.1357
02/07/2024 14:26:07.000,20.4813,31.7389,1.44,7.920,56.484,20.1353
02/07/2024 14:27:07.001,20.4813,31.7390,1.44,7.920,56.363,20.1362
02/07/2024 14:28:07.000,20.4823,31.7408,1.44,7.920,56.370,20.1362
02/07/2024 14:29:07.001,20.4861,31.7409,1.45,7.920,56.402,20.1356
02/07/2024 14:30:07.000,20.4918,31.7374,1.45,7.920,56.325,20.1354
02/07/2024 14:31:07.001,20.4917,31.7378,1.45,7.920,56.287,20.1347
02/07/2024 14:32:07.000,20.4898,31.7376,1.44,7.920,56.407,20.1367
02/07/2024 14:33:07.000,20.4907,31.7370,1.45,7.920,56.291,20.1376
02/07/2024 14:34:07.000,20.4893,31.7384,1.44,7.920,56.177,20.1381
02/07/2024 14:35:07.000,20.4902,31.7381,1.45,7.920,56.238,20.1386
02/07/2024 14:36:07.999,20.4898,31.7375,1.44,7.919,56.233,20.1380
02/07/2024 14:37:07.000,20.4890,31.7383,1.45,7.919,56.233,20.1388
02/07/2024 14:38:07.999,20.4889,31.7389,1.45,7.919,56.381,20.1394
02/07/2024 14:39:07.000,20.4887,31.7400,1.45,7.919,56.214,20.1403
02/07/2024 14:40:07.999,20.4892,31.7401,1.45,7.919,56.168,20.1408
02/07/2024 14:41:07.000,20.4900,31.7398,1.44,7.919,56.248,20.1401
02/07/2024 14:42:07.001,20.4903,31.7377,1.45,7.919,56.262,20.1399
02/07/2024 14:43:07.000,20.4895,31.7386,1.44,7.919,56.175,20.1405
02/07/2024 14:44:07.001,20.4891,31.7398,1.44,7.919,56.184,20.1412
02/07/2024 14:45:07.000,20.4883,31.7375,1.44,7.919,56.186,20.1403
02/07/2024 14:46:07.001,20.4876,31.7374,1.45,7.919,56.392,20.1399
02/07/2024 14:47:07.000,20.4868,31.7384,1.45,7.919,56.368,20.1412
02/07/2024 14:48:07.000,20.4862,31.7385,1.45,7.918,56.224,20.1420
02/07/2024 14:49:07.000,20.4851,31.7395,1.44,7.918,56.209,20.1425
02/07/2024 14:50:07.000,20.4878,31.7401,1.45,7.918,56.377,20.1424
02/07/2024 14:51:07.999,20.4904,31.7379,1.45,7.918,56.331,20.1443
02/07/2024 14:52:07.000,20.4904,31.7388,1.45,7.918,56.188,20.1452
02/07/2024 14:53:07.999,20.4902,31.7377,1.45,7.917,56.184,20.1431
02/07/2024 14:54:07.000,20.4878,31.7380,1.44,7.917,56.336,20.1459
02/07/2024 14:55:07.999,20.4855,31.7388,1.44,7.917,56.207,20.1455
02/07/2024 14:56:07.000,20.4851,31.7377,1.44,7.917,56.292,20.1450
02/07/2024 14:57:07.001,20.4842,31.7389,1.45,7.917,56.289,20.1477
02/07/2024 14:58:07.000,20.4855,31.7393,1.44,7.917,56.223,20.1469
02/07/2024 14:59:07.001,20.4857,31.7370,1.44,7.917,56.195,20.1477
02/07/2024 15:00:07.000,20.4843,31.7393,1.44,7.917,56.277,20.1496
02/07/2024 15:01:07.001,20.4841,31.7400,1.44,7.916,56.275,20.1493
02/07/2024 15:02:07.000,20.4862,31.7391,1.44,7.916,56.272,20.1502
02/07/2024 15:03:07.000,20.4848,31.7389,1.44,7.916,56.249,20.1511
02/07/2024 15:04:07.000,20.4845,31.7383,1.44,7.916,56.271,20.1502
02/07/2024 15:05:07.000,20.4840,31.7384,1.44,7.916,56.330,20.1508
02/07/2024 15:06:07.999,20.4821,31.7401,1.44,7.916,56.417,20.1517
02/07/2024 15:07:07.000,20.4826,31.7397,1.44,7.916,56.303,20.1514
02/07/2024 15:08:07.999,20.4833,31.7397,1.44,7.915,56.436,20.1518
02/07/2024 15:09:07.000,20.4848,31.7389,1.44,7.915,56.397,20.1542
02/07/2024 15:10:07.999,20.4827,31.7398,1.44,7.915,56.306,20.1524
02/07/2024 15:11:07.000,20.4838,31.7401,1.44,7.915,56.358,20.1533
02/07/2024 15:12:07.001,20.4854,31.7388,1.44,7.915,56.394,20.1544
02/07/2024 15:13:07.000,20.4861,31.7398,1.44,7.915,56.275,20.1550
02/07/2024 15:14:07.001,20.4860,31.7407,1.44,7.914,56.364,20.1552
02/07/2024 15:15:07.000,20.4899,31.7387,1.45,7.914,56.392,20.1558
02/07/2024 15:16:07.001,20.4884,31.7393,1.44,7.914,56.347,20.1564
02/07/2024 15:17:07.000,20.4893,31.7406,1.44,7.914,56.330,20.1573
02/07/2024 15:18:07.000,20.4912,31.7414,1.44,7.914,56.382,20.1577
02/07/2024 15:19:07.000,20.4925,31.7408,1.44,7.914,56.322,20.1585
02/07/2024 15:20:07.000,20.4952,31.7402,1.44,7.914,56.299,20.1598
02/07/2024 15:21:07.999,20.4963,31.7415,1.44,7.914,56.390,20.1598
02/07/2024 15:22:07.000,20.4984,31.7406,1.43,7.914,56.262,20.1610
02/07/2024 15:23:07.999,20.4991,31.7404,1.44,7.914,56.349,20.1605
02/07/2024 15:24:07.000,20.5008,31.7395,1.44,7.913,56.304,20.1616
02/07/2024 15:25:07.999,20.5009,31.7403,1.44,7.913,56.320,20.1602
02/07/2024 15:26:07.000,20.5013,31.7411,1.44,7.913,56.486,20.1606
02/07/2024 15:27:07.001,20.5027,31.7415,1.44,7.913,56.429,20.1638
02/07/2024 15:28:07.000,20.5035,31.7404,1.44,7.913,56.311,20.1645
02/07/2024 15:29:07.001,20.5056,31.7384,1.43,7.913,56.398,20.1648
02/07/2024 15:30:07.000,20.5060,31.7404,1.44,7.912,56.290,20.1659
02/07/2024 15:31:07.001,20.5043,31.7397,1.44,7.912,56.325,20.1661
02/07/2024 15:32:07.000,20.5053,31.7412,1.44,7.912,56.423,20.1670
02/07/2024 15:33:07.000,20.5053,31.7409,1.44,7.912,56.361,20.1677
02/07/2024 15:34:07.000,20.5058,31.7419,1.44,7.912,56.402,20.1681
02/07/2024 15:35:07.000,20.5088,31.7409,1.45,7.912,56.253,20.1689
02/07/2024 15:36:07.999,20.5094,31.7402,1.44,7.912,56.315,20.1680
02/07/2024 15:37:07.000,20.5098,31.7405,1.44,7.911,56.399,20.1684
02/07/2024 15:38:07.999,20.5110,31.7410,1.44,7.911,56.375,20.1710
02/07/2024 15:39:07.000,20.5128,31.7396,1.44,7.911,56.498,20.1704
02/07/2024 15:40:07.999,20.5134,31.7402,1.44,7.911,56.380,20.1707
02/07/2024 15:41:07.000,20.5134,31.7407,1.44,7.911,56.435,20.1716
02/07/2024 15:42:07.001,20.5132,31.7410,1.44,7.911,56.342,20.1729
02/07/2024 15:43:07.000,20.5139,31.7419,1.44,7.911,56.407,20.1742
02/07/2024 15:44:07.001,20.5172,31.7400,1.44,7.911,56.434,20.1748
02/07/2024 15:45:07.000,20.5194,31.7420,1.44,7.911,56.406,20.1755
02/07/2024 15:46:07.001,20.5206,31.7418,1.44,7.911,56.381,20.1756
02/07/2024 15:47:07.000,20.5223,31.7407,1.44,7.911,56.336,20.1755
02/07/2024 15:48:07.000,20.5230,31.7408,1.44,7.911,56.387,20.1775
02/07/2024 15:49:07.000,20.5227,31.7411,1.44,7.911,56.470,20.1779
02/07/2024 15:50:07.000,20.5232,31.7402,1.44,7.911,56.274,20.1787
02/07/2024 15:51:07.999,20.5231,31.7420,1.44,7.911,56.395,20.1793
02/07/2024 15:52:07.000,20.5216,31.7407,1.44,7.911,56.412,20.1799
02/07/2024 15:53:07.999,20.5223,31.7406,1.44,7.911,56.456,20.1806
02/07/2024 15:54:07.000,20.5224,31.7405,1.44,7.911,56.471,20.1815
02/07/2024 15:55:07.999,20.5216,31.7394,1.44,7.911,56.422,20.1827
02/07/2024 15:56:07.000,20.5213,31.7433,1.44,7.911,56.479,20.1834
02/07/2024 15:57:07.001,20.5213,31.7409,1.44,7.910,56.519,20.1831
02/07/2024 15:58:07.000,20.5204,31.7407,1.44,7.910,56.422,20.1837
02/07/2024 15:59:07.001,20.5182,31.7416,1.44,7.910,56.365,20.1860
02/07/2024 16:00:07.000,20.5178,31.7412,1.44,7.910,56.553,20.1863
02/07/2024 16:01:07.001,20.5181,31.7414,1.44,7.910,56.513,20.1865
02/07/2024 16:02:07.000,20.5185,31.7417,1.44,7.910,56.475,20.1868
02/07/2024 16:03:07.000,20.5190,31.7421,1.44,7.910,56.436,20.1872
02/07/2024 16:04:07.000,20.5203,31.7417,1.44,7.910,56.479,20.1887
02/07/2024 16:05:07.000,20.5195,31.7416,1.44,7.909,56.411,20.1893
02/07/2024 16:06:07.999,20.5200,31.7427,1.44,7.909,56.469,20.1889
02/07/2024 16:07:07.000,20.5204,31.7417,1.44,7.909,56.410,20.1892
02/07/2024 16:08:07.999,20.5217,31.7411,1.44,7.909,56.306,20.1900
02/07/2024 16:09:07.000,20.5226,31.7411,1.44,7.909,56.287,20.1908
02/07/2024 16:10:07.999,20.5243,31.7415,1.44,7.909,56.445,20.1904
02/07/2024 16:11:07.000,20.5239,31.7414,1.44,7.909,56.375,20.1925
02/07/2024 16:12:07.001,20.5253,31.7424,1.44,7.909,56.339,20.1922
02/07/2024 16:13:07.000,20.5274,31.7425,1.44,7.909,56.467,20.1914
02/07/2024 16:14:07.001,20.5295,31.7420,1.44,7.908,56.486,20.1939
02/07/2024 16:15:07.000,20.5318,31.7426,1.44,7.908,56.347,20.1951
02/07/2024 16:16:07.001,20.5324,31.7429,1.44,7.908,56.304,20.1941
02/07/2024 16:17:07.000,20.5335,31.7415,1.44,7.908,56.373,20.1950
02/07/2024 16:18:07.000,20.5345,31.7422,1.44,7.908,56.336,20.1959
02/07/2024 16:19:07.000,20.5342,31.7421,1.45,7.908,56.392,20.1970
02/07/2024 16:20:07.000,20.5375,31.7401,1.44,7.908,56.405,20.1975
02/07/2024 16:21:07.999,20.5392,31.7419,1.44,7.908,56.412,20.1991
02/07/2024 16:22:07.000,20.5397,31.7431,1.44,7.908,56.468,20.2003
02/07/2024 16:23:07.999,20.5424,31.7423,1.44,7.907,56.465,20.1990
02/07/2024 16:24:07.000,20.5430,31.7418,1.45,7.908,56.523,20.2019
02/07/2024 16:25:07.999,20.5428,31.7420,1.44,7.907,56.640,20.2025
02/07/2024 16:26:07.000,20.5430,31.7410,1.44,7.907,56.545,20.2026
02/07/2024 16:27:07.001,20.5413,31.7413,1.44,7.907,56.420,20.2024
02/07/2024 16:28:07.000,20.5432,31.7420,1.44,7.907,56.448,20.2030
02/07/2024 16:29:07.001,20.5433,31.7411,1.44,7.907,56.538,20.2040
02/07/2024 16:30:07.000,20.5435,31.7426,1.44,7.907,56.428,20.2042
02/07/2024 16:31:07.001,20.5455,31.7415,1.44,7.907,56.484,20.2049
02/07/2024 16:32:07.000,20.5466,31.7411,1.44,7.907,56.444,20.2060
02/07/2024 16:33:07.000,20.5457,31.7427,1.44,7.907,56.580,20.2056
02/07/2024 16:34:07.000,20.5480,31.7414,1.44,7.907,56.408,20.2067
02/07/2024 16:35:07.000,20.5499,31.7415,1.44,7.907,56.563,20.2085
02/07/2024 16:36:07.999,20.5504,31.7422,1.44,7.907,56.579,20.2096
02/07/2024 16:37:07.000,20.5498,31.7399,1.44,7.907,56.511,20.2113
02/07/2024 16:38:07.999,20.5487,31.7433,1.44,7.907,56.390,20.2110
02/07/2024 16:39:07.000,20.5509,31.7423,1.44,7.907,56.445,20.2116
02/07/2024 16:40:07.999,20.5507,31.7423,1.44,7.907,56.641,20.2112
02/07/2024 16:41:07.000,20.5512,31.7418,1.44,7.907,56.528,20.2119
02/07/2024 16:42:07.001,20.5515,31.7416,1.44,7.907,56.526,20.2125
02/07/2024 16:43:07.000,20.5519,31.7426,1.44,7.907,56.645,20.2129
02/07/2024 16:44:07.001,20.5534,31.7442,1.44,7.907,56.588,20.2136
02/07/2024 16:45:07.000,20.5539,31.7418,1.44,7.907,56.653,20.2159
02/07/2024 16:46:07.001,20.5571,31.7453,1.44,7.907,56.629,20.2162
02/07/2024 16:47:07.000,20.5594,31.7418,1.44,7.907,56.564,20.2159
02/07/2024 16:48:07.000,20.5587,31.7417,1.44,7.907,56.579,20.2166
02/07/2024 16:49:07.000,20.5588,31.7445,1.44,7.908,56.566,20.2182
02/07/2024 16:50:07.000,20.5620,31.7432,1.44,7.907,56.490,20.2186
02/07/2024 16:51:07.999,20.5645,31.7432,1.44,7.907,56.477,20.2191
02/07/2024 16:52:07.000,20.5658,31.7418,1.44,7.907,56.652,20.2199
02/07/2024 16:53:07.999,20.5663,31.7410,1.44,7.907,56.470,20.2212
02/07/2024 16:54:07.000,20.5648,31.7439,1.44,7.907,56.589,20.2210
02/07/2024 16:55:07.999,20.5652,31.7424,1.44,7.907,56.571,20.2217
02/07/2024 16:56:07.000,20.5643,31.7431,1.44,7.907,56.480,20.2240
02/07/2024 16:57:07.999,20.5635,31.7421,1.44,7.907,56.472,20.2245
02/07/2024 16:58:07.002,20.5632,31.7432,1.44,7.907,56.552,20.2249
02/07/2024 16:59:07.001,20.5650,31.7413,1.44,7.907,56.674,20.2239
02/07/2024 17:00:07.000,20.5632,31.7431,1.43,7.907,56.620,20.2256
02/07/2024 17:01:07.999,20.5618,31.7431,1.44,7.907,56.653,20.2264
02/07/2024 17:02:07.001,20.5640,31.7423,1.44,7.907,56.559,20.2267
02/07/2024 17:03:07.000,20.5655,31.7447,1.44,7.907,56.586,20.2279
02/07/2024 17:04:07.000,20.5677,31.7443,1.44,7.906,56.634,20.2287
02/07/2024 17:05:07.999,20.5678,31.7437,1.44,7.906,56.599,20.2293
02/07/2024 17:06:07.001,20.5682,31.7423,1.44,7.906,56.518,20.2303
02/07/2024 17:07:07.000,20.5687,31.7434,1.44,7.906,56.616,20.2316
02/07/2024 17:08:07.999,20.5687,31.7443,1.44,7.906,56.476,20.2322
02/07/2024 17:09:07.998,20.5685,31.7426,1.44,7.906,56.466,20.2323
02/07/2024 17:10:07.001,20.5688,31.7442,1.43,7.906,56.510,20.2316
02/07/2024 17:11:07.000,20.5704,31.7446,1.44,7.906,56.449,20.2338
02/07/2024 17:12:07.999,20.5714,31.7427,1.44,7.906,56.562,20.2345
02/07/2024 17:13:07.002,20.5706,31.7444,1.44,7.906,56.441,20.2352
02/07/2024 17:14:07.001,20.5728,31.7426,1.44,7.905,56.538,20.2358
02/07/2024 17:15:07.000,20.5739,31.7423,1.44,7.905,56.524,20.2358
02/07/2024 17:16:07.999,20.5727,31.7430,1.44,7.905,56.550,20.2364
02/07/2024 17:17:07.001,20.5732,31.7424,1.44,7.905,56.479,20.2374
02/07/2024 17:18:07.000,20.5737,31.7453,1.44,7.905,56.526,20.2381
02/07/2024 17:19:07.000,20.5730,31.7421,1.44,7.905,56.606,20.2388
02/07/2024 17:20:07.999,20.5706,31.7433,1.44,7.905,56.640,20.2372
02/07/2024 17:21:07.001,20.5709,31.7436,1.44,7.905,56.548,20.2384
02/07/2024 17:22:07.000,20.5694,31.7434,1.44,7.905,56.383,20.2397
02/07/2024 17:23:07.999,20.5691,31.7410,1.44,7.905,56.548,20.2407
02/07/2024 17:24:07.998,20.5680,31.7431,1.44,7.905,56.566,20.2411
02/07/2024 17:25:07.001,20.5657,31.7441,1.44,7.905,56.541,20.2417
02/07/2024 17:26:07.000,20.5640,31.7454,1.44,7.905,56.498,20.2422
02/07/2024 17:27:07.999,20.5648,31.7455,1.44,7.905,56.519,20.2427
02/07/2024 17:28:07.002,20.5643,31.7439,1.44,7.905,56.382,20.2430
02/07/2024 17:29:07.001,20.5653,31.7436,1.44,7.905,56.448,20.2440
02/07/2024 17:30:07.000,20.5650,31.7422,1.44,7.905,56.577,20.2437
02/07/2024 17:31:07.999,20.5646,31.7430,1.44,7.905,56.540,20.2440
02/07/2024 17:32:07.001,20.5645,31.7434,1.44,7.905,56.484,20.2451
02/07/2024 17:33:07.000,20.5647,31.7449,1.44,7.905,56.564,20.2459
02/07/2024 17:34:07.000,20.5674,31.7427,1.44,7.905,56.607,20.2455
02/07/2024 17:35:07.999,20.5677,31.7447,1.45,7.905,56.512,20.2461
02/07/2024 17:36:07.001,20.5687,31.7440,1.44,7.905,56.549,20.2465
02/07/2024 17:37:07.000,20.5698,31.7450,1.45,7.905,56.583,20.2470
02/07/2024 17:38:07.999,20.5716,31.7443,1.44,7.904,56.444,20.2480
02/07/2024 17:39:07.998,20.5707,31.7446,1.44,7.904,56.659,20.2492
02/07/2024 17:40:07.001,20.5707,31.7454,1.44,7.904,56.629,20.2492
02/07/2024 17:41:07.000,20.5734,31.7459,1.45,7.904,56.307,20.2506
02/07/2024 17:42:07.999,20.5740,31.7453,1.44,7.904,56.521,20.2508
02/07/2024 17:43:07.002,20.5748,31.7442,1.44,7.904,56.517,20.2516
02/07/2024 17:44:07.001,20.5757,31.7444,1.44,7.904,56.556,20.2519
02/07/2024 17:45:07.000,20.5760,31.7444,1.44,7.904,56.499,20.2516
02/07/2024 17:46:07.999,20.5763,31.7439,1.45,7.904,56.443,20.2519
02/07/2024 17:47:07.001,20.5767,31.7449,1.45,7.904,56.470,20.2536
02/07/2024 17:48:07.000,20.5782,31.7447,1.44,7.904,56.525,20.2535
02/07/2024 17:49:07.000,20.5778,31.7445,1.44,7.904,56.468,20.2543
02/07/2024 17:50:07.999,20.5769,31.7455,1.44,7.904,56.443,20.2543
02/07/2024 17:51:07.001,20.5764,31.7456,1.44,7.904,56.481,20.2551
02/07/2024 17:52:07.000,20.5755,31.7441,1.44,7.904,56.503,20.2555
02/07/2024 17:53:07.999,20.5763,31.7447,1.44,7.904,56.511,20.2561
02/07/2024 17:54:07.998,20.5767,31.7450,1.44,7.904,56.496,20.2563
02/07/2024 17:55:07.001,20.5778,31.7445,1.44,7.904,56.484,20.2569
02/07/2024 17:56:07.000,20.5781,31.7445,1.44,7.904,56.538,20.2565
02/07/2024 17:57:07.999,20.5792,31.7450,1.44,7.904,56.514,20.2568
02/07/2024 17:58:07.002,20.5799,31.7464,1.44,7.904,56.566,20.2585
02/07/2024 17:59:07.001,20.5796,31.7451,1.44,7.904,56.632,20.2592
02/07/2024 18:00:07.000,20.5810,31.7457,1.44,7.904,56.536,20.2590
02/07/2024 18:01:07.999,20.5823,31.7453,1.44,7.903,56.540,20.2598
02/07/2024 18:02:07.001,20.5818,31.7446,1.44,7.904,56.556,20.2604
02/07/2024 18:03:07.000,20.5828,31.7451,1.44,7.904,56.477,20.2610
02/07/2024 18:04:07.000,20.5822,31.7463,1.44,7.904,56.527,20.2613
02/07/2024 18:05:07.999,20.5810,31.7452,1.44,7.903,56.612,20.2612
02/07/2024 18:06:07.001,20.5809,31.7450,1.43,7.903,56.609,20.2626
02/07/2024 18:07:07.000,20.5798,31.7458,1.43,7.903,56.587,20.2626
02/07/2024 18:08:07.999,20.5789,31.7469,1.43,7.903,56.442,20.2631
02/07/2024 18:09:07.998,20.5795,31.7465,1.44,7.903,56.566,20.2634
02/07/2024 18:10:07.001,20.5811,31.7452,1.43,7.903,56.602,20.2642
02/07/2024 18:11:07.000,20.5815,31.7448,1.44,7.903,56.562,20.2645
02/07/2024 18:12:07.999,20.5811,31.7456,1.44,7.903,56.535,20.2648
02/07/2024 18:13:07.002,20.5825,31.7457,1.44,7.903,56.698,20.2650
02/07/2024 18:14:07.001,20.5822,31.7452,1.43,7.902,56.611,20.2656
02/07/2024 18:15:07.000,20.5815,31.7468,1.43,7.902,56.685,20.2648
02/07/2024 18:16:07.999,20.5827,31.7449,1.43,7.902,56.540,20.2668
02/07/2024 18:17:07.001,20.5828,31.7456,1.43,7.902,56.470,20.2668
02/07/2024 18:18:07.000,20.5820,31.7456,1.43,7.901,56.550,20.2677
02/07/2024 18:19:07.000,20.5820,31.7455,1.43,7.901,56.505,20.2678
02/07/2024 18:20:07.999,20.5817,31.7456,1.43,7.901,56.504,20.2685
02/07/2024 18:21:07.001,20.5820,31.7455,1.43,7.901,56.392,20.2689
02/07/2024 18:22:07.000,20.5826,31.7445,1.43,7.900,56.540,20.2695
02/07/2024 18:23:07.999,20.5819,31.7463,1.43,7.900,56.405,20.2701
02/07/2024 18:24:07.998,20.5831,31.7467,1.43,7.900,56.318,20.2688
02/07/2024 18:25:07.001,20.5836,31.7467,1.43,7.900,56.424,20.2702
02/07/2024 18:26:07.000,20.5838,31.7472,1.43,7.899,56.511,20.2709
02/07/2024 18:27:07.999,20.5839,31.7464,1.43,7.899,56.448,20.2706
02/07/2024 18:28:07.002,20.5852,31.7454,1.43,7.899,56.447,20.2725
02/07/2024 18:29:07.001,20.5851,31.7449,1.43,7.899,56.523,20.2723
02/07/2024 18:30:07.000,20.5845,31.7468,1.43,7.899,56.413,20.2726
02/07/2024 18:31:07.999,20.5850,31.7460,1.43,7.899,56.529,20.2728
02/07/2024 18:32:07.001,20.5861,31.7464,1.44,7.898,56.443,20.2735
02/07/2024 18:33:07.000,20.5872,31.7482,1.44,7.898,56.570,20.2736
02/07/2024 18:34:07.000,20.5874,31.7482,1.43,7.898,56.380,20.2744
02/07/2024 18:35:07.999,20.5862,31.7470,1.43,7.898,56.384,20.2738
02/07/2024 18:36:07.001,20.5872,31.7460,1.43,7.898,56.391,20.2753
02/07/2024 18:37:07.000,20.5868,31.7465,1.43,7.898,56.382,20.2753
02/07/2024 18:38:07.999,20.5877,31.7466,1.43,7.897,56.463,20.2758
02/07/2024 18:39:07.998,20.5868,31.7473,1.43,7.897,56.361,20.2761
02/07/2024 18:40:07.001,20.5897,31.7471,1.43,7.897,56.475,20.2768
02/07/2024 18:41:07.000,20.5886,31.7476,1.43,7.897,56.453,20.2770
02/07/2024 18:42:07.999,20.5888,31.7450,1.43,7.897,56.347,20.2774
02/07/2024 18:43:07.002,20.5871,31.7477,1.43,7.897,56.430,20.2782
02/07/2024 18:44:07.001,20.5890,31.7466,1.42,7.897,56.519,20.2788
02/07/2024 18:45:07.000,20.5876,31.7476,1.43,7.897,56.446,20.2783
02/07/2024 18:46:07.999,20.5888,31.7461,1.43,7.897,56.366,20.2791
02/07/2024 18:47:07.001,20.5890,31.7477,1.43,7.897,56.462,20.2799
02/07/2024 18:48:07.000,20.5898,31.7474,1.43,7.897,56.471,20.2797
02/07/2024 18:49:07.000,20.5899,31.7465,1.43,7.896,56.502,20.2799
02/07/2024 18:50:07.999,20.5885,31.7474,1.43,7.896,56.416,20.2804
02/07/2024 18:51:07.001,20.5882,31.7466,1.43,7.896,56.443,20.2813
02/07/2024 18:52:07.000,20.5876,31.7469,1.43,7.896,56.520,20.2814
02/07/2024 18:53:07.999,20.5881,31.7457,1.43,7.896,56.467,20.2822
02/07/2024 18:54:07.998,20.5888,31.7467,1.43,7.895,56.492,20.2826
02/07/2024 18:55:07.001,20.5884,31.7472,1.43,7.895,56.449,20.2830
02/07/2024 18:56:07.000,20.5886,31.7473,1.42,7.895,56.471,20.2835
02/07/2024 18:57:07.999,20.5879,31.7472,1.43,7.895,56.536,20.2840
02/07/2024 18:58:07.002,20.5892,31.7465,1.43,7.895,56.504,20.2842
02/07/2024 18:59:07.001,20.5893,31.7476,1.43,7.895,56.258,20.2848
02/07/2024 19:00:07.000,20.5887,31.7467,1.43,7.895,56.479,20.2848
02/07/2024 19:01:07.999,20.5884,31.7483,1.42,7.894,56.434,20.2851
02/07/2024 19:02:07.001,20.5889,31.7481,1.43,7.894,56.426,20.2861
02/07/2024 19:03:07.000,20.5894,31.7475,1.43,7.894,56.444,20.2862
02/07/2024 19:04:07.000,20.5887,31.7475,1.42,7.894,56.524,20.2865
02/07/2024 19:05:07.999,20.5892,31.7500,1.43,7.893,56.477,20.2866
02/07/2024 19:06:07.001,20.5901,31.7472,1.42,7.893,56.522,20.2869
02/07/2024 19:07:07.000,20.5893,31.7478,1.43,7.893,56.490,20.2873
02/07/2024 19:08:07.999,20.5888,31.7474,1.43,7.893,56.543,20.2876
02/07/2024 19:09:07.998,20.5888,31.7486,1.43,7.893,56.464,20.2887
02/07/2024 19:10:07.001,20.5900,31.7479,1.43,7.892,56.525,20.2884
02/07/2024 19:11:07.000,20.5896,31.7482,1.43,7.892,56.704,20.2874
02/07/2024 19:12:07.999,20.5896,31.7478,1.43,7.892,56.576,20.2894
02/07/2024 19:13:07.002,20.5901,31.7481,1.43,7.892,56.583,20.2896
02/07/2024 19:14:07.001,20.5900,31.7479,1.43,7.892,56.396,20.2902
02/07/2024 19:15:07.000,20.5891,31.7494,1.43,7.891,56.496,20.2904
02/07/2024 19:16:07.999,20.5904,31.7481,1.43,7.891,56.476,20.2908
02/07/2024 19:17:07.001,20.5909,31.7485,1.43,7.891,56.429,20.2904
02/07/2024 19:18:07.000,20.5912,31.7474,1.43,7.891,56.467,20.2912
02/07/2024 19:19:07.000,20.5901,31.7477,1.43,7.891,56.583,20.2915
02/07/2024 19:20:07.999,20.5907,31.7492,1.43,7.891,56.428,20.2920
02/07/2024 19:21:07.001,20.5909,31.7471,1.43,7.891,56.568,20.2914
02/07/2024 19:22:07.000,20.5914,31.7487,1.43,7.890,56.615,20.2922
02/07/2024 19:23:07.999,20.5915,31.7487,1.43,7.890,56.579,20.2931
02/07/2024 19:24:07.998,20.5914,31.7488,1.43,7.890,56.685,20.2934
02/07/2024 19:25:07.001,20.5914,31.7494,1.43,7.890,56.733,20.2933
02/07/2024 19:26:07.000,20.5909,31.7480,1.43,7.890,56.656,20.2936
02/07/2024 19:27:07.999,20.5903,31.7484,1.43,7.890,56.604,20.2940
02/07/2024 19:28:07.002,20.5912,31.7488,1.43,7.890,56.519,20.2947
02/07/2024 19:29:07.001,20.5914,31.7487,1.43,7.890,56.521,20.2951
02/07/2024 19:30:07.000,20.5919,31.7487,1.43,7.890,56.504,20.2957
02/07/2024 19:31:07.999,20.5904,31.7497,1.43,7.890,56.442,20.2959
02/07/2024 19:32:07.001,20.5912,31.7480,1.43,7.890,56.570,20.2953
02/07/2024 19:33:07.000,20.5921,31.7494,1.43,7.890,56.508,20.2960
02/07/2024 19:34:07.000,20.5919,31.7491,1.43,7.890,56.482,20.2967
02/07/2024 19:35:07.999,20.5919,31.7490,1.43,7.889,56.507,20.2965
02/07/2024 19:36:07.001,20.5921,31.7478,1.44,7.889,56.583,20.2972
02/07/2024 19:37:07.000,20.5912,31.7502,1.43,7.889,56.530,20.2975
02/07/2024 19:38:07.999,20.5913,31.7493,1.43,7.889,56.503,20.2981
02/07/2024 19:39:07.998,20.5924,31.7491,1.43,7.889,56.587,20.2977
02/07/2024 19:40:07.001,20.5924,31.7487,1.43,7.889,56.389,20.2985
02/07/2024 19:41:07.000,20.5926,31.7485,1.43,7.889,56.471,20.2984
02/07/2024 19:42:07.999,20.5928,31.7489,1.43,7.889,56.347,20.2977
02/07/2024 19:43:07.002,20.5922,31.7501,1.43,7.890,56.585,20.2988
02/07/2024 19:44:07.001,20.5925,31.7485,1.43,7.890,56.540,20.2995
02/07/2024 19:45:07.000,20.5927,31.7498,1.43,7.889,56.550,20.2997
02/07/2024 19:46:07.999,20.5925,31.7484,1.43,7.890,56.593,20.2996
02/07/2024 19:47:07.001,20.5921,31.7489,1.43,7.889,56.449,20.2991
02/07/2024 19:48:07.000,20.5923,31.7503,1.43,7.889,56.514,20.3002
02/07/2024 19:49:07.000,20.5912,31.7496,1.43,7.889,56.388,20.3004
02/07/2024 19:50:07.999,20.5917,31.7496,1.44,7.889,56.444,20.3018
02/07/2024 19:51:07.001,20.5908,31.7496,1.43,7.889,56.350,20.3015
02/07/2024 19:52:07.000,20.5910,31.7490,1.43,7.889,56.454,20.3016
02/07/2024 19:53:07.999,20.5918,31.7500,1.43,7.888,56.559,20.3022
02/07/2024 19:54:07.998,20.5916,31.7500,1.43,7.888,56.586,20.3030
02/07/2024 19:55:07.001,20.5914,31.7498,1.43,7.888,56.466,20.3034
02/07/2024 19:56:07.000,20.5927,31.7491,1.43,7.888,56.539,20.3031
02/07/2024 19:57:07.999,20.5931,31.7488,1.43,7.888,56.548,20.3029
02/07/2024 19:58:07.002,20.5927,31.7493,1.43,7.888,56.630,20.3022
02/07/2024 19:59:07.001,20.5919,31.7506,1.43,7.888,56.555,20.3044
02/07/2024 20:00:07.000,20.5924,31.7506,1.43,7.888,56.571,20.3050
02/07/2024 20:01:07.999,20.5928,31.7501,1.43,7.888,56.549,20.3060
02/07/2024 20:02:07.001,20.5941,31.7511,1.43,7.888,56.528,20.3063
02/07/2024 20:03:07.000,20.5945,31.7499,1.43,7.888,56.604,20.3060
02/07/2024 20:04:07.000,20.5932,31.7505,1.43,7.888,56.595,20.3065
02/07/2024 20:05:07.999,20.5930,31.7509,1.43,7.887,56.586,20.3063
02/07/2024 20:06:07.001,20.5925,31.7497,1.43,7.887,56.584,20.3064
02/07/2024 20:07:07.000,20.5927,31.7514,1.43,7.887,56.550,20.3073
02/07/2024 20:08:07.999,20.5941,31.7510,1.43,7.887,56.539,20.3075
02/07/2024 20:09:07.998,20.5947,31.7508,1.43,7.888,56.683,20.3077
02/07/2024 20:10:07.001,20.5944,31.7507,1.43,7.887,56.577,20.3078
02/07/2024 20:11:07.000,20.5946,31.7507,1.43,7.887,56.569,20.3077
02/07/2024 20:12:07.999,20.5953,31.7510,1.43,7.887,56.627,20.3079
02/07/2024 20:13:07.002,20.5944,31.7510,1.43,7.887,56.698,20.3083
02/07/2024 20:14:07.001,20.5944,31.7513,1.43,7.887,56.512,20.3086
02/07/2024 20:15:07.000,20.5943,31.7499,1.43,7.887,56.477,20.3091
02/07/2024 20:16:07.999,20.5944,31.7499,1.43,7.887,56.598,20.3095
02/07/2024 20:17:07.001,20.5938,31.7504,1.43,7.887,56.629,20.3092
02/07/2024 20:18:07.000,20.5950,31.7516,1.43,7.887,56.713,20.3099
02/07/2024 20:19:07.000,20.5955,31.7506,1.43,7.887,56.613,20.3092
02/07/2024 20:20:07.999,20.5951,31.7503,1.43,7.887,56.676,20.3103
02/07/2024 20:21:07.001,20.5951,31.7503,1.43,7.887,56.694,20.3098
02/07/2024 20:22:07.000,20.5949,31.7515,1.43,7.887,56.597,20.3108
02/07/2024 20:23:07.999,20.5944,31.7510,1.43,7.887,56.572,20.3107
02/07/2024 20:24:07.998,20.5946,31.7501,1.43,7.888,56.634,20.3116
02/07/2024 20:25:07.001,20.5946,31.7505,1.43,7.888,56.532,20.3105
02/07/2024 20:26:07.000,20.5949,31.7512,1.43,7.889,56.511,20.3099
02/07/2024 20:27:07.999,20.5950,31.7508,1.43,7.889,56.713,20.3116
02/07/2024 20:28:07.002,20.5948,31.7513,1.43,7.889,56.602,20.3118
02/07/2024 20:29:07.001,20.5953,31.7510,1.43,7.888,56.708,20.3119
02/07/2024 20:30:07.000,20.5951,31.7516,1.43,7.888,56.626,20.3120
02/07/2024 20:31:07.999,20.5957,31.7495,1.43,7.888,56.681,20.3120
02/07/2024 20:32:07.001,20.5947,31.7513,1.43,7.888,56.634,20.3126
02/07/2024 20:33:07.000,20.5939,31.7507,1.43,7.887,56.613,20.3129
02/07/2024 20:34:07.000,20.5928,31.7513,1.43,7.887,56.656,20.3132
02/07/2024 20:35:07.999,20.5928,31.7518,1.43,7.887,56.594,20.3134
02/07/2024 20:36:07.001,20.5935,31.7517,1.43,7.887,56.600,20.3122
02/07/2024 20:37:07.000,20.5936,31.7522,1.43,7.887,56.600,20.3143
02/07/2024 20:38:07.999,20.5940,31.7508,1.43,7.887,56.594,20.3139
02/07/2024 20:39:07.998,20.5935,31.7501,1.43,7.887,56.616,20.3142
02/07/2024 20:40:07.001,20.5942,31.7522,1.43,7.887,56.620,20.3144
02/07/2024 20:41:07.000,20.5934,31.7507,1.43,7.887,56.509,20.3146
02/07/2024 20:42:07.999,20.5935,31.7521,1.43,7.887,56.640,20.3148
02/07/2024 20:43:07.002,20.5936,31.7513,1.43,7.887,56.570,20.3152
02/07/2024 20:44:07.001,20.5940,31.7511,1.43,7.887,56.567,20.3160
02/07/2024 20:45:07.000,20.5941,31.7516,1.43,7.887,56.648,20.3150
02/07/2024 20:46:07.999,20.5945,31.7524,1.43,7.887,56.405,20.3161
02/07/2024 20:47:07.001,20.5951,31.7502,1.43,7.887,56.523,20.3161
02/07/2024 20:48:07.000,20.5939,31.7527,1.43,7.887,56.670,20.3161
02/07/2024 20:49:07.000,20.5940,31.7513,1.43,7.888,56.526,20.3163
02/07/2024 20:50:07.999,20.5927,31.7535,1.43,7.888,56.567,20.3163
02/07/2024 20:51:07.001,20.5932,31.7517,1.43,7.888,56.589,20.3167
02/07/2024 20:52:07.000,20.5932,31.7518,1.43,7.888,56.660,20.3164
02/07/2024 20:53:07.999,20.5938,31.7516,1.43,7.888,56.542,20.3173
02/07/2024 20:54:07.998,20.5939,31.7521,1.43,7.888,56.696,20.3172
02/07/2024 20:55:07.001,20.5935,31.7519,1.43,7.888,56.597,20.3181
02/07/2024 20:56:07.000,20.5930,31.7521,1.43,7.887,56.644,20.3170
02/07/2024 20:57:07.999,20.5931,31.7519,1.43,7.887,56.638,20.3179
02/07/2024 20:58:07.002,20.5934,31.7524,1.43,7.887,56.603,20.3184
02/07/2024 20:59:07.001,20.5943,31.7518,1.43,7.887,56.668,20.3188
02/07/2024 21:00:07.000,20.5935,31.7525,1.43,7.887,56.727,20.3184
02/07/2024 21:01:07.999,20.5942,31.7525,1.43,7.887,56.695,20.3192
02/07/2024 21:02:07.001,20.5940,31.7523,1.43,7.887,56.746,20.3192
02/07/2024 21:03:07.000,20.5937,31.7530,1.43,7.887,56.496,20.3189
02/07/2024 21:04:07.000,20.5938,31.7524,1.44,7.886,56.652,20.3192
02/07/2024 21:05:07.999,20.5926,31.7539,1.43,7.886,56.702,20.3195
02/07/2024 21:06:07.001,20.5933,31.7516,1.44,7.886,56.724,20.3199
02/07/2024 21:07:07.000,20.5921,31.7543,1.43,7.886,56.737,20.3199
02/07/2024 21:08:07.999,20.5919,31.7529,1.43,7.886,56.527,20.3206
02/07/2024 21:09:07.998,20.5928,31.7521,1.43,7.886,56.609,20.3207
02/07/2024 21:10:07.001,20.5927,31.7539,1.43,7.886,56.654,20.3210
02/07/2024 21:11:07.000,20.5924,31.7523,1.43,7.886,56.749,20.3212
02/07/2024 21:12:07.999,20.5914,31.7522,1.43,7.885,56.791,20.3212
02/07/2024 21:13:07.002,20.5913,31.7536,1.43,7.885,56.668,20.3207
02/07/2024 21:14:07.001,20.5915,31.7517,1.43,7.885,56.598,20.3199
02/07/2024 21:15:07.000,20.5896,31.7516,1.43,7.885,56.633,20.3214
02/07/2024 21:16:07.999,20.5889,31.7539,1.43,7.885,56.636,20.3215
02/07/2024 21:17:07.001,20.5898,31.7530,1.43,7.885,56.654,20.3220
02/07/2024 21:18:07.000,20.5907,31.7541,1.43,7.885,56.611,20.3215
02/07/2024 21:19:07.000,20.5896,31.7530,1.43,7.885,56.706,20.3216
02/07/2024 21:20:07.999,20.5905,31.7549,1.43,7.885,56.505,20.3213
02/07/2024 21:21:07.001,20.5891,31.7533,1.43,7.885,56.626,20.3229
02/07/2024 21:22:07.000,20.5896,31.7538,1.43,7.884,56.644,20.3212
02/07/2024 21:23:07.999,20.5895,31.7537,1.43,7.884,56.663,20.3211
02/07/2024 21:24:07.998,20.5890,31.7536,1.43,7.884,56.588,20.3229
02/07/2024 21:25:07.001,20.5899,31.7531,1.43,7.884,56.652,20.3230
02/07/2024 21:26:07.000,20.5887,31.7538,1.43,7.884,56.544,20.3231
02/07/2024 21:27:07.999,20.5884,31.7541,1.43,7.883,56.585,20.3236
02/07/2024 21:28:07.002,20.5886,31.7525,1.43,7.883,56.550,20.3236
02/07/2024 21:29:07.001,20.5877,31.7539,1.43,7.883,56.565,20.3241
02/07/2024 21:30:07.000,20.5879,31.7555,1.43,7.883,56.551,20.3251
02/07/2024 21:31:07.999,20.5884,31.7543,1.43,7.883,56.493,20.3239
02/07/2024 21:32:07.001,20.5884,31.7537,1.43,7.882,56.535,20.3240
02/07/2024 21:33:07.000,20.5882,31.7538,1.43,7.882,56.557,20.3239
02/07/2024 21:34:07.000,20.5879,31.7545,1.43,7.882,56.701,20.3235
02/07/2024 21:35:07.999,20.5884,31.7538,1.43,7.882,56.592,20.3243
02/07/2024 21:36:07.001,20.5882,31.7549,1.43,7.882,56.581,20.3245
02/07/2024 21:37:07.000,20.5875,31.7540,1.43,7.882,56.551,20.3247
02/07/2024 21:38:07.999,20.5876,31.7547,1.43,7.882,56.581,20.3247
02/07/2024 21:39:07.998,20.5883,31.7536,1.43,7.882,56.612,20.3243
02/07/2024 21:40:07.001,20.5860,31.7539,1.43,7.882,56.492,20.3237
02/07/2024 21:41:07.000,20.5861,31.7540,1.43,7.882,56.541,20.3253
02/07/2024 21:42:07.999,20.5850,31.7543,1.43,7.882,56.584,20.3249
02/07/2024 21:43:07.002,20.5837,31.7549,1.43,7.882,56.630,20.3255
02/07/2024 21:44:07.001,20.5846,31.7548,1.44,7.882,56.590,20.3252
02/07/2024 21:45:07.000,20.5838,31.7561,1.43,7.882,56.645,20.3253
02/07/2024 21:46:07.999,20.5848,31.7550,1.43,7.882,56.644,20.3260
02/07/2024 21:47:07.001,20.5840,31.7556,1.43,7.882,56.590,20.3256
02/07/2024 21:48:07.000,20.5833,31.7552,1.43,7.882,56.648,20.3253
02/07/2024 21:49:07.000,20.5838,31.7546,1.43,7.882,56.653,20.3259
02/07/2024 21:50:07.999,20.5825,31.7543,1.43,7.882,56.646,20.3258
02/07/2024 21:51:07.001,20.5821,31.7548,1.43,7.882,56.716,20.3242
02/07/2024 21:52:07.000,20.5821,31.7546,1.43,7.882,56.800,20.3264
02/07/2024 21:53:07.999,20.5827,31.7538,1.43,7.882,56.564,20.3260
02/07/2024 21:54:07.998,20.5812,31.7558,1.43,7.882,56.671,20.3259
02/07/2024 21:55:07.001,20.5819,31.7548,1.43,7.882,56.601,20.3259
02/07/2024 21:56:07.000,20.5823,31.7551,1.43,7.882,56.639,20.3259
02/07/2024 21:57:07.999,20.5822,31.7548,1.43,7.882,56.637,20.3259
02/07/2024 21:58:07.002,20.5812,31.7554,1.43,7.882,56.710,20.3260
02/07/2024 21:59:07.001,20.5803,31.7561,1.43,7.882,56.678,20.3264
02/07/2024 22:00:07.000,20.5810,31.7550,1.43,7.882,56.651,20.3269
02/07/2024 22:01:07.999,20.5801,31.7553,1.43,7.882,56.639,20.3266
02/07/2024 22:02:07.001,20.5799,31.7555,1.43,7.883,56.613,20.3267
02/07/2024 22:03:07.000,20.5784,31.7563,1.43,7.883,56.697,20.3266
02/07/2024 22:04:07.000,20.5792,31.7552,1.43,7.883,56.793,20.3266
02/07/2024 22:05:07.999,20.5797,31.7555,1.43,7.883,56.654,20.3279
02/07/2024 22:06:07.001,20.5792,31.7563,1.43,7.882,56.625,20.3268
02/07/2024 22:07:07.000,20.5812,31.7560,1.43,7.883,56.583,20.3277
02/07/2024 22:08:07.999,20.5828,31.7556,1.43,7.883,56.665,20.3271
02/07/2024 22:09:07.998,20.5837,31.7561,1.43,7.882,56.628,20.3273
02/07/2024 22:10:07.001,20.5845,31.7555,1.43,7.882,56.561,20.3264
02/07/2024 22:11:07.000,20.5837,31.7562,1.43,7.882,56.670,20.3277
02/07/2024 22:12:07.999,20.5825,31.7554,1.43,7.882,56.530,20.3274
02/07/2024 22:13:07.002,20.5802,31.7547,1.44,7.882,56.692,20.3281
02/07/2024 22:14:07.001,20.5801,31.7556,1.43,7.882,56.635,20.3282
02/07/2024 22:15:07.000,20.5806,31.7562,1.43,7.882,56.731,20.3279
02/07/2024 22:16:07.999,20.5816,31.7566,1.43,7.883,56.610,20.3281
02/07/2024 22:17:07.001,20.5826,31.7543,1.43,7.883,56.545,20.3277
02/07/2024 22:18:07.000,20.5805,31.7556,1.44,7.883,56.624,20.3275
02/07/2024 22:19:07.000,20.5811,31.7555,1.43,7.883,56.670,20.3288
02/07/2024 22:20:07.999,20.5816,31.7551,1.44,7.883,56.576,20.3277
02/07/2024 22:21:07.001,20.5812,31.7561,1.44,7.883,56.630,20.3281
02/07/2024 22:22:07.000,20.5810,31.7554,1.44,7.882,56.665,20.3277
02/07/2024 22:23:07.999,20.5808,31.7561,1.43,7.882,56.687,20.3276
02/07/2024 22:24:07.998,20.5804,31.7573,1.43,7.883,56.653,20.3281
02/07/2024 22:25:07.001,20.5803,31.7573,1.43,7.882,56.666,20.3282
02/07/2024 22:26:07.000,20.5786,31.7558,1.43,7.882,56.603,20.3287
02/07/2024 22:27:07.999,20.5783,31.7569,1.44,7.883,56.643,20.3284
02/07/2024 22:28:07.002,20.5775,31.7570,1.43,7.883,56.693,20.3271
02/07/2024 22:29:07.001,20.5791,31.7565,1.43,7.883,56.665,20.3295
02/07/2024 22:30:07.000,20.5802,31.7572,1.43,7.883,56.625,20.3288
02/07/2024 22:31:07.999,20.5804,31.7554,1.44,7.883,56.656,20.3284
02/07/2024 22:32:07.001,20.5799,31.7553,1.44,7.883,56.567,20.3287
02/07/2024 22:33:07.000,20.5788,31.7574,1.44,7.883,56.605,20.3284
02/07/2024 22:34:07.000,20.5773,31.7567,1.44,7.883,56.647,20.3275
02/07/2024 22:35:07.999,20.5772,31.7556,1.44,7.883,56.671,20.3282
02/07/2024 22:36:07.001,20.5775,31.7562,1.44,7.883,56.554,20.3289
02/07/2024 22:37:07.000,20.5759,31.7570,1.43,7.883,56.746,20.3296
02/07/2024 22:38:07.999,20.5773,31.7575,1.43,7.882,56.660,20.3298
02/07/2024 22:39:07.998,20.5770,31.7569,1.43,7.882,56.586,20.3283
02/07/2024 22:40:07.001,20.5772,31.7580,1.44,7.882,56.504,20.3289
02/07/2024 22:41:07.000,20.5768,31.7572,1.43,7.882,56.778,20.3287
02/07/2024 22:42:07.999,20.5765,31.7568,1.44,7.882,56.608,20.3288
02/07/2024 22:43:07.002,20.5762,31.7580,1.44,7.882,56.589,20.3292
02/07/2024 22:44:07.001,20.5742,31.7561,1.44,7.882,56.491,20.3285
02/07/2024 22:45:07.000,20.5726,31.7581,1.43,7.882,56.588,20.3292
02/07/2024 22:46:07.999,20.5732,31.7580,1.44,7.881,56.615,20.3275
02/07/2024 22:47:07.001,20.5732,31.7571,1.44,7.881,56.648,20.3301
02/07/2024 22:48:07.000,20.5741,31.7562,1.44,7.881,56.672,20.3297
02/07/2024 22:49:07.000,20.5748,31.7583,1.44,7.882,56.676,20.3298
02/07/2024 22:50:07.999,20.5755,31.7574,1.44,7.882,56.658,20.3299
02/07/2024 22:51:07.001,20.5753,31.7574,1.43,7.882,56.747,20.3297
02/07/2024 22:52:07.000,20.5752,31.7570,1.43,7.882,56.716,20.3303
02/07/2024 22:53:07.999,20.5749,31.7578,1.43,7.883,56.641,20.3299
02/07/2024 22:54:07.998,20.5752,31.7588,1.44,7.883,56.601,20.3302
02/07/2024 22:55:07.001,20.5741,31.7572,1.43,7.883,56.684,20.3300
02/07/2024 22:56:07.000,20.5720,31.7586,1.44,7.884,56.674,20.3302
02/07/2024 22:57:07.999,20.5723,31.7571,1.44,7.884,56.605,20.3293
02/07/2024 22:58:07.002,20.5727,31.7581,1.43,7.884,56.673,20.3304
02/07/2024 22:59:07.001,20.5730,31.7582,1.43,7.884,56.620,20.3297
02/07/2024 23:00:07.000,20.5740,31.7583,1.43,7.885,56.702,20.3301
02/07/2024 23:01:07.999,20.5750,31.7560,1.43,7.885,56.671,20.3308
02/07/2024 23:02:07.001,20.5739,31.7578,1.43,7.885,56.639,20.3305
02/07/2024 23:03:07.000,20.5738,31.7574,1.43,7.885,56.609,20.3305
02/07/2024 23:04:07.000,20.5734,31.7577,1.44,7.885,56.683,20.3306
02/07/2024 23:05:07.999,20.5715,31.7578,1.43,7.886,56.775,20.3307
02/07/2024 23:06:07.001,20.5702,31.7576,1.43,7.886,56.622,20.3309
02/07/2024 23:07:07.000,20.5703,31.7575,1.44,7.886,56.714,20.3305
02/07/2024 23:08:07.999,20.5706,31.7591,1.43,7.886,56.714,20.3306
02/07/2024 23:09:07.998,20.5716,31.7571,1.43,7.886,56.777,20.3303
02/07/2024 23:10:07.001,20.5719,31.7585,1.44,7.886,56.651,20.3307
02/07/2024 23:11:07.000,20.5719,31.7592,1.43,7.887,56.725,20.3309
02/07/2024 23:12:07.999,20.5721,31.7589,1.43,7.887,56.706,20.3308
02/07/2024 23:13:07.002,20.5725,31.7594,1.44,7.887,56.659,20.3302
02/07/2024 23:14:07.001,20.5717,31.7587,1.44,7.888,56.668,20.3309
02/07/2024 23:15:07.000,20.5715,31.7585,1.44,7.888,56.635,20.3307
02/07/2024 23:16:07.999,20.5695,31.7578,1.44,7.888,56.572,20.3308
02/07/2024 23:17:07.001,20.5674,31.7583,1.44,7.889,56.574,20.3309
02/07/2024 23:18:07.000,20.5674,31.7595,1.43,7.889,56.619,20.3309
02/07/2024 23:19:07.000,20.5684,31.7585,1.43,7.889,56.604,20.3305
02/07/2024 23:20:07.999,20.5686,31.7594,1.44,7.889,56.601,20.3302
02/07/2024 23:21:07.001,20.5690,31.7596,1.43,7.889,56.746,20.3305
02/07/2024 23:22:07.000,20.5696,31.7581,1.44,7.889,56.606,20.3300
02/07/2024 23:23:07.999,20.5688,31.7594,1.44,7.889,56.628,20.3299
02/07/2024 23:24:07.998,20.5695,31.7590,1.44,7.889,56.679,20.3297
02/07/2024 23:25:07.001,20.5693,31.7581,1.44,7.888,56.696,20.3296
02/07/2024 23:26:07.000,20.5670,31.7592,1.44,7.888,56.834,20.3288
02/07/2024 23:27:07.999,20.5662,31.7587,1.44,7.888,56.648,20.3304
02/07/2024 23:28:07.002,20.5641,31.7587,1.44,7.888,56.666,20.3297
02/07/2024 23:29:07.001,20.5641,31.7598,1.44,7.888,56.709,20.3302
02/07/2024 23:30:07.000,20.5653,31.7591,1.44,7.888,56.753,20.3302
02/07/2024 23:31:07.999,20.5670,31.7606,1.44,7.888,56.710,20.3303
02/07/2024 23:32:07.001,20.5679,31.7593,1.44,7.888,56.800,20.3297
02/07/2024 23:33:07.000,20.5675,31.7595,1.44,7.888,56.776,20.3298
02/07/2024 23:34:07.000,20.5664,31.7597,1.44,7.888,56.807,20.3300
02/07/2024 23:35:07.999,20.5669,31.7603,1.44,7.888,56.698,20.3297
02/07/2024 23:36:07.001,20.5667,31.7597,1.44,7.888,56.775,20.3291
02/07/2024 23:37:07.000,20.5637,31.7596,1.44,7.888,56.608,20.3295
02/07/2024 23:38:07.999,20.5616,31.7599,1.44,7.888,56.748,20.3302
02/07/2024 23:39:07.998,20.5615,31.7600,1.44,7.888,56.765,20.3298
02/07/2024 23:40:07.001,20.5605,31.7602,1.44,7.888,56.667,20.3295
02/07/2024 23:41:07.000,20.5619,31.7602,1.44,7.888,56.738,20.3294
02/07/2024 23:42:07.999,20.5636,31.7604,1.44,7.888,56.559,20.3292
02/07/2024 23:43:07.002,20.5648,31.7599,1.43,7.888,56.708,20.3293
02/07/2024 23:44:07.001,20.5651,31.7595,1.44,7.888,56.648,20.3289
02/07/2024 23:45:07.000,20.5637,31.7603,1.44,7.888,56.653,20.3280
02/07/2024 23:46:07.999,20.5622,31.7587,1.43,7.887,56.736,20.3283
02/07/2024 23:47:07.001,20.5611,31.7606,1.43,7.887,56.700,20.3289
02/07/2024 23:48:07.000,20.5606,31.7586,1.44,7.887,56.632,20.3291
02/07/2024 23:49:07.000,20.5574,31.7601,1.43,7.887,56.764,20.3291
02/07/2024 23:50:07.999,20.5575,31.7611,1.43,7.887,56.727,20.3295
02/07/2024 23:51:07.001,20.5587,31.7605,1.44,7.887,56.725,20.3293
02/07/2024 23:52:07.000,20.5593,31.7595,1.43,7.887,56.721,20.3275
02/07/2024 23:53:07.999,20.5604,31.7600,1.43,7.887,56.779,20.3288
02/07/2024 23:54:07.998,20.5613,31.7603,1.44,7.887,56.797,20.3292
02/07/2024 23:55:07.001,20.5607,31.7611,1.43,7.887,56.613,20.3289
02/07/2024 23:56:07.000,20.5602,31.7600,1.44,7.887,56.628,20.3289
02/07/2024 23:57:07.999,20.5592,31.7607,1.44,7.887,56.695,20.3285
02/07/2024 23:58:07.002,20.5579,31.7606,1.44,7.886,56.636,20.3285
02/07/2024 23:59:07.001,20.5558,31.7599,1.44,7.887,56.683,20.3278
03/07/2024 00:00:07.000,20.5545,31.7616,1.44,7.887,56.645,20.3281
03/07/2024 00:01:07.999,20.5551,31.7618,1.44,7.886,56.568,20.3287
03/07/2024 00:02:07.001,20.5565,31.7604,1.43,7.886,56.649,20.3274
03/07/2024 00:03:07.000,20.5573,31.7607,1.43,7.887,56.653,20.3286
03/07/2024 00:04:07.000,20.5579,31.7598,1.44,7.887,56.680,20.3281
03/07/2024 00:05:07.999,20.5576,31.7616,1.44,7.887,56.647,20.3280
03/07/2024 00:06:07.001,20.5570,31.7605,1.44,7.887,56.761,20.3280
03/07/2024 00:07:07.000,20.5561,31.7616,1.43,7.886,56.656,20.3280
03/07/2024 00:08:07.999,20.5544,31.7611,1.44,7.887,56.705,20.3278
03/07/2024 00:09:07.998,20.5540,31.7610,1.43,7.886,56.612,20.3280
03/07/2024 00:10:07.001,20.5530,31.7605,1.43,7.886,56.554,20.3284
03/07/2024 00:11:07.000,20.5526,31.7615,1.43,7.886,56.587,20.3274
03/07/2024 00:12:07.999,20.5536,31.7612,1.43,7.886,56.603,20.3197
03/07/2024 00:13:07.002,20.5534,31.7618,1.43,7.885,56.715,20.3199
03/07/2024 00:14:07.001,20.5533,31.7619,1.43,7.885,56.607,20.3198
03/07/2024 00:15:07.000,20.5530,31.7613,1.43,7.885,56.550,20.3207
03/07/2024 00:16:07.999,20.5536,31.7615,1.43,7.885,56.667,20.3209
03/07/2024 00:17:07.001,20.5535,31.7607,1.43,7.885,56.648,20.3209
03/07/2024 00:18:07.000,20.5518,31.7619,1.43,7.885,56.744,20.3207
03/07/2024 00:19:07.000,20.5511,31.7618,1.43,7.885,56.729,20.3212
03/07/2024 00:20:07.999,20.5504,31.7621,1.44,7.885,56.735,20.3209
03/07/2024 00:21:07.001,20.5497,31.7612,1.43,7.885,56.799,20.3208
03/07/2024 00:22:07.000,20.5487,31.7620,1.44,7.885,56.763,20.3210
03/07/2024 00:23:07.999,20.5502,31.7628,1.44,7.886,56.712,20.3211
03/07/2024 00:24:07.998,20.5508,31.7612,1.44,7.886,56.762,20.3209
03/07/2024 00:25:07.001,20.5505,31.7622,1.44,7.886,56.649,20.3206
03/07/2024 00:26:07.000,20.5516,31.7619,1.44,7.886,56.674,20.3203
03/07/2024 00:27:07.999,20.5526,31.7621,1.44,7.886,56.650,20.3207
03/07/2024 00:28:07.002,20.5518,31.7615,1.44,7.885,56.603,20.3209
03/07/2024 00:29:07.001,20.5494,31.7603,1.44,7.885,56.670,20.3211
03/07/2024 00:30:07.000,20.5477,31.7615,1.43,7.885,56.594,20.3209
03/07/2024 00:31:07.999,20.5474,31.7626,1.44,7.885,56.698,20.3203
03/07/2024 00:32:07.001,20.5457,31.7624,1.43,7.885,56.648,20.3206
03/07/2024 00:33:07.000,20.5452,31.7632,1.43,7.885,56.643,20.3206
03/07/2024 00:34:07.000,20.5452,31.7624,1.43,7.885,56.791,20.3209
03/07/2024 00:35:07.999,20.5461,31.7637,1.43,7.885,56.826,20.3200
03/07/2024 00:36:07.001,20.5461,31.7623,1.43,7.885,56.756,20.3204
03/07/2024 00:37:07.000,20.5471,31.7631,1.43,7.884,56.685,20.3201
03/07/2024 00:38:07.999,20.5473,31.7622,1.43,7.884,56.732,20.3198
03/07/2024 00:39:07.998,20.5464,31.7617,1.43,7.884,56.762,20.3193
03/07/2024 00:40:07.001,20.5449,31.7615,1.43,7.884,56.742,20.3183
03/07/2024 00:41:07.000,20.5430,31.7623,1.43,7.884,56.707,20.3199
03/07/2024 00:42:07.999,20.5423,31.7619,1.43,7.884,56.581,20.3203
03/07/2024 00:43:07.002,20.5417,31.7630,1.43,7.884,56.713,20.3209
03/07/2024 00:44:07.001,20.5420,31.7629,1.43,7.884,56.604,20.3207
03/07/2024 00:45:07.000,20.5427,31.7627,1.44,7.885,56.751,20.3192
03/07/2024 00:46:07.999,20.5444,31.7625,1.44,7.885,56.706,20.3212
03/07/2024 00:47:07.001,20.5450,31.7630,1.43,7.885,56.745,20.3212
03/07/2024 00:48:07.000,20.5453,31.7628,1.43,7.885,56.583,20.3211
03/07/2024 00:49:07.000,20.5457,31.7615,1.44,7.885,56.725,20.3212
03/07/2024 00:50:07.999,20.5434,31.7618,1.44,7.885,56.687,20.3206
03/07/2024 00:51:07.001,20.5413,31.7630,1.44,7.885,56.558,20.3204
03/07/2024 00:52:07.000,20.5402,31.7630,1.43,7.885,56.876,20.3205
03/07/2024 00:53:07.999,20.5404,31.7629,1.43,7.885,56.824,20.3207
03/07/2024 00:54:07.998,20.5401,31.7642,1.44,7.885,56.824,20.3206
03/07/2024 00:55:07.001,20.5406,31.7632,1.44,7.885,56.812,20.3201
03/07/2024 00:56:07.000,20.5417,31.7622,1.43,7.885,56.766,20.3208
03/07/2024 00:57:07.999,20.5424,31.7634,1.43,7.885,56.802,20.3211
03/07/2024 00:58:07.998,20.5421,31.7646,1.44,7.885,56.806,20.3213
03/07/2024 00:59:07.997,20.5416,31.7621,1.43,7.885,56.623,20.3209
03/07/2024 01:00:07.003,20.5406,31.7624,1.44,7.886,56.709,20.3213
03/07/2024 01:01:07.002,20.5395,31.7629,1.44,7.885,56.715,20.3212
03/07/2024 01:02:07.001,20.5386,31.7637,1.44,7.886,56.795,20.3213
03/07/2024 01:03:07.000,20.5384,31.7621,1.43,7.885,56.747,20.3210
03/07/2024 01:04:07.000,20.5381,31.7631,1.44,7.885,56.737,20.3209
03/07/2024 01:05:07.999,20.5378,31.7637,1.44,7.886,56.803,20.3209
03/07/2024 01:06:07.998,20.5381,31.7645,1.44,7.886,56.712,20.3209
03/07/2024 01:07:07.997,20.5391,31.7641,1.44,7.886,56.727,20.3208
03/07/2024 01:08:07.003,20.5388,31.7631,1.43,7.885,56.733,20.3208
03/07/2024 01:09:07.002,20.5384,31.7638,1.44,7.885,56.762,20.3206
03/07/2024 01:10:07.001,20.5388,31.7625,1.44,7.885,56.787,20.3207
03/07/2024 01:11:07.000,20.5365,31.7647,1.43,7.885,56.834,20.3201
03/07/2024 01:12:07.999,20.5373,31.7632,1.44,7.885,56.730,20.3199
03/07/2024 01:13:07.998,20.5371,31.7633,1.44,7.885,56.890,20.3204
03/07/2024 01:14:07.997,20.5353,31.7643,1.44,7.885,56.663,20.3201
03/07/2024 01:15:07.003,20.5328,31.7636,1.44,7.885,56.785,20.3197
03/07/2024 01:16:07.002,20.5333,31.7651,1.44,7.885,56.833,20.3197
03/07/2024 01:17:07.001,20.5352,31.7640,1.44,7.885,56.780,20.3195
03/07/2024 01:18:07.000,20.5351,31.7656,1.44,7.885,56.667,20.3195
03/07/2024 01:19:07.000,20.5356,31.7647,1.44,7.884,56.720,20.3195
03/07/2024 01:20:07.999,20.5350,31.7646,1.44,7.884,56.858,20.3194
03/07/2024 01:21:07.998,20.5358,31.7641,1.44,7.884,56.770,20.3194
03/07/2024 01:22:07.997,20.5350,31.7636,1.44,7.884,56.718,20.3189
03/07/2024 01:23:07.003,20.5340,31.7635,1.44,7.884,56.819,20.3190
03/07/2024 01:24:07.002,20.5317,31.7645,1.44,7.885,56.788,20.3182
03/07/2024 01:25:07.001,20.5288,31.7644,1.44,7.885,56.711,20.3184
03/07/2024 01:26:07.000,20.5286,31.7658,1.44,7.885,56.818,20.3183
03/07/2024 01:27:07.999,20.5304,31.7657,1.44,7.885,56.812,20.3183
03/07/2024 01:28:07.998,20.5316,31.7643,1.44,7.885,56.848,20.3177
03/07/2024 01:29:07.997,20.5316,31.7648,1.44,7.885,56.881,20.3177
03/07/2024 01:30:07.003,20.5334,31.7644,1.44,7.885,56.823,20.3177
03/07/2024 01:31:07.002,20.5345,31.7637,1.44,7.885,56.840,20.3182
03/07/2024 01:32:07.001,20.5331,31.7646,1.44,7.885,56.773,20.3178
03/07/2024 01:33:07.000,20.5333,31.7651,1.44,7.885,56.779,20.3172
03/07/2024 01:34:07.000,20.5321,31.7647,1.44,7.886,56.909,20.3170
03/07/2024 01:35:07.999,20.5304,31.7654,1.45,7.886,56.891,20.3169
03/07/2024 01:36:07.998,20.5293,31.7644,1.44,7.886,56.762,20.3169
03/07/2024 01:37:07.997,20.5283,31.7655,1.44,7.887,56.912,20.3169
03/07/2024 01:38:07.003,20.5292,31.7654,1.44,7.887,56.765,20.3170
03/07/2024 01:39:07.002,20.5297,31.7657,1.44,7.887,56.740,20.3167
03/07/2024 01:40:07.001,20.5290,31.7649,1.44,7.887,56.636,20.3169
03/07/2024 01:41:07.000,20.5296,31.7648,1.44,7.888,56.663,20.3167
03/07/2024 01:42:07.999,20.5292,31.7656,1.44,7.888,56.732,20.3163
03/07/2024 01:43:07.998,20.5288,31.7666,1.45,7.888,56.784,20.3161
03/07/2024 01:44:07.997,20.5278,31.7658,1.44,7.888,56.776,20.3146
03/07/2024 01:45:07.003,20.5265,31.7648,1.44,7.888,56.824,20.3158
03/07/2024 01:46:07.002,20.5263,31.7638,1.44,7.888,56.802,20.3156
03/07/2024 01:47:07.001,20.5237,31.7646,1.44,7.888,56.784,20.3151
03/07/2024 01:48:07.000,20.5232,31.7654,1.44,7.889,56.779,20.3152
03/07/2024 01:49:07.000,20.5238,31.7668,1.44,7.889,56.907,20.3149
03/07/2024 01:50:07.999,20.5247,31.7648,1.44,7.889,56.980,20.3147
03/07/2024 01:51:07.998,20.5250,31.7656,1.44,7.889,56.807,20.3149
03/07/2024 01:52:07.997,20.5244,31.7658,1.44,7.889,56.784,20.3146
03/07/2024 01:53:07.003,20.5237,31.7665,1.44,7.889,56.753,20.3137
03/07/2024 01:54:07.002,20.5247,31.7659,1.44,7.890,56.868,20.3142
03/07/2024 01:55:07.001,20.5231,31.7659,1.44,7.890,56.729,20.3137
03/07/2024 01:56:07.000,20.5221,31.7658,1.44,7.890,56.829,20.3141
03/07/2024 01:57:07.999,20.5210,31.7647,1.44,7.890,56.822,20.3141
03/07/2024 01:58:07.998,20.5188,31.7646,1.44,7.890,56.763,20.3139
03/07/2024 01:59:07.997,20.5188,31.7661,1.44,7.891,56.882,20.3136
03/07/2024 02:00:07.003,20.5198,31.7659,1.43,7.891,56.764,20.3131
03/07/2024 02:01:07.002,20.5215,31.7667,1.44,7.891,56.831,20.3137
03/07/2024 02:02:07.001,20.5219,31.7658,1.44,7.891,56.865,20.3134
03/07/2024 02:03:07.000,20.5218,31.7667,1.44,7.891,56.869,20.3114
03/07/2024 02:04:07.000,20.5213,31.7668,1.44,7.892,56.723,20.3130
03/07/2024 02:05:07.999,20.5211,31.7674,1.44,7.892,56.904,20.3132
03/07/2024 02:06:07.998,20.5199,31.7676,1.43,7.892,56.836,20.3129
03/07/2024 02:07:07.997,20.5210,31.7664,1.44,7.892,56.764,20.3127
03/07/2024 02:08:07.003,20.5183,31.7664,1.44,7.892,56.925,20.3123
03/07/2024 02:09:07.002,20.5163,31.7656,1.44,7.892,56.923,20.3120
03/07/2024 02:10:07.001,20.5143,31.7669,1.44,7.892,56.864,20.3120
03/07/2024 02:11:07.000,20.5161,31.7665,1.44,7.892,56.977,20.3123
03/07/2024 02:12:07.999,20.5172,31.7677,1.44,7.893,56.833,20.3118
03/07/2024 02:13:07.998,20.5183,31.7672,1.44,7.893,56.794,20.3109
03/07/2024 02:14:07.997,20.5186,31.7661,1.44,7.893,56.787,20.3109
03/07/2024 02:15:07.003,20.5187,31.7674,1.44,7.893,56.850,20.3107
03/07/2024 02:16:07.002,20.5181,31.7664,1.44,7.893,56.872,20.3102
03/07/2024 02:17:07.001,20.5169,31.7664,1.44,7.893,56.764,20.3101
03/07/2024 02:18:07.000,20.5141,31.7664,1.44,7.893,56.770,20.3103
03/07/2024 02:19:07.000,20.5146,31.7659,1.44,7.893,56.880,20.3104
03/07/2024 02:20:07.999,20.5139,31.7655,1.44,7.894,56.762,20.3095
03/07/2024 02:21:07.998,20.5114,31.7662,1.43,7.894,56.787,20.3094
03/07/2024 02:22:07.997,20.5114,31.7672,1.44,7.894,56.843,20.3088
03/07/2024 02:23:07.003,20.5135,31.7671,1.43,7.894,56.883,20.3084
03/07/2024 02:24:07.002,20.5138,31.7686,1.43,7.894,56.851,20.3086
03/07/2024 02:25:07.001,20.5140,31.7667,1.43,7.894,56.952,20.3082
03/07/2024 02:26:07.000,20.5144,31.7666,1.43,7.894,56.964,20.3081
03/07/2024 02:27:07.999,20.5139,31.7652,1.43,7.894,56.902,20.3080
03/07/2024 02:28:07.998,20.5110,31.7675,1.43,7.895,56.949,20.3075
03/07/2024 02:29:07.997,20.5106,31.7671,1.43,7.895,57.048,20.3073
03/07/2024 02:30:07.003,20.5095,31.7667,1.44,7.895,56.959,20.3070
03/07/2024 02:31:07.002,20.5083,31.7672,1.43,7.895,56.948,20.3070
03/07/2024 02:32:07.001,20.5084,31.7673,1.43,7.895,56.902,20.3071
03/07/2024 02:33:07.000,20.5089,31.7679,1.43,7.895,56.779,20.3067
03/07/2024 02:34:07.000,20.5096,31.7698,1.44,7.895,56.981,20.3062
03/07/2024 02:35:07.999,20.5106,31.7682,1.43,7.895,56.870,20.3065
03/07/2024 02:36:07.998,20.5111,31.7676,1.43,7.895,56.826,20.3058
03/07/2024 02:37:07.997,20.5116,31.7674,1.44,7.895,56.794,20.3055
03/07/2024 02:38:07.003,20.5100,31.7679,1.44,7.896,56.802,20.3047
03/07/2024 02:39:07.002,20.5093,31.7683,1.44,7.896,56.795,20.3057
03/07/2024 02:40:07.001,20.5092,31.7673,1.44,7.896,56.834,20.3050
03/07/2024 02:41:07.000,20.5064,31.7673,1.44,7.896,56.789,20.3052
03/07/2024 02:42:07.999,20.5056,31.7673,1.44,7.896,56.717,20.3044
03/07/2024 02:43:07.998,20.5047,31.7678,1.44,7.896,56.854,20.3047
03/07/2024 02:44:07.997,20.5056,31.7681,1.44,7.896,56.720,20.3042
03/07/2024 02:45:07.003,20.5058,31.7683,1.44,7.896,56.840,20.3040
03/07/2024 02:46:07.002,20.5071,31.7678,1.44,7.896,56.694,20.3043
03/07/2024 02:47:07.001,20.5077,31.7681,1.44,7.897,56.706,20.3041
03/07/2024 02:48:07.000,20.5073,31.7689,1.44,7.897,56.789,20.3037
03/07/2024 02:49:07.000,20.5076,31.7685,1.44,7.897,56.734,20.3034
03/07/2024 02:50:07.999,20.5076,31.7693,1.44,7.897,56.963,20.3028
03/07/2024 02:51:07.998,20.5069,31.7681,1.44,7.897,56.856,20.3029
03/07/2024 02:52:07.997,20.5075,31.7694,1.44,7.897,56.743,20.3027
03/07/2024 02:53:07.003,20.5083,31.7686,1.44,7.897,56.839,20.3025
03/07/2024 02:54:07.002,20.5087,31.7694,1.44,7.897,56.695,20.3027
03/07/2024 02:55:07.001,20.5089,31.7702,1.44,7.897,56.725,20.3025
03/07/2024 02:56:07.000,20.5116,31.7695,1.44,7.897,56.790,20.3020
03/07/2024 02:57:07.999,20.5124,31.7699,1.44,7.898,56.722,20.3020
03/07/2024 02:58:07.998,20.5135,31.7686,1.44,7.898,56.915,20.3020
03/07/2024 02:59:07.997,20.5150,31.7690,1.44,7.898,56.704,20.3020
03/07/2024 03:00:07.003,20.5153,31.7696,1.44,7.898,56.769,20.3018
03/07/2024 03:01:07.002,20.5147,31.7704,1.44,7.898,56.885,20.3015
03/07/2024 03:02:07.001,20.5149,31.7688,1.44,7.898,56.783,20.3018
03/07/2024 03:03:07.000,20.5138,31.7691,1.44,7.899,56.741,20.3010
03/07/2024 03:04:07.000,20.5150,31.7691,1.44,7.899,56.805,20.3008
03/07/2024 03:05:07.999,20.5148,31.7693,1.44,7.899,56.814,20.3011
03/07/2024 03:06:07.998,20.5141,31.7698,1.44,7.899,56.837,20.3004
03/07/2024 03:07:07.997,20.5137,31.7680,1.44,7.899,56.798,20.3005
03/07/2024 03:08:07.003,20.5143,31.7692,1.44,7.899,56.837,20.3008
03/07/2024 03:09:07.002,20.5144,31.7695,1.44,7.900,56.936,20.3005
03/07/2024 03:10:07.001,20.5151,31.7704,1.44,7.900,56.829,20.2995
03/07/2024 03:11:07.000,20.5162,31.7697,1.44,7.900,56.807,20.3007
03/07/2024 03:12:07.999,20.5169,31.7679,1.44,7.900,56.840,20.3000
03/07/2024 03:13:07.998,20.5153,31.7701,1.44,7.900,56.822,20.2996
03/07/2024 03:14:07.997,20.5166,31.7707,1.44,7.900,56.834,20.2997
03/07/2024 03:15:07.003,20.5171,31.7690,1.44,7.900,56.824,20.2997
03/07/2024 03:16:07.002,20.5163,31.7694,1.44,7.900,56.773,20.2998
03/07/2024 03:17:07.001,20.5173,31.7691,1.44,7.901,56.832,20.2997
03/07/2024 03:18:07.000,20.5164,31.7709,1.44,7.901,56.663,20.2995
03/07/2024 03:19:07.000,20.5176,31.7701,1.43,7.901,56.774,20.2990
03/07/2024 03:20:07.999,20.5186,31.7698,1.44,7.901,56.799,20.2994
03/07/2024 03:21:07.998,20.5190,31.7701,1.44,7.902,56.803,20.2989
03/07/2024 03:22:07.997,20.5185,31.7685,1.44,7.902,56.794,20.2989
03/07/2024 03:23:07.003,20.5174,31.7689,1.44,7.902,56.919,20.2991
03/07/2024 03:24:07.002,20.5168,31.7703,1.44,7.902,56.828,20.2989
03/07/2024 03:25:07.001,20.5171,31.7702,1.43,7.903,56.779,20.2988
03/07/2024 03:26:07.000,20.5174,31.7699,1.44,7.903,56.817,20.2991
03/07/2024 03:27:07.999,20.5170,31.7708,1.44,7.903,56.852,20.2983
03/07/2024 03:28:07.998,20.5178,31.7698,1.43,7.903,56.828,20.2986
03/07/2024 03:29:07.997,20.5175,31.7700,1.43,7.903,56.597,20.2987
03/07/2024 03:30:07.003,20.5176,31.7701,1.44,7.903,56.754,20.2987
03/07/2024 03:31:07.002,20.5178,31.7703,1.44,7.903,56.758,20.2984
03/07/2024 03:32:07.001,20.5184,31.7704,1.44,7.904,56.740,20.2980
03/07/2024 03:33:07.000,20.5187,31.7690,1.44,7.904,56.772,20.2983
03/07/2024 03:34:07.000,20.5182,31.7709,1.44,7.904,56.727,20.2977
03/07/2024 03:35:07.999,20.5183,31.7713,1.44,7.904,56.772,20.2981
03/07/2024 03:36:07.998,20.5196,31.7707,1.44,7.904,56.803,20.2985
03/07/2024 03:37:07.997,20.5193,31.7708,1.44,7.904,56.775,20.2981
03/07/2024 03:38:07.003,20.5195,31.7717,1.44,7.905,56.820,20.2979
03/07/2024 03:39:07.002,20.5190,31.7713,1.44,7.905,56.793,20.2977
03/07/2024 03:40:07.001,20.5200,31.7712,1.44,7.905,56.763,20.2979
03/07/2024 03:41:07.000,20.5204,31.7706,1.44,7.905,56.882,20.2979
03/07/2024 03:42:07.999,20.5205,31.7712,1.44,7.905,56.959,20.2982
03/07/2024 03:43:07.998,20.5216,31.7700,1.44,7.905,56.728,20.2980
03/07/2024 03:44:07.997,20.5215,31.7704,1.44,7.905,56.836,20.2982
03/07/2024 03:45:07.003,20.5215,31.7715,1.44,7.905,56.802,20.2984
03/07/2024 03:46:07.002,20.5225,31.7711,1.44,7.906,56.720,20.2980
03/07/2024 03:47:07.001,20.5211,31.7715,1.44,7.906,56.738,20.2980
03/07/2024 03:48:07.000,20.5229,31.7709,1.44,7.906,56.748,20.2976
03/07/2024 03:49:07.000,20.5234,31.7712,1.44,7.906,56.667,20.2979
03/07/2024 03:50:07.999,20.5236,31.7710,1.44,7.906,56.615,20.2980
03/07/2024 03:51:07.998,20.5231,31.7702,1.44,7.906,56.739,20.2978
03/07/2024 03:52:07.997,20.5237,31.7719,1.44,7.906,56.797,20.2981
03/07/2024 03:53:07.003,20.5244,31.7710,1.44,7.906,56.801,20.2979
03/07/2024 03:54:07.002,20.5249,31.7711,1.44,7.906,56.809,20.2978
03/07/2024 03:55:07.001,20.5246,31.7705,1.44,7.906,56.749,20.2980
03/07/2024 03:56:07.000,20.5256,31.7712,1.44,7.906,56.723,20.2981
03/07/2024 03:57:07.999,20.5269,31.7719,1.44,7.906,56.776,20.2979
03/07/2024 03:58:07.998,20.5265,31.7706,1.44,7.906,56.761,20.2983
03/07/2024 03:59:07.997,20.5276,31.7705,1.44,7.906,56.838,20.2986
03/07/2024 04:00:07.003,20.5273,31.7719,1.44,7.906,56.806,20.2981
03/07/2024 04:01:07.002,20.5277,31.7714,1.44,7.906,56.876,20.2982
03/07/2024 04:02:07.001,20.5284,31.7717,1.44,7.906,56.877,20.2985
03/07/2024 04:03:07.000,20.5290,31.7710,1.44,7.906,56.728,20.2986
03/07/2024 04:04:07.000,20.5299,31.7728,1.44,7.907,56.837,20.2987
03/07/2024 04:05:07.999,20.5316,31.7728,1.43,7.907,56.796,20.2985
03/07/2024 04:06:07.998,20.5322,31.7715,1.44,7.907,56.933,20.2992
03/07/2024 04:07:07.997,20.5327,31.7718,1.44,7.907,56.773,20.2988
03/07/2024 04:08:07.003,20.5328,31.7715,1.44,7.907,56.656,20.2992
03/07/2024 04:09:07.002,20.5332,31.7713,1.44,7.908,56.839,20.2995
03/07/2024 04:10:07.001,20.5333,31.7720,1.44,7.908,56.837,20.2995
03/07/2024 04:11:07.000,20.5336,31.7721,1.44,7.909,56.771,20.2998
03/07/2024 04:12:07.999,20.5349,31.7708,1.44,7.909,56.725,20.2999
03/07/2024 04:13:07.998,20.5352,31.7722,1.44,7.909,56.826,20.3003
03/07/2024 04:14:07.997,20.5355,31.7713,1.44,7.909,56.825,20.3007
03/07/2024 04:15:07.003,20.5360,31.7715,1.44,7.909,56.887,20.3001
03/07/2024 04:16:07.002,20.5360,31.7720,1.44,7.910,56.855,20.3007
03/07/2024 04:17:07.001,20.5372,31.7715,1.44,7.910,56.897,20.3010
03/07/2024 04:18:07.000,20.5379,31.7705,1.44,7.910,56.822,20.3009
03/07/2024 04:19:07.000,20.5379,31.7715,1.44,7.910,56.779,20.3009
03/07/2024 04:20:07.999,20.5378,31.7719,1.44,7.911,56.817,20.3011
03/07/2024 04:21:07.998,20.5393,31.7721,1.44,7.911,56.597,20.3017
03/07/2024 04:22:07.997,20.5401,31.7712,1.44,7.911,56.884,20.3006
03/07/2024 04:23:07.003,20.5409,31.7727,1.44,7.911,56.789,20.3021
03/07/2024 04:24:07.002,20.5421,31.7722,1.44,7.912,56.855,20.3019
03/07/2024 04:25:07.001,20.5429,31.7726,1.44,7.912,56.797,20.3024
03/07/2024 04:26:07.000,20.5425,31.7721,1.44,7.912,56.842,20.3024
03/07/2024 04:27:07.999,20.5427,31.7725,1.44,7.912,56.891,20.3025
03/07/2024 04:28:07.998,20.5436,31.7715,1.44,7.912,56.851,20.3030
03/07/2024 04:29:07.997,20.5439,31.7721,1.44,7.912,56.742,20.3032
03/07/2024 04:30:07.003,20.5445,31.7721,1.44,7.912,56.724,20.3029
03/07/2024 04:31:07.002,20.5448,31.7723,1.44,7.912,56.813,20.3034
03/07/2024 04:32:07.001,20.5457,31.7724,1.44,7.912,56.823,20.3033
03/07/2024 04:33:07.000,20.5450,31.7725,1.44,7.912,56.783,20.3035
03/07/2024 04:34:07.000,20.5452,31.7711,1.44,7.912,56.612,20.3041
03/07/2024 04:35:07.999,20.5449,31.7731,1.44,7.912,56.787,20.3043
03/07/2024 04:36:07.998,20.5461,31.7716,1.44,7.912,56.843,20.3045
03/07/2024 04:37:07.997,20.5465,31.7713,1.44,7.912,56.860,20.3042
03/07/2024 04:38:07.003,20.5476,31.7720,1.43,7.912,56.830,20.3050
03/07/2024 04:39:07.002,20.5485,31.7716,1.44,7.913,56.759,20.3049
03/07/2024 04:40:07.001,20.5494,31.7717,1.43,7.913,56.763,20.3050
03/07/2024 04:41:07.000,20.5497,31.7728,1.43,7.913,56.655,20.3053
03/07/2024 04:42:07.999,20.5500,31.7725,1.43,7.913,56.669,20.3056
03/07/2024 04:43:07.998,20.5515,31.7725,1.43,7.913,56.606,20.3057
03/07/2024 04:44:07.997,20.5523,31.7726,1.44,7.913,56.601,20.3060
03/07/2024 04:45:07.003,20.5525,31.7734,1.43,7.913,56.882,20.3062
03/07/2024 04:46:07.002,20.5528,31.7725,1.43,7.913,56.649,20.3061
03/07/2024 04:47:07.001,20.5533,31.7722,1.43,7.913,56.719,20.3063
03/07/2024 04:48:07.000,20.5537,31.7729,1.44,7.913,56.810,20.3069
03/07/2024 04:49:07.000,20.5530,31.7719,1.43,7.913,56.762,20.3074
03/07/2024 04:50:07.999,20.5523,31.7732,1.43,7.913,56.761,20.3075
03/07/2024 04:51:07.998,20.5529,31.7716,1.43,7.913,56.652,20.3074
03/07/2024 04:52:07.997,20.5523,31.7733,1.43,7.913,56.822,20.3078
03/07/2024 04:53:07.003,20.5538,31.7726,1.43,7.913,56.765,20.3082
03/07/2024 04:54:07.002,20.5566,31.7727,1.44,7.913,56.861,20.3086
03/07/2024 04:55:07.001,20.5581,31.7732,1.43,7.913,56.745,20.3087
03/07/2024 04:56:07.000,20.5591,31.7734,1.43,7.913,56.832,20.3087
03/07/2024 04:57:07.999,20.5602,31.7730,1.44,7.913,56.812,20.3092
03/07/2024 04:58:07.998,20.5614,31.7747,1.43,7.913,56.774,20.3097
03/07/2024 04:59:07.997,20.5620,31.7720,1.44,7.913,56.838,20.3099
03/07/2024 05:00:07.003,20.5597,31.7740,1.44,7.913,56.784,20.3100
03/07/2024 05:01:07.002,20.5596,31.7733,1.44,7.913,56.825,20.3111
03/07/2024 05:02:07.001,20.5589,31.7729,1.44,7.913,56.737,20.3106
03/07/2024 05:03:07.000,20.5589,31.7725,1.44,7.913,56.722,20.3111
03/07/2024 05:04:07.000,20.5594,31.7741,1.44,7.914,56.692,20.3113
03/07/2024 05:05:07.999,20.5598,31.7741,1.43,7.914,56.802,20.3116
03/07/2024 05:06:07.998,20.5592,31.7736,1.44,7.914,56.790,20.3102
03/07/2024 05:07:07.997,20.5596,31.7737,1.44,7.914,56.702,20.3120
03/07/2024 05:08:07.003,20.5598,31.7729,1.44,7.914,56.810,20.3128
03/07/2024 05:09:07.002,20.5586,31.7738,1.44,7.914,56.741,20.3113
03/07/2024 05:10:07.001,20.5595,31.7745,1.43,7.914,56.759,20.3129
03/07/2024 05:11:07.000,20.5612,31.7723,1.44,7.914,56.738,20.3126
03/07/2024 05:12:07.999,20.5615,31.7733,1.44,7.915,56.686,20.3134
03/07/2024 05:13:07.998,20.5609,31.7727,1.44,7.915,56.849,20.3137
03/07/2024 05:14:07.997,20.5603,31.7732,1.45,7.915,56.824,20.3136
03/07/2024 05:15:07.003,20.5612,31.7730,1.44,7.915,56.858,20.3138
03/07/2024 05:16:07.002,20.5610,31.7750,1.44,7.915,56.813,20.3141
03/07/2024 05:17:07.001,20.5610,31.7734,1.44,7.915,56.779,20.3141
03/07/2024 05:18:07.000,20.5600,31.7736,1.44,7.915,56.839,20.3143
03/07/2024 05:19:07.000,20.5598,31.7730,1.44,7.915,56.833,20.3148
03/07/2024 05:20:07.999,20.5606,31.7730,1.44,7.915,56.839,20.3140
03/07/2024 05:21:07.998,20.5609,31.7724,1.44,7.915,56.867,20.3146
03/07/2024 05:22:07.997,20.5598,31.7738,1.44,7.915,56.824,20.3148
03/07/2024 05:23:07.003,20.5606,31.7725,1.44,7.915,56.790,20.3149
03/07/2024 05:24:07.002,20.5595,31.7732,1.44,7.915,56.938,20.3153
03/07/2024 05:25:07.001,20.5611,31.7738,1.44,7.915,56.868,20.3155
03/07/2024 05:26:07.000,20.5610,31.7748,1.44,7.914,56.894,20.3158
03/07/2024 05:27:07.999,20.5609,31.7746,1.44,7.914,56.789,20.3161
03/07/2024 05:28:07.998,20.5626,31.7750,1.44,7.914,56.896,20.3165
03/07/2024 05:29:07.997,20.5636,31.7724,1.44,7.914,56.737,20.3164
03/07/2024 05:30:07.003,20.5640,31.7741,1.44,7.914,56.864,20.3164
03/07/2024 05:31:07.002,20.5655,31.7731,1.44,7.914,56.868,20.3167
03/07/2024 05:32:07.001,20.5659,31.7738,1.44,7.914,56.776,20.3172
03/07/2024 05:33:07.000,20.5660,31.7730,1.44,7.914,56.809,20.3173
03/07/2024 05:34:07.000,20.5649,31.7740,1.44,7.914,56.902,20.3176
03/07/2024 05:35:07.999,20.5639,31.7746,1.44,7.914,56.940,20.3179
03/07/2024 05:36:07.998,20.5643,31.7738,1.44,7.914,56.843,20.3179
03/07/2024 05:37:07.997,20.5642,31.7737,1.44,7.914,56.794,20.3175
03/07/2024 05:38:07.003,20.5644,31.7745,1.44,7.914,56.788,20.3181
03/07/2024 05:39:07.002,20.5652,31.7745,1.44,7.914,56.904,20.3186
03/07/2024 05:40:07.001,20.5649,31.7748,1.44,7.914,56.922,20.3188
03/07/2024 05:41:07.000,20.5666,31.7750,1.44,7.914,56.807,20.3193
03/07/2024 05:42:07.999,20.5672,31.7739,1.44,7.914,56.800,20.3195
03/07/2024 05:43:07.998,20.5669,31.7757,1.44,7.914,56.924,20.3198
03/07/2024 05:44:07.997,20.5680,31.7747,1.44,7.914,56.935,20.3200
03/07/2024 05:45:07.003,20.5693,31.7750,1.44,7.914,56.819,20.3203
03/07/2024 05:46:07.002,20.5710,31.7732,1.44,7.914,56.725,20.3207
03/07/2024 05:47:07.001,20.5714,31.7741,1.44,7.914,56.866,20.3207
03/07/2024 05:48:07.000,20.5715,31.7756,1.44,7.914,56.834,20.3211
03/07/2024 05:49:07.000,20.5711,31.7742,1.44,7.914,56.992,20.3208
03/07/2024 05:50:07.999,20.5704,31.7762,1.44,7.914,56.806,20.3213
03/07/2024 05:51:07.998,20.5700,31.7755,1.44,7.914,56.850,20.3212
03/07/2024 05:52:07.997,20.5698,31.7746,1.44,7.914,56.744,20.3215
03/07/2024 05:53:07.003,20.5701,31.7738,1.44,7.914,56.652,20.3209
03/07/2024 05:54:07.002,20.5687,31.7749,1.44,7.914,56.830,20.3217
03/07/2024 05:55:07.001,20.5689,31.7754,1.43,7.914,56.769,20.3217
03/07/2024 05:56:07.000,20.5691,31.7750,1.43,7.914,56.837,20.3215
03/07/2024 05:57:07.999,20.5699,31.7747,1.43,7.914,56.760,20.3216
03/07/2024 05:58:07.998,20.5685,31.7742,1.44,7.914,56.818,20.3221
03/07/2024 05:59:07.997,20.5687,31.7765,1.44,7.914,56.688,20.3221
03/07/2024 06:00:07.003,20.5682,31.7751,1.44,7.914,56.776,20.3221
03/07/2024 06:01:07.002,20.5685,31.7754,1.44,7.914,56.868,20.3217
03/07/2024 06:02:07.001,20.5684,31.7742,1.44,7.914,56.852,20.3219
03/07/2024 06:03:07.000,20.5690,31.7750,1.44,7.914,56.772,20.3221
03/07/2024 06:04:07.000,20.5683,31.7754,1.44,7.914,56.709,20.3225
03/07/2024 06:05:07.999,20.5677,31.7756,1.43,7.914,56.906,20.3222
03/07/2024 06:06:07.998,20.5684,31.7757,1.44,7.914,56.837,20.3226
03/07/2024 06:07:07.997,20.5671,31.7756,1.44,7.914,56.839,20.3214
03/07/2024 06:08:07.003,20.5660,31.7761,1.44,7.914,56.863,20.3225
03/07/2024 06:09:07.002,20.5662,31.7754,1.44,7.914,56.692,20.3224
03/07/2024 06:10:07.001,20.5666,31.7753,1.44,7.914,56.822,20.3229
03/07/2024 06:11:07.000,20.5661,31.7763,1.44,7.914,56.766,20.3230
03/07/2024 06:12:07.999,20.5659,31.7755,1.44,7.914,56.719,20.3231
03/07/2024 06:13:07.998,20.5656,31.7772,1.44,7.914,56.739,20.3231
03/07/2024 06:14:07.997,20.5662,31.7762,1.44,7.914,56.794,20.3232
03/07/2024 06:15:07.003,20.5671,31.7759,1.44,7.913,56.908,20.3232
03/07/2024 06:16:07.002,20.5678,31.7772,1.44,7.913,56.822,20.3232
03/07/2024 06:17:07.001,20.5674,31.7756,1.44,7.913,56.833,20.3227
03/07/2024 06:18:07.000,20.5670,31.7759,1.44,7.913,56.837,20.3237
03/07/2024 06:19:07.000,20.5674,31.7743,1.44,7.913,56.773,20.3236
03/07/2024 06:20:07.999,20.5674,31.7760,1.44,7.913,56.827,20.3233
03/07/2024 06:21:07.998,20.5667,31.7773,1.44,7.912,56.844,20.3234
03/07/2024 06:22:07.997,20.5665,31.7777,1.44,7.912,56.856,20.3238
03/07/2024 06:23:07.003,20.5667,31.7765,1.44,7.912,56.802,20.3240
03/07/2024 06:24:07.002,20.5670,31.7777,1.43,7.912,56.861,20.3239
03/07/2024 06:25:07.001,20.5665,31.7757,1.44,7.912,56.841,20.3238
03/07/2024 06:26:07.000,20.5663,31.7767,1.44,7.912,56.760,20.3239
03/07/2024 06:27:07.999,20.5664,31.7771,1.44,7.912,56.829,20.3238
03/07/2024 06:28:07.998,20.5668,31.7764,1.44,7.912,56.825,20.3240
03/07/2024 06:29:07.997,20.5662,31.7778,1.44,7.912,56.871,20.3241
03/07/2024 06:30:07.003,20.5669,31.7772,1.44,7.912,56.845,20.3243
03/07/2024 06:31:07.002,20.5678,31.7762,1.44,7.912,56.809,20.3241
03/07/2024 06:32:07.001,20.5676,31.7760,1.44,7.911,56.886,20.3244
03/07/2024 06:33:07.000,20.5673,31.7764,1.44,7.911,56.888,20.3242
03/07/2024 06:34:07.000,20.5681,31.7769,1.44,7.911,56.873,20.3246
03/07/2024 06:35:07.999,20.5686,31.7772,1.44,7.911,56.893,20.3247
03/07/2024 06:36:07.998,20.5686,31.7758,1.44,7.911,56.763,20.3245
03/07/2024 06:37:07.997,20.5690,31.7770,1.44,7.911,56.871,20.3245
03/07/2024 06:38:07.003,20.5680,31.7766,1.43,7.911,56.770,20.3246
03/07/2024 06:39:07.002,20.5676,31.7768,1.44,7.911,56.740,20.3246
03/07/2024 06:40:07.001,20.5673,31.7763,1.44,7.911,56.756,20.3246
03/07/2024 06:41:07.000,20.5675,31.7773,1.43,7.910,56.821,20.3247
03/07/2024 06:42:07.999,20.5679,31.7769,1.44,7.910,56.727,20.3250
03/07/2024 06:43:07.998,20.5667,31.7768,1.43,7.910,56.764,20.3250
03/07/2024 06:44:07.997,20.5662,31.7781,1.43,7.910,56.885,20.3247
03/07/2024 06:45:07.003,20.5666,31.7773,1.43,7.910,56.963,20.3247
03/07/2024 06:46:07.002,20.5654,31.7774,1.43,7.910,56.901,20.3251
03/07/2024 06:47:07.001,20.5663,31.7773,1.44,7.910,56.738,20.3248
03/07/2024 06:48:07.000,20.5661,31.7772,1.43,7.909,56.754,20.3252
03/07/2024 06:49:07.000,20.5667,31.7777,1.43,7.909,56.932,20.3255
03/07/2024 06:50:07.999,20.5666,31.7778,1.44,7.909,56.760,20.3248
03/07/2024 06:51:07.998,20.5668,31.7770,1.44,7.909,56.784,20.3251
03/07/2024 06:52:07.997,20.5673,31.7777,1.43,7.909,56.846,20.3253
03/07/2024 06:53:07.003,20.5673,31.7779,1.43,7.909,56.851,20.3253
03/07/2024 06:54:07.002,20.5680,31.7776,1.44,7.909,56.747,20.3251
03/07/2024 06:55:07.001,20.5678,31.7779,1.43,7.909,56.836,20.3252
03/07/2024 06:56:07.000,20.5676,31.7778,1.43,7.909,56.864,20.3254
03/07/2024 06:57:07.999,20.5667,31.7774,1.43,7.909,56.788,20.3254
03/07/2024 06:58:07.998,20.5667,31.7776,1.43,7.909,56.876,20.3258
03/07/2024 06:59:07.997,20.5668,31.7772,1.44,7.909,56.871,20.3258
03/07/2024 07:00:07.003,20.5661,31.7781,1.44,7.909,57.009,20.3258
03/07/2024 07:01:07.002,20.5659,31.7775,1.43,7.909,56.636,20.3255
03/07/2024 07:02:07.001,20.5661,31.7783,1.43,7.909,56.695,20.3260
03/07/2024 07:03:07.000,20.5669,31.7779,1.44,7.909,56.725,20.3260
03/07/2024 07:04:07.000,20.5654,31.7788,1.44,7.909,56.782,20.3265
03/07/2024 07:05:07.999,20.5672,31.7786,1.44,7.909,56.738,20.3259
03/07/2024 07:06:07.998,20.5671,31.7790,1.44,7.910,56.872,20.3262
03/07/2024 07:07:07.997,20.5680,31.7784,1.44,7.910,56.675,20.3267
03/07/2024 07:08:07.003,20.5693,31.7779,1.43,7.910,56.761,20.3262
03/07/2024 07:09:07.002,20.5678,31.7782,1.43,7.910,56.787,20.3258
03/07/2024 07:10:07.001,20.5674,31.7785,1.44,7.910,56.804,20.3262
03/07/2024 07:11:07.000,20.5666,31.7780,1.44,7.910,56.818,20.3264
03/07/2024 07:12:07.999,20.5660,31.7774,1.44,7.910,56.925,20.3265
03/07/2024 07:13:07.998,20.5653,31.7784,1.44,7.910,56.974,20.3266
03/07/2024 07:14:07.997,20.5663,31.7788,1.44,7.910,56.834,20.3266
03/07/2024 07:15:07.003,20.5676,31.7776,1.44,7.910,56.924,20.3267
03/07/2024 07:16:07.002,20.5678,31.7778,1.44,7.910,56.978,20.3262
03/07/2024 07:17:07.001,20.5671,31.7778,1.44,7.910,56.868,20.3265
03/07/2024 07:18:07.000,20.5671,31.7777,1.44,7.910,56.730,20.3264
03/07/2024 07:19:07.000,20.5674,31.7782,1.44,7.910,56.862,20.3265
03/07/2024 07:20:07.999,20.5680,31.7788,1.44,7.910,56.731,20.3267
03/07/2024 07:21:07.998,20.5667,31.7788,1.44,7.910,56.887,20.3267
03/07/2024 07:22:07.997,20.5674,31.7780,1.44,7.910,56.733,20.3267
03/07/2024 07:23:07.003,20.5676,31.7785,1.44,7.910,56.800,20.3272
03/07/2024 07:24:07.002,20.5674,31.7786,1.44,7.910,56.763,20.3266
03/07/2024 07:25:07.001,20.5671,31.7777,1.43,7.910,56.708,20.3266
03/07/2024 07:26:07.000,20.5659,31.7800,1.44,7.910,56.760,20.3270
03/07/2024 07:27:07.999,20.5671,31.7780,1.43,7.910,56.826,20.3267
03/07/2024 07:28:07.998,20.5668,31.7788,1.43,7.910,56.792,20.3271
03/07/2024 07:29:07.997,20.5667,31.7789,1.44,7.910,56.761,20.3269
03/07/2024 07:30:07.003,20.5660,31.7785,1.44,7.910,56.772,20.3270
03/07/2024 07:31:07.002,20.5652,31.7796,1.44,7.910,56.750,20.3266
03/07/2024 07:32:07.001,20.5666,31.7783,1.44,7.910,56.824,20.3273
03/07/2024 07:33:07.000,20.5657,31.7786,1.44,7.910,56.826,20.3270
03/07/2024 07:34:07.000,20.5654,31.7787,1.44,7.911,56.818,20.3270
03/07/2024 07:35:07.999,20.5653,31.7796,1.44,7.911,56.777,20.3276
03/07/2024 07:36:07.998,20.5660,31.7784,1.44,7.911,56.772,20.3274
03/07/2024 07:37:07.997,20.5645,31.7791,1.44,7.911,56.799,20.3282
03/07/2024 07:38:07.003,20.5650,31.7796,1.44,7.911,56.759,20.3278
03/07/2024 07:39:07.002,20.5649,31.7788,1.45,7.911,56.644,20.3273
03/07/2024 07:40:07.001,20.5643,31.7794,1.44,7.912,56.763,20.3271
03/07/2024 07:41:07.000,20.5652,31.7799,1.44,7.912,56.855,20.3275
03/07/2024 07:42:07.999,20.5659,31.7791,1.44,7.912,56.893,20.3270
03/07/2024 07:43:07.998,20.5656,31.7792,1.44,7.912,56.784,20.3278
03/07/2024 07:44:07.997,20.5658,31.7787,1.44,7.912,56.792,20.3274
03/07/2024 07:45:07.003,20.5657,31.7792,1.44,7.912,56.837,20.3277
03/07/2024 07:46:07.002,20.5670,31.7793,1.44,7.913,56.820,20.3280
03/07/2024 07:47:07.001,20.5674,31.7792,1.44,7.913,56.787,20.3278
03/07/2024 07:48:07.000,20.5676,31.7787,1.44,7.913,56.904,20.3279
03/07/2024 07:49:07.000,20.5672,31.7794,1.44,7.913,56.844,20.3277
03/07/2024 07:50:07.999,20.5653,31.7785,1.44,7.913,56.776,20.3280
03/07/2024 07:51:07.998,20.5654,31.7800,1.44,7.913,56.847,20.3275
03/07/2024 07:52:07.997,20.5661,31.7785,1.44,7.913,56.812,20.3272
03/07/2024 07:53:07.003,20.5668,31.7787,1.44,7.913,56.878,20.3281
03/07/2024 07:54:07.002,20.5667,31.7796,1.44,7.913,56.757,20.3279
03/07/2024 07:55:07.001,20.5670,31.7791,1.44,7.913,56.753,20.3283
03/07/2024 07:56:07.000,20.5665,31.7801,1.44,7.913,56.739,20.3284
03/07/2024 07:57:07.999,20.5662,31.7790,1.44,7.914,56.702,20.3280
03/07/2024 07:58:07.998,20.5663,31.7806,1.44,7.913,56.836,20.3285
03/07/2024 07:59:07.997,20.5658,31.7788,1.44,7.913,56.829,20.3283
03/07/2024 08:00:07.003,20.5669,31.7795,1.44,7.913,56.812,20.3288
03/07/2024 08:01:07.002,20.5666,31.7796,1.44,7.913,56.810,20.3291
03/07/2024 08:02:07.001,20.5650,31.7794,1.44,7.913,56.717,20.3289
03/07/2024 08:03:07.000,20.5652,31.7795,1.44,7.913,56.757,20.3288
03/07/2024 08:04:07.000,20.5664,31.7793,1.44,7.913,56.750,20.3292
03/07/2024 08:05:07.999,20.5681,31.7801,1.44,7.914,56.726,20.3276
03/07/2024 08:06:07.998,20.5669,31.7802,1.44,7.913,56.693,20.3283
03/07/2024 08:07:07.997,20.5680,31.7792,1.44,7.914,56.738,20.3296
03/07/2024 08:08:07.003,20.5669,31.7792,1.44,7.914,56.695,20.3296
03/07/2024 08:09:07.002,20.5680,31.7816,1.44,7.914,56.871,20.3295
03/07/2024 08:10:07.001,20.5680,31.7797,1.44,7.914,56.934,20.3295
03/07/2024 08:11:07.000,20.5684,31.7803,1.44,7.914,56.774,20.3292
03/07/2024 08:12:07.999,20.5685,31.7804,1.44,7.914,56.733,20.3296
03/07/2024 08:13:07.998,20.5689,31.7812,1.44,7.914,56.701,20.3295
03/07/2024 08:14:07.997,20.5680,31.7792,1.44,7.914,56.838,20.3295
03/07/2024 08:15:07.003,20.5683,31.7804,1.44,7.914,56.970,20.3291
03/07/2024 08:16:07.002,20.5711,31.7803,1.44,7.914,56.705,20.3290
03/07/2024 08:17:07.001,20.5708,31.7800,1.44,7.914,56.739,20.3291
03/07/2024 08:18:07.000,20.5700,31.7804,1.44,7.914,56.822,20.3292
03/07/2024 08:19:07.000,20.5696,31.7806,1.44,7.914,56.824,20.3297
03/07/2024 08:20:07.999,20.5691,31.7813,1.44,7.913,56.653,20.3298
03/07/2024 08:21:07.998,20.5703,31.7807,1.44,7.914,56.753,20.3296
03/07/2024 08:22:07.997,20.5703,31.7791,1.44,7.914,56.667,20.3303
03/07/2024 08:23:07.003,20.5694,31.7792,1.44,7.914,56.712,20.3296
03/07/2024 08:24:07.002,20.5702,31.7813,1.44,7.914,56.736,20.3297
03/07/2024 08:25:07.001,20.5715,31.7810,1.44,7.914,56.627,20.3298
03/07/2024 08:26:07.000,20.5723,31.7807,1.44,7.914,56.679,20.3293
03/07/2024 08:27:07.999,20.5723,31.7801,1.44,7.914,56.706,20.3296
03/07/2024 08:28:07.998,20.5705,31.7799,1.44,7.914,56.702,20.3298
03/07/2024 08:29:07.997,20.5700,31.7816,1.44,7.914,56.787,20.3296
03/07/2024 08:30:07.003,20.5713,31.7813,1.44,7.914,56.610,20.3290
03/07/2024 08:31:07.002,20.5715,31.7801,1.44,7.914,56.723,20.3298
03/07/2024 08:32:07.001,20.5722,31.7805,1.44,7.914,56.647,20.3301
03/07/2024 08:33:07.000,20.5734,31.7802,1.44,7.914,56.669,20.3306
03/07/2024 08:34:07.000,20.5743,31.7797,1.44,7.914,56.753,20.3305
03/07/2024 08:35:07.999,20.5734,31.7803,1.44,7.914,56.690,20.3306
03/07/2024 08:36:07.998,20.5720,31.7806,1.44,7.915,56.724,20.3300
03/07/2024 08:37:07.997,20.5714,31.7813,1.44,7.915,56.702,20.3297
03/07/2024 08:38:07.003,20.5713,31.7812,1.44,7.915,56.724,20.3300
03/07/2024 08:39:07.002,20.5725,31.7819,1.44,7.915,56.571,20.3300
03/07/2024 08:40:07.001,20.5747,31.7803,1.44,7.915,56.828,20.3306
03/07/2024 08:41:07.000,20.5744,31.7801,1.44,7.915,56.788,20.3303
03/07/2024 08:42:07.999,20.5733,31.7806,1.44,7.915,56.557,20.3306
03/07/2024 08:43:07.998,20.5746,31.7810,1.44,7.915,56.785,20.3311
03/07/2024 08:44:07.997,20.5765,31.7803,1.44,7.915,56.796,20.3307
03/07/2024 08:45:07.003,20.5762,31.7816,1.44,7.915,56.784,20.3311
03/07/2024 08:46:07.002,20.5772,31.7818,1.44,7.915,56.674,20.3304
03/07/2024 08:47:07.001,20.5783,31.7819,1.44,7.915,56.738,20.3311
03/07/2024 08:48:07.000,20.5786,31.7806,1.43,7.915,56.686,20.3312
03/07/2024 08:49:07.000,20.5774,31.7805,1.43,7.915,56.587,20.3313
03/07/2024 08:50:07.999,20.5769,31.7823,1.44,7.915,56.728,20.3313
03/07/2024 08:51:07.998,20.5772,31.7801,1.43,7.915,56.742,20.3317
03/07/2024 08:52:07.997,20.5772,31.7814,1.44,7.915,56.760,20.3316
03/07/2024 08:53:07.003,20.5792,31.7803,1.44,7.915,56.700,20.3318
03/07/2024 08:54:07.002,20.5789,31.7806,1.43,7.915,56.758,20.3313
03/07/2024 08:55:07.001,20.5802,31.7816,1.43,7.916,56.546,20.3313
03/07/2024 08:56:07.000,20.5810,31.7816,1.44,7.916,56.630,20.3325
03/07/2024 08:57:07.999,20.5812,31.7820,1.44,7.916,56.735,20.3317
03/07/2024 08:58:07.998,20.5799,31.7820,1.44,7.915,56.785,20.3321
03/07/2024 08:59:07.997,20.5797,31.7809,1.44,7.916,56.912,20.3320
03/07/2024 09:00:07.003,20.5804,31.7814,1.44,7.916,56.703,20.3321
03/07/2024 09:01:07.002,20.5806,31.7805,1.44,7.916,56.746,20.3319
03/07/2024 09:02:07.001,20.5823,31.7808,1.44,7.916,56.776,20.3310
03/07/2024 09:03:07.000,20.5829,31.7810,1.44,7.916,56.828,20.3325
03/07/2024 09:04:07.000,20.5839,31.7826,1.44,7.916,56.796,20.3325
03/07/2024 09:05:07.999,20.5839,31.7815,1.44,7.916,56.693,20.3329
03/07/2024 09:06:07.998,20.5843,31.7812,1.44,7.916,56.676,20.3327
03/07/2024 09:07:07.997,20.5842,31.7827,1.44,7.917,56.655,20.3330
03/07/2024 09:08:07.003,20.5847,31.7830,1.44,7.917,56.748,20.3334
03/07/2024 09:09:07.002,20.5856,31.7811,1.44,7.917,56.807,20.3328
03/07/2024 09:10:07.001,20.5851,31.7820,1.44,7.917,56.796,20.3338
03/07/2024 09:11:07.000,20.5846,31.7822,1.44,7.917,56.773,20.3329
03/07/2024 09:12:07.999,20.5859,31.7823,1.44,7.917,56.803,20.3328
03/07/2024 09:13:07.998,20.5863,31.7814,1.44,7.917,56.804,20.3330
03/07/2024 09:14:07.997,20.5884,31.7829,1.44,7.917,56.775,20.3335
03/07/2024 09:15:07.003,20.5890,31.7823,1.44,7.918,56.777,20.3336
03/07/2024 09:16:07.002,20.5888,31.7816,1.44,7.918,56.763,20.3334
03/07/2024 09:17:07.001,20.5900,31.7815,1.44,7.918,56.823,20.3333
03/07/2024 09:18:07.000,20.5908,31.7827,1.44,7.918,56.744,20.3338
03/07/2024 09:19:07.000,20.5909,31.7824,1.44,7.918,56.630,20.3332
03/07/2024 09:20:07.999,20.5918,31.7828,1.43,7.918,56.795,20.3339
03/07/2024 09:21:07.998,20.5919,31.7823,1.44,7.918,56.756,20.3346
03/07/2024 09:22:07.997,20.5917,31.7822,1.44,7.918,56.784,20.3348
03/07/2024 09:23:07.003,20.5930,31.7816,1.44,7.918,56.801,20.3347
03/07/2024 09:24:07.002,20.5932,31.7814,1.44,7.918,56.696,20.3347
03/07/2024 09:25:07.001,20.5951,31.7817,1.44,7.918,56.756,20.3350
03/07/2024 09:26:07.000,20.5943,31.7828,1.44,7.918,56.778,20.3360
03/07/2024 09:27:07.999,20.5945,31.7830,1.44,7.918,56.748,20.3364
03/07/2024 09:28:07.998,20.5952,31.7819,1.43,7.918,56.784,20.3361
03/07/2024 09:29:07.997,20.5962,31.7826,1.43,7.918,56.788,20.3361
03/07/2024 09:30:07.003,20.5968,31.7830,1.43,7.918,56.777,20.3364
03/07/2024 09:31:07.002,20.5974,31.7831,1.44,7.918,56.684,20.3365
03/07/2024 09:32:07.001,20.5978,31.7817,1.44,7.918,56.708,20.3371
03/07/2024 09:33:07.000,20.5986,31.7821,1.43,7.918,56.612,20.3371
03/07/2024 09:34:07.000,20.6002,31.7823,1.43,7.918,56.711,20.3371
03/07/2024 09:35:07.999,20.6006,31.7826,1.43,7.918,56.632,20.3370
