Cruise namePNNL Tank
cast nameCast 174
cruise start date15/08/2023
cruise end date15/08/2023
10/07/2024 11:02:13.000,21.8489,32.1413,1.64,8.820,56.212,21.3418
10/07/2024 11:03:13.000,21.8511,32.1392,1.64,8.824,56.162,21.3420
10/07/2024 11:04:13.000,21.8552,32.1386,1.65,8.826,56.285,21.3412
10/07/2024 11:05:13.000,21.8503,32.1376,1.65,8.826,56.296,21.3403
10/07/2024 11:06:13.000,21.8464,32.1401,1.66,8.827,56.299,21.3414
10/07/2024 11:07:13.000,21.8470,32.1386,1.65,8.827,56.290,21.3393
10/07/2024 11:08:13.000,21.8451,32.1400,1.65,8.827,56.231,21.3391
10/07/2024 11:09:13.000,21.8458,32.1406,1.65,8.827,56.200,21.3408
10/07/2024 11:10:13.000,21.8476,32.1383,1.65,8.827,56.266,21.3409
10/07/2024 11:11:13.000,21.8438,32.1407,1.65,8.826,56.231,21.3404
10/07/2024 11:12:13.000,21.8445,32.1393,1.64,8.826,56.150,21.3416
10/07/2024 11:13:13.000,21.8451,32.1417,1.64,8.826,56.199,21.3415
10/07/2024 11:14:13.000,21.8453,32.1395,1.65,8.826,56.169,21.3418
10/07/2024 11:15:13.000,21.8424,32.1406,1.64,8.826,56.229,21.3418
10/07/2024 11:16:13.000,21.8413,32.1401,1.64,8.826,56.206,21.3413
10/07/2024 11:17:13.000,21.8387,32.1404,1.64,8.826,56.157,21.3423
10/07/2024 11:18:13.000,21.8421,32.1433,1.64,8.826,56.181,21.3417
10/07/2024 11:19:13.000,21.8470,32.1422,1.64,8.825,56.164,21.3422
10/07/2024 11:20:13.000,21.8492,32.1412,1.64,8.825,56.240,21.3422
10/07/2024 11:21:13.000,21.8475,32.1389,1.64,8.825,56.190,21.3420
10/07/2024 11:22:13.000,21.8450,32.1384,1.64,8.825,56.185,21.3424
10/07/2024 11:23:13.000,21.8413,32.1413,1.64,8.825,56.145,21.3423
10/07/2024 11:24:13.000,21.8444,32.1432,1.64,8.825,56.144,21.3417
10/07/2024 11:25:13.000,21.8454,32.1394,1.64,8.825,56.095,21.3421
10/07/2024 11:26:13.000,21.8430,32.1397,1.64,8.824,56.204,21.3409
10/07/2024 11:27:13.000,21.8410,32.1416,1.64,8.824,56.247,21.3418
10/07/2024 11:28:13.000,21.8402,32.1411,1.64,8.824,56.178,21.3419
10/07/2024 11:29:13.000,21.8388,32.1410,1.64,8.824,56.208,21.3428
10/07/2024 11:30:13.000,21.8358,32.0704,1.62,8.824,56.730,21.3398
10/07/2024 11:31:13.000,21.6268,32.0934,1.64,8.825,56.368,21.3405
10/07/2024 11:32:13.000,21.6421,32.1765,1.63,8.824,56.341,21.3398
10/07/2024 11:33:13.000,21.7189,32.1644,1.62,8.823,56.242,21.3400
10/07/2024 11:34:13.000,21.7678,32.1576,1.61,8.823,56.278,21.3403
10/07/2024 11:35:13.000,21.7958,32.1527,1.61,8.823,56.215,21.3399
10/07/2024 11:36:13.000,21.8157,32.1484,1.61,8.823,56.194,21.3405
10/07/2024 11:37:13.000,21.8247,32.1427,1.61,8.823,56.266,21.3402
10/07/2024 11:38:13.000,21.8255,32.1426,1.62,8.823,56.218,21.3397
10/07/2024 11:39:13.000,21.8243,32.1417,1.62,8.823,56.163,21.3404
10/07/2024 11:40:13.000,21.8256,32.1435,1.62,8.823,56.156,21.3405
10/07/2024 11:41:13.000,21.8303,32.1430,1.61,8.823,56.317,21.3406
10/07/2024 11:42:13.000,21.8269,32.1405,1.62,8.823,56.265,21.3405
10/07/2024 11:43:13.000,21.8278,32.1418,1.62,8.823,56.280,21.3405
10/07/2024 11:44:13.000,21.8268,32.1418,1.62,8.823,56.262,21.3406
10/07/2024 11:45:13.000,21.8257,32.1402,1.62,8.823,56.222,21.3410
10/07/2024 11:46:13.000,21.8232,32.1420,1.62,8.823,56.164,21.3406
10/07/2024 11:47:13.000,21.8253,32.1418,1.62,8.823,56.041,21.3419
10/07/2024 11:48:13.000,21.8318,32.1451,1.61,8.823,56.207,21.3414
10/07/2024 11:49:13.000,21.8348,32.1450,1.62,8.823,56.179,21.3405
10/07/2024 11:50:13.000,21.8345,32.1418,1.61,8.823,56.179,21.3412
10/07/2024 11:51:13.000,21.8336,32.1427,1.61,8.823,56.158,21.3410
10/07/2024 11:52:13.000,21.8305,32.1416,1.62,8.823,56.214,21.3414
10/07/2024 11:53:13.000,21.8289,32.1427,1.61,8.822,56.265,21.3415
10/07/2024 11:54:13.000,21.8271,32.1431,1.61,8.822,56.177,21.3419
10/07/2024 11:55:13.000,21.8349,32.1451,1.60,8.822,56.235,21.3416
10/07/2024 11:56:13.000,21.8365,32.1429,1.61,8.822,56.234,21.3418
10/07/2024 11:57:13.000,21.8354,32.1429,1.61,8.822,56.076,21.3410
10/07/2024 11:58:13.000,21.8383,32.1434,1.61,8.822,56.279,21.3419
10/07/2024 11:59:13.000,21.8372,32.1415,1.61,8.822,56.148,21.3423
10/07/2024 12:00:13.000,21.8381,32.1416,1.61,8.822,56.102,21.3417
10/07/2024 12:01:13.000,21.8341,32.1430,1.60,8.821,56.061,21.3423
10/07/2024 12:02:13.000,21.8390,32.1429,1.61,8.821,56.145,21.3419
10/07/2024 12:03:13.000,21.8361,32.1418,1.61,8.821,56.253,21.3419
10/07/2024 12:04:13.000,21.8382,32.1423,1.62,8.821,56.101,21.3426
10/07/2024 12:05:13.000,21.8431,32.1445,1.61,8.821,56.146,21.3425
10/07/2024 12:06:13.000,21.8471,32.1413,1.62,8.821,56.187,21.3423
10/07/2024 12:07:13.000,21.8442,32.1427,1.61,8.821,56.149,21.3421
10/07/2024 12:08:13.000,21.8411,32.1411,1.62,8.821,56.189,21.3433
10/07/2024 12:09:13.000,21.8388,32.1417,1.61,8.821,56.139,21.3434
10/07/2024 12:10:13.000,21.8377,32.1451,1.61,8.821,56.179,21.3433
10/07/2024 12:11:13.000,21.8440,32.1421,1.62,8.820,56.221,21.3439
10/07/2024 12:12:13.000,21.8425,32.1456,1.62,8.820,56.211,21.3434
10/07/2024 12:13:13.000,21.8483,32.1442,1.61,8.820,56.219,21.3440
10/07/2024 12:14:13.000,21.8481,32.1425,1.62,8.820,56.220,21.3436
10/07/2024 12:15:13.000,21.8475,32.1443,1.61,8.820,56.175,21.3441
10/07/2024 12:16:13.000,21.8480,32.1417,1.62,8.820,56.204,21.3436
10/07/2024 12:17:13.000,21.8513,32.1454,1.61,8.820,56.145,21.3446
10/07/2024 12:18:13.000,21.8537,32.1438,1.61,8.820,56.153,21.3440
10/07/2024 12:19:13.000,21.8530,32.1436,1.62,8.820,56.149,21.3446
10/07/2024 12:20:13.000,21.8530,32.1440,1.61,8.820,56.157,21.3447
10/07/2024 12:21:13.000,21.8566,32.1448,1.61,8.820,56.106,21.3455
10/07/2024 12:22:13.000,21.8538,32.1437,1.60,8.820,56.191,21.3454
10/07/2024 12:23:13.000,21.8559,32.1443,1.61,8.820,56.113,21.3466
10/07/2024 12:24:13.000,21.8589,32.1466,1.61,8.820,56.122,21.3470
10/07/2024 12:25:13.000,21.8606,32.1406,1.61,8.819,56.174,21.3474
10/07/2024 12:26:13.000,21.8583,32.1427,1.60,8.819,56.216,21.3480
10/07/2024 12:27:13.000,21.8570,32.1421,1.61,8.819,56.228,21.3480
10/07/2024 12:28:13.000,21.8551,32.1410,1.61,8.819,56.168,21.3477
10/07/2024 12:29:13.000,21.8559,32.1466,1.60,8.819,56.189,21.3482
10/07/2024 12:30:13.000,21.8641,32.1441,1.60,8.819,56.157,21.3469
10/07/2024 12:31:13.000,21.8637,32.1433,1.60,8.819,56.204,21.3477
10/07/2024 12:32:13.000,21.8618,32.1428,1.60,8.819,56.308,21.3464
10/07/2024 12:33:13.000,21.8661,32.1471,1.60,8.819,56.216,21.3472
10/07/2024 12:34:13.000,21.8679,32.1416,1.61,8.819,56.147,21.3484
10/07/2024 12:35:13.000,21.8671,32.1443,1.60,8.819,56.155,21.3483
10/07/2024 12:36:13.000,21.8652,32.1439,1.61,8.819,56.254,21.3489
10/07/2024 12:37:13.000,21.8656,32.1434,1.61,8.819,56.285,21.3491
10/07/2024 12:38:13.000,21.8666,32.1465,1.61,8.818,56.256,21.3488
10/07/2024 12:39:13.000,21.8701,32.1439,1.61,8.818,56.270,21.3496
10/07/2024 12:40:13.000,21.8708,32.1427,1.61,8.818,56.149,21.3489
10/07/2024 12:41:13.000,21.8672,32.1406,1.61,8.818,56.232,21.3499
10/07/2024 12:42:13.000,21.8673,32.1449,1.60,8.818,56.219,21.3504
10/07/2024 12:43:13.000,21.8736,32.1436,1.60,8.818,56.236,21.3507
10/07/2024 12:44:13.000,21.8771,32.1454,1.60,8.818,56.062,21.3504
10/07/2024 12:45:13.000,21.8794,32.1430,1.60,8.818,56.189,21.3508
10/07/2024 12:46:13.000,21.8748,32.1406,1.61,8.818,56.119,21.3516
10/07/2024 12:47:13.000,21.8736,32.1438,1.61,8.818,56.069,21.3516
10/07/2024 12:48:13.000,21.8706,32.1423,1.61,8.817,56.170,21.3517
10/07/2024 12:49:13.000,21.8713,32.1459,1.60,8.817,56.241,21.3518
10/07/2024 12:50:13.000,21.8729,32.1431,1.61,8.817,56.107,21.3526
10/07/2024 12:51:13.000,21.8740,32.1439,1.60,8.817,56.193,21.3528
10/07/2024 12:52:13.000,21.8722,32.1449,1.60,8.817,56.206,21.3526
10/07/2024 12:53:13.000,21.8771,32.1427,1.60,8.817,56.183,21.3532
10/07/2024 12:54:13.000,21.8743,32.1439,1.61,8.817,56.171,21.3537
10/07/2024 12:55:13.000,21.8727,32.1421,1.61,8.817,56.156,21.3543
10/07/2024 12:56:13.000,21.8725,32.1451,1.60,8.817,56.197,21.3550
10/07/2024 12:57:13.000,21.8769,32.1460,1.60,8.817,56.176,21.3543
10/07/2024 12:58:13.000,21.8816,32.1426,1.61,8.817,56.199,21.3556
10/07/2024 12:59:13.000,21.8843,32.1445,1.60,8.816,56.204,21.3561
10/07/2024 13:00:13.000,21.8827,32.1450,1.61,8.816,56.060,21.3559
10/07/2024 13:01:13.000,21.8854,32.1463,1.61,8.816,56.194,21.3573
10/07/2024 13:02:13.000,21.8868,32.1448,1.61,8.816,56.152,21.3569
10/07/2024 13:03:13.000,21.8903,32.1434,1.61,8.816,56.047,21.3581
10/07/2024 13:04:13.000,21.8871,32.1413,1.61,8.816,56.079,21.3592
10/07/2024 13:05:13.000,21.8855,32.1439,1.60,8.816,56.079,21.3602
10/07/2024 13:06:13.000,21.8863,32.1442,1.61,8.816,55.980,21.3595
10/07/2024 13:07:13.000,21.8837,32.1426,1.61,8.816,56.132,21.3607
10/07/2024 13:08:13.000,21.8864,32.1462,1.61,8.816,56.021,21.3594
10/07/2024 13:09:13.000,21.8849,32.1431,1.60,8.816,56.140,21.3611
10/07/2024 13:10:13.000,21.8861,32.1456,1.61,8.816,56.061,21.3601
10/07/2024 13:11:13.000,21.8868,32.1446,1.61,8.816,56.060,21.3613
10/07/2024 13:12:13.000,21.8899,32.1460,1.61,8.816,56.032,21.3620
10/07/2024 13:13:13.000,21.8951,32.1441,1.61,8.816,56.222,21.3611
10/07/2024 13:14:13.000,21.8913,32.1443,1.61,8.816,56.060,21.3609
10/07/2024 13:15:13.000,21.8916,32.1426,1.61,8.816,56.128,21.3616
10/07/2024 13:16:13.000,21.8911,32.1452,1.61,8.816,56.139,21.3611
10/07/2024 13:17:13.000,21.8963,32.1453,1.61,8.815,56.101,21.3611
10/07/2024 13:18:13.000,21.8963,32.1447,1.61,8.815,56.147,21.3627
10/07/2024 13:19:13.000,21.8971,32.1438,1.61,8.815,56.198,21.3613
10/07/2024 13:20:13.000,21.8988,32.1438,1.61,8.815,56.075,21.3633
10/07/2024 13:21:13.000,21.8957,32.1445,1.61,8.815,56.179,21.3643
10/07/2024 13:22:13.000,21.8992,32.1465,1.61,8.815,56.145,21.3634
10/07/2024 13:23:13.000,21.9043,32.1454,1.61,8.815,56.135,21.3635
10/07/2024 13:24:13.000,21.9045,32.1438,1.60,8.815,56.157,21.3642
10/07/2024 13:25:13.000,21.9043,32.1460,1.60,8.815,56.015,21.3640
10/07/2024 13:26:13.000,21.9041,32.1434,1.61,8.815,55.964,21.3646
10/07/2024 13:27:13.000,21.9021,32.1434,1.61,8.815,56.091,21.3650
10/07/2024 13:28:13.000,21.9040,32.1451,1.61,8.815,56.091,21.3664
10/07/2024 13:29:13.000,21.9050,32.1453,1.60,8.815,56.099,21.3654
10/07/2024 13:30:13.000,21.9031,32.1452,1.62,8.815,56.082,21.3657
10/07/2024 13:31:13.000,21.9043,32.1431,1.61,8.814,56.045,21.3664
10/07/2024 13:32:13.000,21.9029,32.1455,1.61,8.814,56.025,21.3665
10/07/2024 13:33:13.000,21.9055,32.1470,1.61,8.814,56.058,21.3671
10/07/2024 13:34:13.000,21.9090,32.1461,1.61,8.814,56.106,21.3676
10/07/2024 13:35:13.000,21.9099,32.1443,1.61,8.814,56.088,21.3670
10/07/2024 13:36:13.000,21.9103,32.1453,1.61,8.814,56.123,21.3677
10/07/2024 13:37:13.000,21.9094,32.1450,1.61,8.814,56.100,21.3676
10/07/2024 13:38:13.000,21.9068,32.1432,1.61,8.814,56.148,21.3683
10/07/2024 13:39:13.000,21.9072,32.1440,1.61,8.813,56.099,21.3679
10/07/2024 13:40:13.000,21.9049,32.1445,1.61,8.813,56.192,21.3694
10/07/2024 13:41:13.000,21.9074,32.1461,1.61,8.813,56.103,21.3688
10/07/2024 13:42:13.000,21.9130,32.1435,1.60,8.813,56.229,21.3712
10/07/2024 13:43:13.000,21.9129,32.1453,1.60,8.813,56.168,21.3702
10/07/2024 13:44:13.000,21.9113,32.1437,1.60,8.813,56.198,21.3699
10/07/2024 13:45:13.000,21.9100,32.1463,1.61,8.813,56.130,21.3274
10/07/2024 13:46:13.000,21.9139,32.1452,1.61,8.813,56.194,21.3295
10/07/2024 13:47:13.000,21.9139,32.1452,1.61,8.813,56.077,21.3337
10/07/2024 13:48:13.000,21.9151,32.1456,1.61,8.813,56.080,21.3320
10/07/2024 13:49:13.000,21.9145,32.1448,1.61,8.813,56.060,21.3173
10/07/2024 13:50:13.000,21.9197,32.1464,1.61,8.813,56.178,21.3172
10/07/2024 13:51:13.000,21.9206,32.1460,1.61,8.813,56.074,21.3179
10/07/2024 13:52:13.000,21.9186,32.1424,1.61,8.813,55.994,21.3167
10/07/2024 13:53:13.000,21.9194,32.1469,1.61,8.813,55.996,21.3218
10/07/2024 13:54:13.000,21.9258,32.1468,1.60,8.812,56.006,21.3239
10/07/2024 13:55:13.000,21.9299,32.1464,1.60,8.813,55.954,21.3274
10/07/2024 13:56:13.000,21.9283,32.1452,1.60,8.812,56.077,21.2694
10/07/2024 13:57:13.000,21.9267,32.1449,1.60,8.812,56.086,21.3269
10/07/2024 13:58:13.000,21.9263,32.1450,1.60,8.812,56.128,21.3299
10/07/2024 13:59:13.000,21.9255,32.1454,1.60,8.812,56.092,21.3297
10/07/2024 14:00:13.000,21.9261,32.1454,1.60,8.812,56.131,21.3339
10/07/2024 14:01:13.000,21.9277,32.1455,1.60,8.812,56.214,21.3317
10/07/2024 14:02:13.000,21.9284,32.1430,1.60,8.812,55.959,21.3342
10/07/2024 14:03:13.000,21.9236,32.1451,1.60,8.812,56.058,21.3241
10/07/2024 14:04:13.000,21.9278,32.1482,1.60,8.812,56.019,21.3346
10/07/2024 14:05:13.000,21.9328,32.1440,1.60,8.812,56.067,21.3362
10/07/2024 14:06:13.000,21.9320,32.1460,1.61,8.812,56.008,21.3342
10/07/2024 14:07:13.000,21.9327,32.1457,1.60,8.812,56.109,21.3318
10/07/2024 14:08:13.000,21.9334,32.1440,1.60,8.812,56.136,21.3282
10/07/2024 14:09:13.000,21.9341,32.1465,1.60,8.812,56.006,21.3234
10/07/2024 14:10:13.000,21.9362,32.1451,1.60,8.812,56.129,21.3235
10/07/2024 14:11:13.000,21.9405,32.1466,1.60,8.812,56.004,21.3335
10/07/2024 14:12:13.000,21.9399,32.1423,1.60,8.812,55.992,21.3266
10/07/2024 14:13:13.000,21.9371,32.1423,1.60,8.812,55.924,21.3358
10/07/2024 14:14:13.000,21.9314,32.1434,1.60,8.812,56.007,21.3373
10/07/2024 14:15:13.000,21.9318,32.1447,1.60,8.812,56.102,21.3396
10/07/2024 14:16:13.000,21.9325,32.1448,1.60,8.812,56.063,21.3402
10/07/2024 14:17:13.000,21.9322,32.1438,1.59,8.812,56.080,21.3446
10/07/2024 14:18:13.000,21.9312,32.1477,1.59,8.812,56.120,21.3428
10/07/2024 14:19:13.000,21.9342,32.1457,1.59,8.812,56.100,21.3457
10/07/2024 14:20:13.000,21.9345,32.1453,1.59,8.812,55.989,21.3521
10/07/2024 14:21:13.000,21.9299,32.1446,1.59,8.812,56.037,21.3517
10/07/2024 14:22:13.000,21.9294,32.1463,1.59,8.812,56.062,21.3461
10/07/2024 14:23:13.000,21.9322,32.1475,1.59,8.812,56.094,21.3378
10/07/2024 14:24:13.000,21.9310,32.1458,1.59,8.812,56.077,21.3533
10/07/2024 14:25:13.000,21.9312,32.1464,1.59,8.812,55.983,21.3538
10/07/2024 14:26:13.000,21.9352,32.1469,1.59,8.812,56.202,21.3537
10/07/2024 14:27:13.000,21.9405,32.1488,1.59,8.812,56.097,21.3562
10/07/2024 14:28:13.000,21.9469,32.1466,1.59,8.812,55.978,21.3545
10/07/2024 14:29:13.000,21.9474,32.1455,1.60,8.812,56.026,21.3534
10/07/2024 14:30:13.000,21.9485,32.1435,1.60,8.812,56.052,21.3559
10/07/2024 14:31:13.000,21.9427,32.1424,1.60,8.812,56.026,21.3557
10/07/2024 14:32:13.000,21.9382,32.1457,1.60,8.812,55.993,21.3558
10/07/2024 14:33:13.000,21.9430,32.1465,1.59,8.811,56.031,21.3533
10/07/2024 14:34:13.000,21.9466,32.1478,1.59,8.811,55.955,21.3897
10/07/2024 14:35:13.000,21.9522,32.1456,1.59,8.811,56.092,21.3899
10/07/2024 14:36:13.000,21.9498,32.1454,1.60,8.811,56.015,21.3907
10/07/2024 14:37:13.000,21.9479,32.1449,1.60,8.811,56.140,21.3907
10/07/2024 14:38:13.000,21.9428,32.1465,1.60,8.811,55.969,21.3909
10/07/2024 14:39:13.000,21.9413,32.1451,1.60,8.811,56.032,21.3915
10/07/2024 14:40:13.000,21.9391,32.1452,1.60,8.811,56.044,21.3919
10/07/2024 14:41:13.000,21.9396,32.1469,1.60,8.811,55.937,21.3922
10/07/2024 14:42:13.000,21.9445,32.1461,1.60,8.811,56.009,21.3925
10/07/2024 14:43:13.000,21.9468,32.1436,1.60,8.811,56.167,21.3924
10/07/2024 14:44:13.000,21.9417,32.1459,1.60,8.811,55.940,21.3931
10/07/2024 14:45:13.000,21.9431,32.1480,1.60,8.811,56.024,21.3933
10/07/2024 14:46:13.000,21.9434,32.1471,1.60,8.811,56.027,21.3933
10/07/2024 14:47:13.000,21.9476,32.1470,1.60,8.811,55.998,21.3939
10/07/2024 14:48:13.000,21.9486,32.1467,1.60,8.811,55.946,21.3940
10/07/2024 14:49:13.000,21.9505,32.1460,1.60,8.811,56.076,21.3954
10/07/2024 14:50:13.000,21.9491,32.1469,1.60,8.811,56.070,21.3948
10/07/2024 14:51:13.000,21.9504,32.1451,1.60,8.811,56.073,21.3954
10/07/2024 14:52:13.000,21.9489,32.1464,1.60,8.811,56.087,21.3965
10/07/2024 14:53:13.000,21.9472,32.1446,1.61,8.811,55.898,21.3961
10/07/2024 14:54:13.000,21.9496,32.1466,1.61,8.811,55.959,21.3969
10/07/2024 14:55:13.000,21.9475,32.1460,1.61,8.810,56.042,21.3976
10/07/2024 14:56:13.000,21.9492,32.1460,1.61,8.810,55.997,21.3976
10/07/2024 14:57:13.000,21.9468,32.1453,1.60,8.810,56.048,21.3980
10/07/2024 14:58:13.000,21.9466,32.1475,1.60,8.810,55.969,21.3989
10/07/2024 14:59:13.000,21.9521,32.1471,1.60,8.810,56.066,21.3989
10/07/2024 15:00:13.000,21.9543,32.1483,1.60,8.810,56.062,21.3999
10/07/2024 15:01:13.000,21.9552,32.1455,1.60,8.810,56.018,21.4004
10/07/2024 15:02:13.001,21.9586,32.1477,1.60,8.810,55.989,21.3995
10/07/2024 15:03:13.000,21.9637,32.1514,1.60,8.810,56.124,21.4010
10/07/2024 15:04:13.001,21.9721,32.1503,1.60,8.810,56.051,21.4005
10/07/2024 15:05:13.000,21.9740,32.1443,1.60,8.810,56.067,21.4016
10/07/2024 15:06:13.001,21.9684,32.1462,1.60,8.810,55.980,21.4021
10/07/2024 15:07:13.000,21.9681,32.1465,1.60,8.810,56.086,21.4027
10/07/2024 15:08:13.000,21.9699,32.1509,1.60,8.810,55.953,21.4025
10/07/2024 15:09:13.000,21.9792,32.1510,1.60,8.810,56.003,21.4035
10/07/2024 15:10:13.000,21.9830,32.1465,1.59,8.810,56.098,21.4043
10/07/2024 15:11:13.999,21.9810,32.1488,1.59,8.809,56.020,21.4053
10/07/2024 15:12:13.000,21.9872,32.1467,1.59,8.809,56.064,21.4055
10/07/2024 15:13:13.999,21.9839,32.1453,1.60,8.809,56.035,21.4058
10/07/2024 15:14:13.000,21.9820,32.1470,1.60,8.809,56.103,21.4068
10/07/2024 15:15:13.999,21.9826,32.1475,1.60,8.809,56.005,21.4070
10/07/2024 15:16:13.000,21.9814,32.1473,1.59,8.809,55.959,21.4075
10/07/2024 15:17:13.001,21.9839,32.1475,1.60,8.809,55.983,21.4083
10/07/2024 15:18:13.000,21.9824,32.1446,1.59,8.809,56.051,21.4079
10/07/2024 15:19:13.001,21.9791,32.1461,1.59,8.809,56.038,21.4089
10/07/2024 15:20:13.000,21.9813,32.1485,1.59,8.809,56.090,21.4096
10/07/2024 15:21:13.001,21.9825,32.1471,1.59,8.809,55.901,21.4103
10/07/2024 15:22:13.000,21.9857,32.1495,1.59,8.809,55.936,21.4107
10/07/2024 15:23:13.000,21.9888,32.1474,1.59,8.809,56.008,21.4111
10/07/2024 15:24:13.000,21.9889,32.1446,1.59,8.809,55.947,21.4114
10/07/2024 15:25:13.000,21.9866,32.1475,1.59,8.809,55.940,21.4119
10/07/2024 15:26:13.999,21.9895,32.1498,1.59,8.808,55.953,21.4129
10/07/2024 15:27:13.000,21.9926,32.1459,1.59,8.809,55.850,21.4132
10/07/2024 15:28:13.999,21.9914,32.1475,1.59,8.809,55.898,21.4137
10/07/2024 15:29:13.000,21.9894,32.1442,1.59,8.808,56.084,21.4143
10/07/2024 15:30:13.999,21.9890,32.1472,1.59,8.808,56.089,21.4152
10/07/2024 15:31:13.000,21.9906,32.1488,1.59,8.808,55.891,21.4156
10/07/2024 15:32:13.001,21.9924,32.1472,1.59,8.808,55.859,21.4165
10/07/2024 15:33:13.000,21.9952,32.1469,1.59,8.808,55.940,21.4173
10/07/2024 15:34:13.001,21.9945,32.1475,1.59,8.808,55.901,21.4174
10/07/2024 15:35:13.000,21.9961,32.1494,1.59,8.808,56.050,21.4181
10/07/2024 15:36:13.001,21.9979,32.1471,1.60,8.808,55.960,21.4188
10/07/2024 15:37:13.000,21.9951,32.1439,1.59,8.808,55.944,21.4193
10/07/2024 15:38:13.000,21.9928,32.1479,1.59,8.807,55.922,21.4193
10/07/2024 15:39:13.000,21.9955,32.1471,1.59,8.807,55.981,21.4194
10/07/2024 15:40:13.000,21.9965,32.1471,1.59,8.807,55.925,21.4210
10/07/2024 15:41:13.999,21.9938,32.1450,1.59,8.807,55.984,21.4216
10/07/2024 15:42:13.000,21.9933,32.1489,1.58,8.807,55.933,21.4225
10/07/2024 15:43:13.999,21.9973,32.1485,1.59,8.807,56.015,21.4225
10/07/2024 15:44:13.000,21.9970,32.1469,1.59,8.807,55.970,21.4230
10/07/2024 15:45:13.999,21.9984,32.1493,1.59,8.807,55.936,21.4241
10/07/2024 15:46:13.000,22.0022,32.1471,1.59,8.806,55.917,21.4238
10/07/2024 15:47:13.001,22.0038,32.1480,1.59,8.807,55.848,21.4252
10/07/2024 15:48:13.000,22.0026,32.1464,1.59,8.806,55.958,21.4253
10/07/2024 15:49:13.001,22.0012,32.1460,1.59,8.806,55.945,21.4261
10/07/2024 15:50:13.000,22.0017,32.1461,1.60,8.806,55.894,21.4264
10/07/2024 15:51:13.001,22.0019,32.1470,1.59,8.806,56.003,21.4270
10/07/2024 15:52:13.000,22.0005,32.1471,1.59,8.806,55.935,21.4281
10/07/2024 15:53:13.000,21.9996,32.1479,1.59,8.806,55.940,21.4278
10/07/2024 15:54:13.000,22.0007,32.1494,1.59,8.806,56.038,21.4290
10/07/2024 15:55:13.000,22.0027,32.1478,1.59,8.806,56.033,21.4296
10/07/2024 15:56:13.999,22.0072,32.1485,1.59,8.806,56.125,21.4300
10/07/2024 15:57:13.000,22.0057,32.1460,1.59,8.806,55.983,21.4302
10/07/2024 15:58:13.999,22.0017,32.1469,1.58,8.806,55.926,21.4310
10/07/2024 15:59:13.000,22.0027,32.1494,1.58,8.805,56.005,21.4315
10/07/2024 16:00:13.999,22.0080,32.1493,1.58,8.805,56.145,21.4322
10/07/2024 16:01:13.000,22.0093,32.1457,1.58,8.805,56.057,21.4328
10/07/2024 16:02:13.001,22.0122,32.1507,1.58,8.805,56.036,21.4338
10/07/2024 16:03:13.000,22.0143,32.1463,1.58,8.805,56.135,21.4341
10/07/2024 16:04:13.001,22.0137,32.1472,1.58,8.805,56.097,21.4344
10/07/2024 16:05:13.000,22.0131,32.1484,1.58,8.805,56.061,21.4343
10/07/2024 16:06:13.001,22.0118,32.1485,1.58,8.805,55.997,21.4357
10/07/2024 16:07:13.000,22.0138,32.1501,1.59,8.805,55.991,21.4361
10/07/2024 16:08:13.000,22.0163,32.1498,1.59,8.805,56.106,21.4370
10/07/2024 16:09:13.000,22.0161,32.1469,1.59,8.805,56.086,21.4372
10/07/2024 16:10:13.000,22.0138,32.1472,1.59,8.805,55.989,21.4367
10/07/2024 16:11:13.999,22.0109,32.1466,1.59,8.805,55.912,21.4392
10/07/2024 16:12:13.000,22.0129,32.1499,1.59,8.805,55.990,21.4396
10/07/2024 16:13:13.999,22.0149,32.1478,1.59,8.805,56.006,21.4404
10/07/2024 16:14:13.000,22.0163,32.1503,1.58,8.805,55.860,21.4406
10/07/2024 16:15:13.999,22.0187,32.1478,1.58,8.805,55.888,21.4412
10/07/2024 16:16:13.000,22.0193,32.1464,1.58,8.805,55.860,21.4416
10/07/2024 16:17:13.001,22.0153,32.1493,1.58,8.805,55.948,21.4423
10/07/2024 16:18:13.000,22.0173,32.1469,1.58,8.805,56.023,21.4430
10/07/2024 16:19:13.001,22.0172,32.1496,1.57,8.805,56.007,21.4429
10/07/2024 16:20:13.000,22.0202,32.1485,1.57,8.805,55.986,21.4437
10/07/2024 16:21:13.001,22.0221,32.1523,1.58,8.804,55.964,21.4441
10/07/2024 16:22:13.000,22.0240,32.1454,1.58,8.804,55.833,21.4450
10/07/2024 16:23:13.000,22.0236,32.1494,1.58,8.805,55.913,21.4450
10/07/2024 16:24:13.000,22.0267,32.1479,1.58,8.804,55.931,21.4460
10/07/2024 16:25:13.000,22.0252,32.1487,1.58,8.804,56.018,21.4465
10/07/2024 16:26:13.999,22.0247,32.1467,1.58,8.804,55.951,21.4470
10/07/2024 16:27:13.000,22.0209,32.1481,1.58,8.804,55.915,21.4471
10/07/2024 16:28:13.999,22.0240,32.1509,1.58,8.804,55.996,21.4483
10/07/2024 16:29:13.000,22.0288,32.1502,1.58,8.804,56.017,21.4483
10/07/2024 16:30:13.999,22.0268,32.1480,1.58,8.804,55.996,21.4489
10/07/2024 16:31:13.000,22.0229,32.1461,1.58,8.803,55.972,21.4496
10/07/2024 16:32:13.001,22.0212,32.1492,1.58,8.804,55.901,21.4500
10/07/2024 16:33:13.000,22.0243,32.1497,1.58,8.803,55.880,21.4502
10/07/2024 16:34:13.001,22.0250,32.1482,1.58,8.803,55.942,21.4500
10/07/2024 16:35:13.000,22.0260,32.1482,1.58,8.803,55.964,21.4515
10/07/2024 16:36:13.001,22.0242,32.1493,1.58,8.803,55.793,21.4509
10/07/2024 16:37:13.000,22.0234,32.1469,1.58,8.803,55.887,21.4525
10/07/2024 16:38:13.000,22.0215,32.1481,1.58,8.803,55.958,21.4529
10/07/2024 16:39:13.000,22.0220,32.1520,1.58,8.803,55.873,21.4533
10/07/2024 16:40:13.000,22.0270,32.1487,1.58,8.803,55.921,21.4541
10/07/2024 16:41:13.999,22.0286,32.1494,1.58,8.803,56.018,21.4540
10/07/2024 16:42:13.000,22.0260,32.1462,1.58,8.803,55.891,21.4545
10/07/2024 16:43:13.999,22.0244,32.1506,1.58,8.803,55.820,21.4553
10/07/2024 16:44:13.000,22.0274,32.1512,1.58,8.803,55.904,21.4551
10/07/2024 16:45:13.999,22.0283,32.1480,1.57,8.803,55.946,21.4557
10/07/2024 16:46:13.000,22.0255,32.1474,1.57,8.803,56.006,21.4563
10/07/2024 16:47:13.001,22.0227,32.1504,1.57,8.803,56.044,21.4560
10/07/2024 16:48:13.000,22.0225,32.1490,1.57,8.803,55.931,21.4573
10/07/2024 16:49:13.001,22.0258,32.1514,1.58,8.803,56.059,21.4574
10/07/2024 16:50:13.000,22.0276,32.1487,1.58,8.803,55.879,21.4583
10/07/2024 16:51:13.001,22.0279,32.1501,1.58,8.803,56.009,21.4589
10/07/2024 16:52:13.000,22.0291,32.1497,1.57,8.803,55.976,21.4596
10/07/2024 16:53:13.000,22.0242,32.1474,1.57,8.803,56.066,21.4593
10/07/2024 16:54:13.000,22.0215,32.1498,1.58,8.803,56.022,21.4603
10/07/2024 16:55:13.000,22.0210,32.1490,1.58,8.803,55.980,21.4604
10/07/2024 16:56:13.999,22.0213,32.1504,1.58,8.802,56.026,21.4604
10/07/2024 16:57:13.000,22.0249,32.1507,1.58,8.802,55.970,21.4610
10/07/2024 16:58:13.999,22.0260,32.1489,1.58,8.803,56.035,21.4619
10/07/2024 16:59:13.000,22.0218,32.1505,1.58,8.803,56.054,21.4622
10/07/2024 17:00:13.999,22.0237,32.1495,1.58,8.803,56.085,21.4630
10/07/2024 17:01:13.000,22.0204,32.1496,1.58,8.802,56.194,21.4628
10/07/2024 17:02:13.001,22.0222,32.1504,1.58,8.803,55.971,21.4638
10/07/2024 17:03:13.000,22.0212,32.1490,1.58,8.803,55.885,21.4627
10/07/2024 17:04:13.001,22.0210,32.1513,1.58,8.803,55.992,21.4641
10/07/2024 17:05:13.000,22.0183,32.1482,1.58,8.803,55.886,21.4652
10/07/2024 17:06:13.001,22.0154,32.1511,1.59,8.803,56.043,21.4647
10/07/2024 17:07:13.000,22.0178,32.1528,1.58,8.803,55.946,21.4644
10/07/2024 17:08:13.000,22.0215,32.1521,1.58,8.803,55.966,21.4647
10/07/2024 17:09:13.000,22.0228,32.1499,1.58,8.803,55.970,21.4651
10/07/2024 17:10:13.000,22.0215,32.1478,1.58,8.803,55.931,21.4656
10/07/2024 17:11:13.999,22.0184,32.1515,1.58,8.803,56.054,21.4657
10/07/2024 17:12:13.000,22.0200,32.1519,1.58,8.803,56.074,21.4660
10/07/2024 17:13:13.999,22.0244,32.1507,1.58,8.803,55.979,21.4663
10/07/2024 17:14:13.000,22.0214,32.1496,1.58,8.803,56.033,21.4668
10/07/2024 17:15:13.999,22.0222,32.1509,1.57,8.803,56.067,21.4669
10/07/2024 17:16:13.000,22.0251,32.1511,1.57,8.803,56.114,21.4674
10/07/2024 17:17:13.001,22.0261,32.1520,1.58,8.803,56.005,21.4678
10/07/2024 17:18:13.000,22.0267,32.1493,1.57,8.803,56.004,21.4686
10/07/2024 17:19:13.001,22.0206,32.1491,1.57,8.803,56.017,21.4695
10/07/2024 17:20:13.000,22.0157,32.1497,1.57,8.803,56.042,21.4694
10/07/2024 17:21:13.001,22.0182,32.1531,1.57,8.803,56.153,21.4695
10/07/2024 17:22:13.000,22.0197,32.1540,1.56,8.803,56.075,21.4703
10/07/2024 17:23:13.000,22.0227,32.1490,1.57,8.803,56.031,21.4703
10/07/2024 17:24:13.000,22.0215,32.1517,1.57,8.803,55.954,21.4708
10/07/2024 17:25:13.000,22.0219,32.1525,1.57,8.803,55.997,21.4709
10/07/2024 17:26:13.999,22.0194,32.1496,1.57,8.803,55.992,21.4712
10/07/2024 17:27:13.000,22.0181,32.1507,1.57,8.803,55.877,21.4721
10/07/2024 17:28:13.999,22.0176,32.1503,1.57,8.803,56.006,21.4715
10/07/2024 17:29:13.000,22.0136,32.1513,1.56,8.803,55.938,21.4724
10/07/2024 17:30:13.999,22.0160,32.1539,1.56,8.803,55.994,21.4722
10/07/2024 17:31:13.000,22.0170,32.1526,1.56,8.803,56.051,21.4726
10/07/2024 17:32:13.001,22.0183,32.1511,1.56,8.803,56.086,21.4732
10/07/2024 17:33:13.000,22.0164,32.1514,1.56,8.803,56.050,21.4728
10/07/2024 17:34:13.001,22.0181,32.1503,1.56,8.803,56.035,21.4734
10/07/2024 17:35:13.000,22.0134,32.1521,1.56,8.803,55.994,21.4735
10/07/2024 17:36:13.001,22.0130,32.1503,1.56,8.803,55.967,21.4739
10/07/2024 17:37:13.000,22.0135,32.1524,1.57,8.803,56.027,21.4743
10/07/2024 17:38:13.000,22.0144,32.1549,1.57,8.803,56.059,21.4742
10/07/2024 17:39:13.000,22.0192,32.1516,1.56,8.803,56.016,21.4745
10/07/2024 17:40:13.000,22.0172,32.1525,1.57,8.803,55.979,21.4754
10/07/2024 17:41:13.999,22.0165,32.1523,1.57,8.803,56.060,21.4743
10/07/2024 17:42:13.000,22.0134,32.1536,1.57,8.803,56.104,21.4760
10/07/2024 17:43:13.999,22.0170,32.1544,1.57,8.803,55.935,21.4759
10/07/2024 17:44:13.000,22.0174,32.1538,1.57,8.802,56.062,21.4759
10/07/2024 17:45:13.999,22.0185,32.1516,1.57,8.802,56.157,21.4764
10/07/2024 17:46:13.000,22.0155,32.1522,1.57,8.802,56.087,21.4763
10/07/2024 17:47:13.001,22.0121,32.1540,1.57,8.802,56.103,21.4773
10/07/2024 17:48:13.000,22.0139,32.1516,1.57,8.802,56.151,21.4768
10/07/2024 17:49:13.001,22.0123,32.1530,1.57,8.802,56.074,21.4773
10/07/2024 17:50:13.000,22.0162,32.1559,1.57,8.802,56.029,21.4770
10/07/2024 17:51:13.001,22.0175,32.1513,1.57,8.802,55.968,21.4769
10/07/2024 17:52:13.000,22.0111,32.1527,1.57,8.801,56.061,21.4777
10/07/2024 17:53:13.000,22.0101,32.1543,1.57,8.801,56.100,21.4780
10/07/2024 17:54:13.000,22.0163,32.1589,1.58,8.801,56.212,21.4785
10/07/2024 17:55:13.000,22.0178,32.1513,1.58,8.801,55.908,21.4783
10/07/2024 17:56:13.999,22.0173,32.1539,1.57,8.801,56.015,21.4790
10/07/2024 17:57:13.000,22.0142,32.1533,1.57,8.801,55.975,21.4791
10/07/2024 17:58:13.999,22.0123,32.1543,1.57,8.801,55.983,21.4790
10/07/2024 17:59:13.000,22.0146,32.1551,1.56,8.800,55.991,21.4796
10/07/2024 18:00:13.999,22.0176,32.1568,1.57,8.800,55.939,21.4790
10/07/2024 18:01:13.000,22.0149,32.1511,1.57,8.800,56.025,21.4796
10/07/2024 18:02:13.001,22.0112,32.1539,1.57,8.800,55.890,21.4800
10/07/2024 18:03:13.000,22.0107,32.1545,1.57,8.800,55.970,21.4800
10/07/2024 18:04:13.001,22.0098,32.1541,1.57,8.800,55.967,21.4807
10/07/2024 18:05:13.000,22.0090,32.1558,1.57,8.800,55.896,21.4809
10/07/2024 18:06:13.001,22.0076,32.1547,1.57,8.800,56.047,21.4802
10/07/2024 18:07:13.000,22.0081,32.1547,1.57,8.800,56.039,21.4811
10/07/2024 18:08:13.000,22.0072,32.1529,1.57,8.799,55.996,21.4810
10/07/2024 18:09:13.000,22.0083,32.1571,1.57,8.799,55.775,21.4817
10/07/2024 18:10:13.000,22.0096,32.1555,1.57,8.799,55.953,21.4820
10/07/2024 18:11:13.999,22.0091,32.1530,1.56,8.799,56.121,21.4814
10/07/2024 18:12:13.000,22.0059,32.1564,1.56,8.799,56.005,21.4824
10/07/2024 18:13:13.999,22.0083,32.1574,1.56,8.799,56.030,21.4815
10/07/2024 18:14:13.000,22.0112,32.1560,1.56,8.799,55.923,21.4820
10/07/2024 18:15:13.999,22.0103,32.1549,1.56,8.799,56.007,21.4821
10/07/2024 18:16:13.000,22.0092,32.1542,1.57,8.799,56.029,21.4821
10/07/2024 18:17:13.001,22.0072,32.1546,1.56,8.799,56.048,21.4830
10/07/2024 18:18:13.000,22.0039,32.1549,1.56,8.798,56.170,21.4834
10/07/2024 18:19:13.001,22.0041,32.1558,1.56,8.798,56.045,21.4837
10/07/2024 18:20:13.000,22.0073,32.1560,1.56,8.798,56.018,21.4830
10/07/2024 18:21:13.001,22.0054,32.1556,1.56,8.798,56.030,21.4836
10/07/2024 18:22:13.000,22.0057,32.1548,1.56,8.798,56.012,21.4837
10/07/2024 18:23:13.000,22.0079,32.1594,1.56,8.798,55.942,21.4842
10/07/2024 18:24:13.000,22.0121,32.1562,1.56,8.798,55.949,21.4840
10/07/2024 18:25:13.000,22.0140,32.1571,1.56,8.798,55.974,21.4848
10/07/2024 18:26:13.999,22.0120,32.1553,1.56,8.798,56.056,21.4845
10/07/2024 18:27:13.000,22.0068,32.1545,1.56,8.797,55.954,21.4848
10/07/2024 18:28:13.999,22.0035,32.1555,1.56,8.797,55.997,21.4847
10/07/2024 18:29:13.000,22.0039,32.1573,1.56,8.797,55.949,21.4851
10/07/2024 18:30:13.999,22.0050,32.1560,1.56,8.797,56.137,21.4847
10/07/2024 18:31:13.000,22.0051,32.1574,1.56,8.797,56.014,21.4853
10/07/2024 18:32:13.001,22.0074,32.1571,1.56,8.797,56.125,21.4853
10/07/2024 18:33:13.000,22.0057,32.1571,1.56,8.797,56.065,21.4858
10/07/2024 18:34:13.001,22.0094,32.1589,1.56,8.797,56.051,21.4855
10/07/2024 18:35:13.000,22.0129,32.1578,1.56,8.797,56.118,21.4857
10/07/2024 18:36:13.001,22.0190,32.1594,1.56,8.797,56.003,21.4863
10/07/2024 18:37:13.000,22.0220,32.1578,1.56,8.797,56.064,21.4863
10/07/2024 18:38:13.000,22.0264,32.1598,1.56,8.796,56.053,21.4862
10/07/2024 18:39:13.000,22.0274,32.1569,1.56,8.796,56.168,21.4861
10/07/2024 18:40:13.000,22.0243,32.1549,1.56,8.796,56.180,21.4868
10/07/2024 18:41:13.999,22.0226,32.1555,1.56,8.796,56.138,21.4867
10/07/2024 18:42:13.000,22.0252,32.1595,1.56,8.796,56.069,21.4879
10/07/2024 18:43:13.999,22.0294,32.1578,1.55,8.796,56.072,21.4880
10/07/2024 18:44:13.000,22.0310,32.1568,1.56,8.796,56.043,21.4880
10/07/2024 18:45:13.999,22.0255,32.1542,1.56,8.796,55.987,21.4891
10/07/2024 18:46:13.000,22.0216,32.1558,1.56,8.796,56.062,21.4910
10/07/2024 18:47:13.001,22.0206,32.1571,1.56,8.796,56.102,21.4897
10/07/2024 18:48:13.000,22.0192,32.1569,1.56,8.796,56.019,21.4880
10/07/2024 18:49:13.001,22.0226,32.1599,1.56,8.795,56.126,21.4892
10/07/2024 18:50:13.000,22.0291,32.1581,1.56,8.795,56.207,21.4895
10/07/2024 18:51:13.001,22.0292,32.1579,1.55,8.795,56.045,21.4896
10/07/2024 18:52:13.000,22.0291,32.1584,1.56,8.795,56.001,21.4901
10/07/2024 18:53:13.000,22.0345,32.1589,1.56,8.795,56.056,21.4903
10/07/2024 18:54:13.000,22.0342,32.1576,1.55,8.795,56.058,21.4908
10/07/2024 18:55:13.000,22.0334,32.1554,1.56,8.795,55.982,21.4904
10/07/2024 18:56:13.999,22.0278,32.1576,1.55,8.795,56.022,21.4907
10/07/2024 18:57:13.000,22.0276,32.1574,1.56,8.795,56.029,21.4913
10/07/2024 18:58:13.999,22.0294,32.1570,1.55,8.795,56.010,21.4910
10/07/2024 18:59:13.000,22.0245,32.1552,1.55,8.795,55.974,21.4919
10/07/2024 19:00:13.999,22.0242,32.1555,1.55,8.794,56.145,21.4923
10/07/2024 19:01:13.000,22.0195,32.1557,1.55,8.794,56.053,21.4921
10/07/2024 19:02:13.999,22.0159,32.1547,1.55,8.794,56.077,21.4916
10/07/2024 19:03:13.002,22.0138,32.1583,1.55,8.794,56.087,21.4915
10/07/2024 19:04:13.001,22.0197,32.1612,1.55,8.794,56.085,21.4930
10/07/2024 19:05:13.000,22.0205,32.1559,1.55,8.794,56.030,21.4928
10/07/2024 19:06:13.999,22.0189,32.1591,1.55,8.794,55.871,21.4937
10/07/2024 19:07:13.001,22.0175,32.1572,1.55,8.794,56.067,21.4934
10/07/2024 19:08:13.000,22.0157,32.1582,1.55,8.793,55.954,21.4937
10/07/2024 19:09:13.000,22.0200,32.1603,1.55,8.793,56.171,21.4939
10/07/2024 19:10:13.999,22.0218,32.1562,1.55,8.793,56.057,21.4938
10/07/2024 19:11:13.001,22.0157,32.1569,1.55,8.793,55.906,21.4942
10/07/2024 19:12:13.000,22.0123,32.1559,1.55,8.793,55.971,21.4939
10/07/2024 19:13:13.999,22.0144,32.1621,1.55,8.793,56.060,21.4933
10/07/2024 19:14:13.998,22.0203,32.1577,1.55,8.793,55.998,21.4942
10/07/2024 19:15:13.001,22.0180,32.1572,1.55,8.793,56.064,21.4939
10/07/2024 19:16:13.000,22.0138,32.1582,1.55,8.793,55.952,21.4948
10/07/2024 19:17:13.999,22.0135,32.1596,1.55,8.793,55.972,21.4942
10/07/2024 19:18:13.002,22.0162,32.1594,1.55,8.793,55.958,21.4947
10/07/2024 19:19:13.001,22.0161,32.1561,1.54,8.793,56.012,21.4946
10/07/2024 19:20:13.000,22.0111,32.1586,1.54,8.793,56.094,21.4948
10/07/2024 19:21:13.999,22.0098,32.1568,1.54,8.793,56.067,21.4956
10/07/2024 19:22:13.001,22.0074,32.1589,1.54,8.793,55.968,21.4955
10/07/2024 19:23:13.000,22.0066,32.1571,1.54,8.793,56.036,21.4952
10/07/2024 19:24:13.000,22.0063,32.1584,1.54,8.793,56.059,21.4946
10/07/2024 19:25:13.999,22.0055,32.1617,1.54,8.793,55.981,21.4954
10/07/2024 19:26:13.001,22.0110,32.1581,1.54,8.792,56.104,21.4959
10/07/2024 19:27:13.000,22.0087,32.1582,1.53,8.792,56.125,21.4959
10/07/2024 19:28:13.999,22.0098,32.1603,1.54,8.792,55.941,21.4955
10/07/2024 19:29:13.998,22.0129,32.1593,1.54,8.792,56.078,21.4948
10/07/2024 19:30:13.001,22.0118,32.1587,1.54,8.792,55.977,21.4961
10/07/2024 19:31:13.000,22.0143,32.1602,1.54,8.792,56.001,21.4961
10/07/2024 19:32:13.999,22.0172,32.1616,1.54,8.792,56.018,21.4960
10/07/2024 19:33:13.002,22.0198,32.1617,1.54,8.792,56.138,21.4964
10/07/2024 19:34:13.001,22.0219,32.1582,1.53,8.792,56.059,21.4961
10/07/2024 19:35:13.000,22.0210,32.1595,1.54,8.792,56.039,21.4973
10/07/2024 19:36:13.999,22.0232,32.1604,1.54,8.792,56.004,21.4975
10/07/2024 19:37:13.001,22.0226,32.1595,1.54,8.792,55.960,21.4972
10/07/2024 19:38:13.000,22.0247,32.1592,1.53,8.792,56.076,21.4974
10/07/2024 19:39:13.000,22.0226,32.1604,1.53,8.792,56.052,21.4967
10/07/2024 19:40:13.999,22.0220,32.1584,1.53,8.792,56.007,21.4977
10/07/2024 19:41:13.001,22.0190,32.1582,1.53,8.792,56.040,21.4978
10/07/2024 19:42:13.000,22.0177,32.1585,1.53,8.792,56.139,21.4978
10/07/2024 19:43:13.999,22.0164,32.1608,1.53,8.792,56.051,21.4976
10/07/2024 19:44:13.998,22.0159,32.1621,1.53,8.791,56.094,21.4977
10/07/2024 19:45:13.001,22.0187,32.1610,1.53,8.791,56.008,21.4983
10/07/2024 19:46:13.000,22.0216,32.1594,1.53,8.791,56.095,21.4983
10/07/2024 19:47:13.999,22.0197,32.1612,1.53,8.791,56.137,21.4983
10/07/2024 19:48:13.002,22.0180,32.1602,1.53,8.791,56.050,21.4984
10/07/2024 19:49:13.001,22.0178,32.1594,1.53,8.791,56.038,21.4978
10/07/2024 19:50:13.000,22.0166,32.1604,1.53,8.791,55.955,21.4986
10/07/2024 19:51:13.999,22.0163,32.1637,1.53,8.791,55.862,21.4988
10/07/2024 19:52:13.001,22.0219,32.1608,1.53,8.791,55.919,21.4984
10/07/2024 19:53:13.000,22.0183,32.1596,1.54,8.791,55.994,21.4989
10/07/2024 19:54:13.000,22.0172,32.1602,1.53,8.791,55.968,21.4982
10/07/2024 19:55:13.999,22.0147,32.1600,1.53,8.791,56.026,21.4993
10/07/2024 19:56:13.001,22.0160,32.1610,1.53,8.791,55.932,21.4990
10/07/2024 19:57:13.000,22.0165,32.1614,1.53,8.791,55.941,21.4997
10/07/2024 19:58:13.999,22.0206,32.1608,1.53,8.791,55.984,21.5002
10/07/2024 19:59:13.998,22.0194,32.1620,1.53,8.791,56.095,21.4994
10/07/2024 20:00:13.001,22.0181,32.1605,1.53,8.791,55.930,21.4972
10/07/2024 20:01:13.000,22.0185,32.1628,1.53,8.791,56.028,21.4982
10/07/2024 20:02:13.999,22.0216,32.1620,1.53,8.791,56.044,21.4995
10/07/2024 20:03:13.002,22.0260,32.1644,1.53,8.791,55.999,21.4997
10/07/2024 20:04:13.001,22.0287,32.1590,1.53,8.791,55.963,21.4990
10/07/2024 20:05:13.000,22.0254,32.1610,1.53,8.791,55.983,21.5000
10/07/2024 20:06:13.999,22.0237,32.1602,1.53,8.791,56.033,21.5003
10/07/2024 20:07:13.001,22.0233,32.1604,1.53,8.791,56.132,21.4982
10/07/2024 20:08:13.000,22.0202,32.1624,1.53,8.791,55.975,21.4980
10/07/2024 20:09:13.000,22.0237,32.1619,1.53,8.790,56.021,21.4982
10/07/2024 20:10:13.999,22.0208,32.1600,1.53,8.790,56.013,21.4982
10/07/2024 20:11:13.001,22.0183,32.1623,1.53,8.790,56.004,21.4985
10/07/2024 20:12:13.000,22.0197,32.1603,1.53,8.790,55.970,21.4988
10/07/2024 20:13:13.999,22.0191,32.1637,1.53,8.790,55.994,21.4997
10/07/2024 20:14:13.998,22.0227,32.1620,1.53,8.790,56.063,21.4989
10/07/2024 20:15:13.001,22.0239,32.1604,1.53,8.790,55.988,21.4990
10/07/2024 20:16:13.000,22.0235,32.1628,1.53,8.790,55.962,21.4988
10/07/2024 20:17:13.999,22.0258,32.1609,1.53,8.790,55.994,21.5000
10/07/2024 20:18:13.002,22.0232,32.1595,1.53,8.790,55.878,21.5000
10/07/2024 20:19:13.001,22.0181,32.1625,1.53,8.790,56.014,21.5005
10/07/2024 20:20:13.000,22.0210,32.1639,1.53,8.790,56.027,21.4999
10/07/2024 20:21:13.999,22.0228,32.1632,1.53,8.789,56.171,21.5002
10/07/2024 20:22:13.001,22.0229,32.1633,1.53,8.789,56.078,21.5003
10/07/2024 20:23:13.000,22.0280,32.1625,1.53,8.789,56.180,21.5006
10/07/2024 20:24:13.000,22.0250,32.1612,1.53,8.789,56.181,21.5010
10/07/2024 20:25:13.999,22.0199,32.1599,1.53,8.789,55.966,21.5002
10/07/2024 20:26:13.001,22.0168,32.1617,1.53,8.789,56.076,21.5014
10/07/2024 20:27:13.000,22.0151,32.1614,1.53,8.789,56.163,21.5014
10/07/2024 20:28:13.999,22.0114,32.1628,1.53,8.789,56.081,21.5001
10/07/2024 20:29:13.998,22.0143,32.1617,1.53,8.788,56.038,21.5015
10/07/2024 20:30:13.001,22.0117,32.1637,1.53,8.788,56.086,21.5013
10/07/2024 20:31:13.000,22.0115,32.1587,1.53,8.788,56.076,21.5023
10/07/2024 20:32:13.999,22.0060,32.1633,1.53,8.788,56.049,21.5014
10/07/2024 20:33:13.002,22.0050,32.1609,1.53,8.788,56.028,21.5015
10/07/2024 20:34:13.001,22.0043,32.1631,1.53,8.788,55.987,21.5020
10/07/2024 20:35:13.000,22.0015,32.1622,1.53,8.788,56.013,21.5019
10/07/2024 20:36:13.999,21.9982,32.1616,1.53,8.787,55.869,21.5015
10/07/2024 20:37:13.001,21.9956,32.1651,1.52,8.787,56.096,21.5018
10/07/2024 20:38:13.000,21.9979,32.1626,1.53,8.787,55.996,21.5015
10/07/2024 20:39:13.000,21.9948,32.1627,1.53,8.787,55.969,21.5003
10/07/2024 20:40:13.999,21.9951,32.1621,1.53,8.787,56.075,21.5009
10/07/2024 20:41:13.001,21.9929,32.1622,1.52,8.787,56.009,21.5009
10/07/2024 20:42:13.000,21.9922,32.1664,1.52,8.787,55.980,21.5015
10/07/2024 20:43:13.999,21.9948,32.1640,1.52,8.787,55.988,21.5012
10/07/2024 20:44:13.998,21.9942,32.1655,1.52,8.787,56.059,21.5015
10/07/2024 20:45:13.001,21.9945,32.1637,1.52,8.787,55.938,21.5015
10/07/2024 20:46:13.000,21.9970,32.1657,1.52,8.786,56.111,21.5019
10/07/2024 20:47:13.999,22.0005,32.1650,1.52,8.786,56.093,21.5014
10/07/2024 20:48:13.002,22.0012,32.1656,1.52,8.786,56.057,21.5017
10/07/2024 20:49:13.001,22.0049,32.1649,1.52,8.786,56.074,21.5017
10/07/2024 20:50:13.000,22.0073,32.1660,1.53,8.786,55.991,21.5004
10/07/2024 20:51:13.999,22.0075,32.1638,1.52,8.786,56.030,21.5010
10/07/2024 20:52:13.001,22.0081,32.1656,1.52,8.786,56.041,21.5004
10/07/2024 20:53:13.000,22.0048,32.1632,1.52,8.786,56.077,21.5006
10/07/2024 20:54:13.000,22.0046,32.1673,1.52,8.786,56.111,21.5005
10/07/2024 20:55:13.999,22.0087,32.1646,1.52,8.786,56.078,21.5005
10/07/2024 20:56:13.001,22.0102,32.1634,1.52,8.786,56.191,21.5009
10/07/2024 20:57:13.000,22.0059,32.1617,1.52,8.786,56.138,21.5004
10/07/2024 20:58:13.999,22.0025,32.1665,1.52,8.787,56.121,21.5009
10/07/2024 20:59:13.998,22.0083,32.1666,1.52,8.786,56.129,21.5013
10/07/2024 21:00:13.001,22.0097,32.1650,1.52,8.786,56.099,21.5012
10/07/2024 21:01:13.000,22.0081,32.1644,1.52,8.786,56.059,21.5011
10/07/2024 21:02:13.999,22.0086,32.1642,1.52,8.786,56.158,21.5007
10/07/2024 21:03:13.002,22.0050,32.1640,1.52,8.786,56.088,21.5012
10/07/2024 21:04:13.001,22.0062,32.1660,1.52,8.786,56.039,21.5002
10/07/2024 21:05:13.000,22.0074,32.1682,1.52,8.786,56.160,21.4997
10/07/2024 21:06:13.999,22.0116,32.1665,1.52,8.786,56.094,21.5009
10/07/2024 21:07:13.001,22.0098,32.1636,1.52,8.786,56.061,21.5007
10/07/2024 21:08:13.000,22.0053,32.1654,1.52,8.786,56.025,21.5008
10/07/2024 21:09:13.000,22.0040,32.1648,1.52,8.786,56.000,21.5004
10/07/2024 21:10:13.999,22.0029,32.1642,1.52,8.786,56.003,21.5001
10/07/2024 21:11:13.001,21.9992,32.1638,1.53,8.786,55.946,21.5007
10/07/2024 21:12:13.000,22.0004,32.1654,1.52,8.786,56.047,21.5008
10/07/2024 21:13:13.999,21.9976,32.1640,1.52,8.786,55.993,21.5005
10/07/2024 21:14:13.998,21.9950,32.1654,1.52,8.786,55.966,21.5000
10/07/2024 21:15:13.001,21.9965,32.1670,1.52,8.786,55.938,21.4993
10/07/2024 21:16:13.000,21.9962,32.1647,1.51,8.786,55.987,21.4995
10/07/2024 21:17:13.999,21.9945,32.1673,1.51,8.786,56.006,21.4998
10/07/2024 21:18:13.002,21.9959,32.1660,1.51,8.785,55.996,21.4998
10/07/2024 21:19:13.001,21.9958,32.1683,1.51,8.786,56.059,21.4998
10/07/2024 21:20:13.000,21.9958,32.1641,1.51,8.785,55.925,21.5002
10/07/2024 21:21:13.999,21.9938,32.1639,1.51,8.786,56.021,21.4994
10/07/2024 21:22:13.001,21.9916,32.1661,1.51,8.786,55.974,21.4994
10/07/2024 21:23:13.000,21.9988,32.1665,1.51,8.786,56.010,21.5006
10/07/2024 21:24:13.000,21.9990,32.1668,1.51,8.785,55.871,21.4995
10/07/2024 21:25:13.999,21.9996,32.1650,1.51,8.785,56.108,21.4988
10/07/2024 21:26:13.001,21.9996,32.1651,1.51,8.785,56.032,21.4988
10/07/2024 21:27:13.000,21.9966,32.1650,1.51,8.785,56.106,21.4994
10/07/2024 21:28:13.999,21.9928,32.1640,1.51,8.785,56.147,21.4989
10/07/2024 21:29:13.998,21.9920,32.1677,1.51,8.785,56.034,21.4999
10/07/2024 21:30:13.001,21.9943,32.1653,1.51,8.785,55.961,21.4995
10/07/2024 21:31:13.000,21.9964,32.1669,1.51,8.785,56.109,21.4990
10/07/2024 21:32:13.999,21.9970,32.1692,1.51,8.784,55.970,21.4993
10/07/2024 21:33:13.002,22.0017,32.1685,1.51,8.784,56.018,21.4991
10/07/2024 21:34:13.001,22.0009,32.1665,1.51,8.784,55.859,21.4985
10/07/2024 21:35:13.000,21.9966,32.1654,1.51,8.784,55.996,21.4990
10/07/2024 21:36:13.999,21.9963,32.1658,1.51,8.784,56.014,21.4989
10/07/2024 21:37:13.001,21.9933,32.1680,1.51,8.784,55.921,21.4984
10/07/2024 21:38:13.000,21.9968,32.1705,1.51,8.784,56.091,21.4990
10/07/2024 21:39:13.000,21.9988,32.1672,1.51,8.784,56.045,21.4987
10/07/2024 21:40:13.999,21.9981,32.1656,1.51,8.784,55.976,21.4984
10/07/2024 21:41:13.001,21.9934,32.1670,1.51,8.784,56.104,21.4988
10/07/2024 21:42:13.000,21.9911,32.1661,1.51,8.784,56.155,21.4986
10/07/2024 21:43:13.999,21.9901,32.1676,1.51,8.784,56.110,21.4988
10/07/2024 21:44:13.998,21.9905,32.1668,1.51,8.783,56.047,21.4984
10/07/2024 21:45:13.001,21.9891,32.1694,1.51,8.783,56.065,21.4983
10/07/2024 21:46:13.000,21.9927,32.1676,1.51,8.783,56.162,21.4982
10/07/2024 21:47:13.999,21.9948,32.1676,1.50,8.783,56.211,21.4979
10/07/2024 21:48:13.002,21.9947,32.1671,1.51,8.783,56.128,21.4983
10/07/2024 21:49:13.001,21.9897,32.1665,1.50,8.783,56.126,21.4977
10/07/2024 21:50:13.000,21.9878,32.1665,1.50,8.783,56.098,21.4986
10/07/2024 21:51:13.999,21.9867,32.1681,1.50,8.782,56.207,21.4981
10/07/2024 21:52:13.001,21.9907,32.1702,1.50,8.782,56.154,21.4983
10/07/2024 21:53:13.000,21.9901,32.1667,1.50,8.782,56.108,21.4974
10/07/2024 21:54:13.000,21.9881,32.1688,1.50,8.782,56.013,21.4978
10/07/2024 21:55:13.999,21.9905,32.1671,1.50,8.782,56.096,21.4977
10/07/2024 21:56:13.001,21.9907,32.1668,1.51,8.782,56.143,21.4976
10/07/2024 21:57:13.000,21.9870,32.1683,1.50,8.782,56.039,21.4975
10/07/2024 21:58:13.999,21.9886,32.1688,1.50,8.782,56.004,21.4971
10/07/2024 21:59:13.998,21.9873,32.1689,1.51,8.782,56.070,21.4979
10/07/2024 22:00:13.001,21.9879,32.1685,1.51,8.782,56.068,21.4968
10/07/2024 22:01:13.000,21.9870,32.1666,1.51,8.782,55.949,21.4969
10/07/2024 22:02:13.999,21.9847,32.1687,1.51,8.782,55.933,21.4961
10/07/2024 22:03:13.002,21.9858,32.1677,1.51,8.782,55.959,21.4971
10/07/2024 22:04:13.001,21.9833,32.1676,1.51,8.782,56.037,21.4971
10/07/2024 22:05:13.000,21.9822,32.1701,1.50,8.782,56.100,21.4971
10/07/2024 22:06:13.999,21.9841,32.1674,1.51,8.782,56.021,21.4969
10/07/2024 22:07:13.001,21.9853,32.1718,1.50,8.781,56.051,21.4972
10/07/2024 22:08:13.000,21.9903,32.1698,1.50,8.781,55.992,21.4967
10/07/2024 22:09:13.000,21.9868,32.1679,1.50,8.781,56.070,21.4970
10/07/2024 22:10:13.999,21.9831,32.1668,1.50,8.781,56.017,21.4964
10/07/2024 22:11:13.001,21.9798,32.1691,1.50,8.781,56.075,21.4965
10/07/2024 22:12:13.000,21.9777,32.1692,1.50,8.781,56.104,21.4969
10/07/2024 22:13:13.999,21.9780,32.1701,1.50,8.781,56.008,21.4956
10/07/2024 22:14:13.998,21.9791,32.1693,1.50,8.781,55.936,21.4965
10/07/2024 22:15:13.001,21.9762,32.1686,1.50,8.780,55.944,21.4967
10/07/2024 22:16:13.000,21.9788,32.1743,1.50,8.780,56.018,21.4964
10/07/2024 22:17:13.999,21.9838,32.1698,1.50,8.780,55.953,21.4955
10/07/2024 22:18:13.002,21.9827,32.1662,1.50,8.780,56.138,21.4958
10/07/2024 22:19:13.001,21.9780,32.1699,1.50,8.780,56.140,21.4960
10/07/2024 22:20:13.000,21.9781,32.1705,1.49,8.780,56.061,21.4959
10/07/2024 22:21:13.999,21.9793,32.1679,1.50,8.780,56.019,21.4957
10/07/2024 22:22:13.001,21.9785,32.1697,1.50,8.780,56.112,21.4955
10/07/2024 22:23:13.000,21.9779,32.1696,1.50,8.780,56.069,21.4952
10/07/2024 22:24:13.000,21.9773,32.1699,1.50,8.779,56.018,21.4954
10/07/2024 22:25:13.999,21.9778,32.1699,1.50,8.779,56.039,21.4949
10/07/2024 22:26:13.001,21.9768,32.1718,1.50,8.779,55.910,21.4954
10/07/2024 22:27:13.000,21.9795,32.1712,1.50,8.779,55.984,21.4957
10/07/2024 22:28:13.999,21.9775,32.1710,1.50,8.779,55.917,21.4953
10/07/2024 22:29:13.998,21.9783,32.1715,1.50,8.779,55.942,21.4948
10/07/2024 22:30:13.001,21.9794,32.1700,1.50,8.779,55.905,21.4952
10/07/2024 22:31:13.000,21.9761,32.1698,1.50,8.779,55.888,21.4953
10/07/2024 22:32:13.999,21.9763,32.1699,1.50,8.779,55.962,21.4947
10/07/2024 22:33:13.002,21.9771,32.1712,1.50,8.779,56.051,21.4944
10/07/2024 22:34:13.001,21.9752,32.1692,1.50,8.779,56.001,21.4942
10/07/2024 22:35:13.000,21.9758,32.1698,1.50,8.779,56.082,21.4939
10/07/2024 22:36:13.999,21.9720,32.1707,1.50,8.778,55.939,21.4941
10/07/2024 22:37:13.001,21.9754,32.1726,1.50,8.778,56.077,21.4941
10/07/2024 22:38:13.000,21.9776,32.1710,1.50,8.778,56.011,21.4929
10/07/2024 22:39:13.000,21.9747,32.1698,1.50,8.778,55.901,21.4940
10/07/2024 22:40:13.999,21.9726,32.1723,1.50,8.778,55.876,21.4937
10/07/2024 22:41:13.001,21.9719,32.1677,1.49,8.778,56.025,21.4936
10/07/2024 22:42:13.000,21.9686,32.1733,1.50,8.778,56.000,21.4936
10/07/2024 22:43:13.999,21.9718,32.1737,1.49,8.778,55.902,21.4930
10/07/2024 22:44:13.998,21.9708,32.1698,1.50,8.778,56.001,21.4926
10/07/2024 22:45:13.001,21.9720,32.1744,1.50,8.778,55.987,21.4934
10/07/2024 22:46:13.000,21.9722,32.1689,1.49,8.778,56.068,21.4928
10/07/2024 22:47:13.999,21.9704,32.1741,1.49,8.778,56.080,21.4928
10/07/2024 22:48:13.002,21.9727,32.1727,1.49,8.778,56.101,21.4925
10/07/2024 22:49:13.001,21.9693,32.1693,1.49,8.778,56.040,21.4927
10/07/2024 22:50:13.000,21.9656,32.1716,1.49,8.778,56.051,21.4923
10/07/2024 22:51:13.999,21.9665,32.1742,1.49,8.779,56.099,21.4918
10/07/2024 22:52:13.001,21.9712,32.1741,1.49,8.779,56.115,21.4921
10/07/2024 22:53:13.000,21.9716,32.1735,1.49,8.779,56.142,21.4920
10/07/2024 22:54:13.000,21.9698,32.1688,1.49,8.779,56.014,21.4918
10/07/2024 22:55:13.999,21.9665,32.1705,1.49,8.779,56.093,21.4914
10/07/2024 22:56:13.001,21.9633,32.1736,1.49,8.780,56.129,21.4912
10/07/2024 22:57:13.000,21.9696,32.1723,1.49,8.780,56.263,21.4912
10/07/2024 22:58:13.999,21.9722,32.1735,1.49,8.780,56.096,21.4909
10/07/2024 22:59:13.998,21.9705,32.1706,1.49,8.780,56.170,21.4905
10/07/2024 23:00:13.001,21.9689,32.1735,1.48,8.781,56.108,21.4908
10/07/2024 23:01:13.000,21.9693,32.1719,1.48,8.781,56.046,21.4908
10/07/2024 23:02:13.999,21.9711,32.1726,1.48,8.781,56.074,21.4902
10/07/2024 23:03:13.002,21.9713,32.1702,1.48,8.781,56.153,21.4908
10/07/2024 23:04:13.001,21.9715,32.1758,1.48,8.781,56.086,21.4906
10/07/2024 23:05:13.000,21.9727,32.1716,1.48,8.781,56.012,21.4903
10/07/2024 23:06:13.999,21.9717,32.1717,1.48,8.781,56.164,21.4908
10/07/2024 23:07:13.001,21.9679,32.1724,1.48,8.781,56.102,21.4889
10/07/2024 23:08:13.000,21.9667,32.1725,1.48,8.781,56.006,21.4889
10/07/2024 23:09:13.000,21.9657,32.1748,1.48,8.781,56.097,21.4878
10/07/2024 23:10:13.999,21.9708,32.1744,1.48,8.780,56.088,21.4879
10/07/2024 23:11:13.001,21.9754,32.1727,1.48,8.780,55.963,21.4882
10/07/2024 23:12:13.000,21.9713,32.1728,1.48,8.780,56.124,21.4878
10/07/2024 23:13:13.999,21.9704,32.1720,1.48,8.780,56.041,21.4876
10/07/2024 23:14:13.998,21.9683,32.1726,1.48,8.780,56.056,21.4875
10/07/2024 23:15:13.001,21.9689,32.1753,1.48,8.779,56.168,21.4875
10/07/2024 23:16:13.000,21.9690,32.1719,1.48,8.779,56.162,21.4870
10/07/2024 23:17:13.999,21.9669,32.1720,1.49,8.779,55.995,21.4878
10/07/2024 23:18:13.002,21.9632,32.1707,1.48,8.779,55.897,21.4880
10/07/2024 23:19:13.001,21.9581,32.1719,1.48,8.779,56.051,21.4876
10/07/2024 23:20:13.000,21.9564,32.1735,1.48,8.778,56.098,21.4875
10/07/2024 23:21:13.999,21.9629,32.1756,1.48,8.778,55.900,21.4873
10/07/2024 23:22:13.001,21.9659,32.1745,1.48,8.778,56.053,21.4871
10/07/2024 23:23:13.000,21.9642,32.1735,1.48,8.777,56.015,21.4870
10/07/2024 23:24:13.000,21.9657,32.1740,1.48,8.777,56.039,21.4864
10/07/2024 23:25:13.999,21.9649,32.1748,1.48,8.777,56.067,21.4866
10/07/2024 23:26:13.001,21.9639,32.1736,1.48,8.776,56.113,21.4867
10/07/2024 23:27:13.000,21.9658,32.1752,1.48,8.776,56.044,21.4868
10/07/2024 23:28:13.999,21.9685,32.1750,1.48,8.776,56.056,21.4864
10/07/2024 23:29:13.998,21.9666,32.1712,1.48,8.776,56.023,21.4867
10/07/2024 23:30:13.001,21.9639,32.1758,1.48,8.775,55.932,21.4865
10/07/2024 23:31:13.000,21.9625,32.1738,1.47,8.775,56.018,21.4860
10/07/2024 23:32:13.999,21.9589,32.1726,1.48,8.775,56.045,21.4855
10/07/2024 23:33:13.002,21.9585,32.1759,1.48,8.775,55.977,21.4855
10/07/2024 23:34:13.001,21.9584,32.1747,1.48,8.775,56.083,21.4854
10/07/2024 23:35:13.000,21.9590,32.1753,1.48,8.775,56.013,21.4850
10/07/2024 23:36:13.999,21.9601,32.1738,1.48,8.774,55.951,21.4850
10/07/2024 23:37:13.001,21.9570,32.1726,1.48,8.774,56.119,21.4844
10/07/2024 23:38:13.000,21.9534,32.1752,1.48,8.774,56.085,21.4840
10/07/2024 23:39:13.000,21.9556,32.1751,1.48,8.774,56.193,21.4843
10/07/2024 23:40:13.999,21.9572,32.1761,1.48,8.774,56.049,21.4839
10/07/2024 23:41:13.001,21.9563,32.1754,1.48,8.774,55.982,21.4847
10/07/2024 23:42:13.000,21.9572,32.1756,1.48,8.774,56.119,21.4839
10/07/2024 23:43:13.999,21.9582,32.1731,1.48,8.774,56.102,21.4838
10/07/2024 23:44:13.998,21.9565,32.1757,1.48,8.773,56.122,21.4833
10/07/2024 23:45:13.001,21.9563,32.1759,1.48,8.773,56.016,21.4833
10/07/2024 23:46:13.000,21.9588,32.1745,1.48,8.773,56.159,21.4825
10/07/2024 23:47:13.999,21.9552,32.1743,1.48,8.773,56.088,21.4827
10/07/2024 23:48:13.002,21.9540,32.1748,1.48,8.773,56.144,21.4826
10/07/2024 23:49:13.001,21.9524,32.1743,1.48,8.773,56.051,21.4826
10/07/2024 23:50:13.000,21.9479,32.1749,1.48,8.773,56.078,21.4820
10/07/2024 23:51:13.999,21.9460,32.1742,1.48,8.773,56.126,21.4817
10/07/2024 23:52:13.001,21.9465,32.1758,1.48,8.772,56.149,21.4819
10/07/2024 23:53:13.000,21.9475,32.1744,1.49,8.772,56.009,21.4818
10/07/2024 23:54:13.000,21.9462,32.1751,1.48,8.772,55.933,21.4816
10/07/2024 23:55:13.999,21.9441,32.1750,1.48,8.772,56.089,21.4811
10/07/2024 23:56:13.001,21.9443,32.1757,1.48,8.772,56.124,21.4803
10/07/2024 23:57:13.000,21.9425,32.1763,1.48,8.772,56.120,21.4808
10/07/2024 23:58:13.999,21.9420,32.1756,1.48,8.772,56.120,21.4809
10/07/2024 23:59:13.998,21.9423,32.1760,1.48,8.772,56.138,21.4806
11/07/2024 00:00:13.001,21.9409,32.1746,1.48,8.772,56.232,21.4802
11/07/2024 00:01:13.000,21.9399,32.1770,1.48,8.771,56.249,21.4798
11/07/2024 00:02:13.999,21.9382,32.1750,1.48,8.771,56.153,21.4789
11/07/2024 00:03:13.002,21.9403,32.1785,1.48,8.771,56.164,21.4794
11/07/2024 00:04:13.001,21.9417,32.1750,1.48,8.771,56.208,21.4794
11/07/2024 00:05:13.000,21.9389,32.1776,1.48,8.771,56.103,21.4779
11/07/2024 00:06:13.999,21.9418,32.1757,1.48,8.771,56.062,21.4780
11/07/2024 00:07:13.001,21.9371,32.1756,1.48,8.771,56.179,21.4787
11/07/2024 00:08:13.000,21.9335,32.1724,1.48,8.771,56.325,21.4781
11/07/2024 00:09:13.000,21.9325,32.1767,1.47,8.771,56.053,21.4785
11/07/2024 00:10:13.999,21.9354,32.1787,1.48,8.771,56.087,21.4770
11/07/2024 00:11:13.001,21.9391,32.1766,1.47,8.771,56.114,21.4774
11/07/2024 00:12:13.000,21.9392,32.1753,1.47,8.771,55.969,21.4775
11/07/2024 00:13:13.999,21.9389,32.1750,1.47,8.771,56.093,21.4769
11/07/2024 00:14:13.998,21.9334,32.1748,1.47,8.771,56.134,21.4769
11/07/2024 00:15:13.001,21.9279,32.1743,1.47,8.770,56.088,21.4755
11/07/2024 00:16:13.000,21.9264,32.1788,1.47,8.770,56.075,21.4761
11/07/2024 00:17:13.999,21.9286,32.1762,1.47,8.770,56.175,21.4765
11/07/2024 00:18:13.002,21.9280,32.1774,1.47,8.770,56.095,21.4757
11/07/2024 00:19:13.001,21.9268,32.1785,1.47,8.770,56.028,21.4755
11/07/2024 00:20:13.000,21.9286,32.1766,1.47,8.770,56.157,21.4754
11/07/2024 00:21:13.999,21.9277,32.1766,1.47,8.770,56.107,21.4746
11/07/2024 00:22:13.001,21.9265,32.1766,1.47,8.769,56.040,21.4740
11/07/2024 00:23:13.000,21.9297,32.1800,1.47,8.769,56.208,21.4744
11/07/2024 00:24:13.000,21.9333,32.1736,1.47,8.769,56.160,21.4738
11/07/2024 00:25:13.999,21.9281,32.1777,1.47,8.769,56.035,21.4742
11/07/2024 00:26:13.001,21.9262,32.1769,1.47,8.769,56.059,21.4739
11/07/2024 00:27:13.000,21.9246,32.1768,1.47,8.769,56.243,21.4741
11/07/2024 00:28:13.999,21.9265,32.1784,1.46,8.769,56.058,21.4737
11/07/2024 00:29:13.998,21.9293,32.1756,1.46,8.769,56.086,21.4732
11/07/2024 00:30:13.001,21.9283,32.1803,1.47,8.769,56.111,21.4722
11/07/2024 00:31:13.000,21.9299,32.1754,1.46,8.769,56.155,21.4715
11/07/2024 00:32:13.999,21.9271,32.1770,1.47,8.769,56.121,21.4715
11/07/2024 00:33:13.002,21.9250,32.1774,1.47,8.769,56.194,21.4723
11/07/2024 00:34:13.001,21.9257,32.1778,1.46,8.768,55.979,21.4723
11/07/2024 00:35:13.000,21.9229,32.1774,1.47,8.768,56.071,21.4721
11/07/2024 00:36:13.999,21.9237,32.1775,1.47,8.768,56.123,21.4714
11/07/2024 00:37:13.001,21.9211,32.1773,1.47,8.768,56.135,21.4718
11/07/2024 00:38:13.000,21.9197,32.1778,1.47,8.768,56.103,21.4707
11/07/2024 00:39:13.000,21.9184,32.1785,1.47,8.768,56.260,21.4709
11/07/2024 00:40:13.999,21.9197,32.1792,1.47,8.768,56.113,21.4698
11/07/2024 00:41:13.001,21.9251,32.1806,1.47,8.768,56.065,21.4701
11/07/2024 00:42:13.000,21.9233,32.1768,1.48,8.767,56.193,21.4706
11/07/2024 00:43:13.999,21.9210,32.1799,1.48,8.767,56.151,21.4697
11/07/2024 00:44:13.998,21.9220,32.1787,1.47,8.767,56.246,21.4699
11/07/2024 00:45:13.001,21.9188,32.1768,1.47,8.767,56.188,21.4696
11/07/2024 00:46:13.000,21.9164,32.1793,1.47,8.767,56.049,21.4697
11/07/2024 00:47:13.999,21.9154,32.1786,1.47,8.767,56.145,21.4694
11/07/2024 00:48:13.002,21.9151,32.1795,1.47,8.767,56.146,21.4688
11/07/2024 00:49:13.001,21.9138,32.1823,1.47,8.767,56.122,21.4688
11/07/2024 00:50:13.000,21.9187,32.1793,1.48,8.766,56.130,21.4685
11/07/2024 00:51:13.999,21.9159,32.1778,1.48,8.766,56.198,21.4670
11/07/2024 00:52:13.001,21.9148,32.1780,1.47,8.766,56.121,21.4673
11/07/2024 00:53:13.000,21.9125,32.1796,1.48,8.766,56.078,21.4685
11/07/2024 00:54:13.000,21.9191,32.1834,1.48,8.766,56.040,21.4678
11/07/2024 00:55:13.999,21.9211,32.1790,1.48,8.766,56.075,21.4675
11/07/2024 00:56:13.001,21.9192,32.1806,1.48,8.766,56.118,21.4667
11/07/2024 00:57:13.000,21.9211,32.1791,1.48,8.766,56.070,21.4664
11/07/2024 00:58:13.999,21.9186,32.1802,1.48,8.766,56.157,21.4672
11/07/2024 00:59:13.998,21.9157,32.1789,1.48,8.765,56.058,21.4656
11/07/2024 01:00:13.001,21.9144,32.1813,1.48,8.765,55.970,21.4649
11/07/2024 01:01:13.000,21.9127,32.1776,1.47,8.765,56.066,21.4662
11/07/2024 01:02:13.999,21.9104,32.1792,1.47,8.765,56.020,21.4647
11/07/2024 01:03:13.002,21.9066,32.1801,1.47,8.765,55.998,21.4645
11/07/2024 01:04:13.001,21.9070,32.1797,1.47,8.765,56.058,21.4651
11/07/2024 01:05:13.000,21.9105,32.1805,1.47,8.764,56.015,21.4647
11/07/2024 01:06:13.999,21.9130,32.1835,1.47,8.764,55.993,21.4639
11/07/2024 01:07:13.001,21.9134,32.1794,1.47,8.764,56.018,21.4649
11/07/2024 01:08:13.000,21.9126,32.1794,1.47,8.764,56.162,21.4640
11/07/2024 01:09:13.000,21.9110,32.1798,1.47,8.764,56.102,21.4632
11/07/2024 01:10:13.999,21.9073,32.1795,1.47,8.764,56.054,21.4627
11/07/2024 01:11:13.001,21.9084,32.1830,1.47,8.764,56.038,21.4636
11/07/2024 01:12:13.000,21.9112,32.1803,1.47,8.763,56.168,21.4630
11/07/2024 01:13:13.999,21.9118,32.1789,1.47,8.763,56.034,21.4624
11/07/2024 01:14:13.998,21.9085,32.1799,1.47,8.763,55.931,21.4624
11/07/2024 01:15:13.001,21.9067,32.1797,1.47,8.763,56.076,21.4621
11/07/2024 01:16:13.000,21.9070,32.1795,1.47,8.763,56.145,21.4613
11/07/2024 01:17:13.999,21.9087,32.1814,1.47,8.763,55.883,21.4619
11/07/2024 01:18:13.002,21.9081,32.1810,1.47,8.763,56.073,21.4616
11/07/2024 01:19:13.001,21.9072,32.1810,1.47,8.763,56.116,21.4604
11/07/2024 01:20:13.000,21.9084,32.1821,1.47,8.762,55.972,21.4610
11/07/2024 01:21:13.999,21.9084,32.1814,1.47,8.762,55.960,21.4604
11/07/2024 01:22:13.001,21.9082,32.1796,1.47,8.762,56.042,21.4605
11/07/2024 01:23:13.000,21.9087,32.1812,1.47,8.762,56.074,21.4601
11/07/2024 01:24:13.000,21.9065,32.1817,1.47,8.762,56.060,21.4602
11/07/2024 01:25:13.999,21.9055,32.1833,1.48,8.762,56.124,21.4597
11/07/2024 01:26:13.001,21.9089,32.1811,1.47,8.761,56.001,21.4597
11/07/2024 01:27:13.000,21.9116,32.1830,1.47,8.761,56.086,21.4592
11/07/2024 01:28:13.999,21.9087,32.1802,1.47,8.761,56.035,21.4586
11/07/2024 01:29:13.998,21.9066,32.1786,1.47,8.761,56.098,21.4590
11/07/2024 01:30:13.001,21.9027,32.1831,1.47,8.761,56.010,21.4588
11/07/2024 01:31:13.000,21.9043,32.1819,1.47,8.761,56.174,21.4583
11/07/2024 01:32:13.999,21.9069,32.1838,1.47,8.761,56.003,21.4588
11/07/2024 01:33:13.002,21.9047,32.1826,1.47,8.761,55.976,21.4580
11/07/2024 01:34:13.001,21.9065,32.1825,1.47,8.760,56.043,21.4576
11/07/2024 01:35:13.000,21.9086,32.1813,1.47,8.760,56.056,21.4577
11/07/2024 01:36:13.999,21.9065,32.1832,1.47,8.760,55.993,21.4558
11/07/2024 01:37:13.001,21.9021,32.1810,1.47,8.760,55.956,21.4576
11/07/2024 01:38:13.000,21.8998,32.1820,1.47,8.760,55.937,21.4559
11/07/2024 01:39:13.000,21.8980,32.1825,1.47,8.760,56.049,21.4560
11/07/2024 01:40:13.999,21.8996,32.1843,1.47,8.760,56.060,21.4560
11/07/2024 01:41:13.001,21.9037,32.1820,1.47,8.760,56.124,21.4559
11/07/2024 01:42:13.000,21.9008,32.1822,1.47,8.760,56.208,21.4556
11/07/2024 01:43:13.999,21.9001,32.1828,1.47,8.760,56.109,21.4548
11/07/2024 01:44:13.998,21.9018,32.1823,1.47,8.759,56.206,21.4546
11/07/2024 01:45:13.001,21.8980,32.1794,1.47,8.759,56.125,21.4535
11/07/2024 01:46:13.000,21.8983,32.1826,1.47,8.759,56.138,21.4532
11/07/2024 01:47:13.999,21.8974,32.1837,1.47,8.759,56.188,21.4544
11/07/2024 01:48:13.002,21.8987,32.1816,1.47,8.759,56.255,21.4541
11/07/2024 01:49:13.001,21.8977,32.1814,1.47,8.759,56.147,21.4534
11/07/2024 01:50:13.000,21.8974,32.1826,1.47,8.758,56.135,21.4536
11/07/2024 01:51:13.999,21.9012,32.1837,1.47,8.758,56.152,21.4529
11/07/2024 01:52:13.001,21.9002,32.1789,1.47,8.758,56.230,21.4521
11/07/2024 01:53:13.000,21.8949,32.1816,1.47,8.758,56.194,21.4524
11/07/2024 01:54:13.000,21.8931,32.1830,1.47,8.758,56.200,21.4516
11/07/2024 01:55:13.999,21.8924,32.1826,1.47,8.758,56.186,21.4504
11/07/2024 01:56:13.001,21.8923,32.1838,1.47,8.758,56.146,21.4512
11/07/2024 01:57:13.000,21.8930,32.1817,1.47,8.758,56.234,21.4513
11/07/2024 01:58:13.999,21.8932,32.1840,1.47,8.757,56.222,21.4505
11/07/2024 01:59:13.998,21.8963,32.1839,1.47,8.757,56.190,21.4508
11/07/2024 02:00:13.001,21.8960,32.1824,1.47,8.757,56.114,21.4497
11/07/2024 02:01:13.000,21.8957,32.1833,1.47,8.757,56.210,21.4499
11/07/2024 02:02:13.999,21.8946,32.1831,1.47,8.757,56.288,21.4495
11/07/2024 02:03:13.002,21.8898,32.1810,1.47,8.757,56.256,21.4494
11/07/2024 02:04:13.001,21.8892,32.1848,1.47,8.757,56.218,21.4478
11/07/2024 02:05:13.000,21.8908,32.1825,1.47,8.757,56.839,21.4488
11/07/2024 02:06:13.999,21.8886,32.1835,1.48,8.756,56.255,21.4486
11/07/2024 02:07:13.001,21.8857,32.1831,1.47,8.757,56.156,21.4467
11/07/2024 02:08:13.000,21.8878,32.1854,1.47,8.756,56.193,21.4464
11/07/2024 02:09:13.000,21.8851,32.1831,1.47,8.756,56.194,21.4465
11/07/2024 02:10:13.999,21.8859,32.1841,1.47,8.756,56.219,21.4462
11/07/2024 02:11:13.001,21.8862,32.1844,1.47,8.756,56.196,21.4458
11/07/2024 02:12:13.000,21.8865,32.1839,1.47,8.756,56.115,21.4459
11/07/2024 02:13:13.999,21.8843,32.1831,1.47,8.756,56.271,21.4446
11/07/2024 02:14:13.998,21.8813,32.1840,1.47,8.756,56.148,21.4441
11/07/2024 02:15:13.001,21.8833,32.1864,1.47,8.756,56.203,21.4445
11/07/2024 02:16:13.000,21.8866,32.1850,1.47,8.756,56.115,21.4446
11/07/2024 02:17:13.999,21.8893,32.1857,1.46,8.755,56.091,21.4441
11/07/2024 02:18:13.002,21.8906,32.1833,1.46,8.755,56.230,21.4440
11/07/2024 02:19:13.001,21.8858,32.1825,1.46,8.755,56.115,21.4443
11/07/2024 02:20:13.000,21.8863,32.1866,1.47,8.755,56.197,21.4441
11/07/2024 02:21:13.999,21.8855,32.1823,1.46,8.755,56.131,21.4433
11/07/2024 02:22:13.001,21.8857,32.1867,1.46,8.755,56.094,21.4429
11/07/2024 02:23:13.000,21.8855,32.1830,1.46,8.755,56.130,21.4432
11/07/2024 02:24:13.000,21.8839,32.1831,1.46,8.755,56.201,21.4421
11/07/2024 02:25:13.999,21.8803,32.1816,1.46,8.755,56.141,21.4424
11/07/2024 02:26:13.001,21.8768,32.1858,1.46,8.755,56.048,21.4414
11/07/2024 02:27:13.000,21.8769,32.1866,1.46,8.755,56.183,21.4419
11/07/2024 02:28:13.999,21.8799,32.1876,1.46,8.755,56.173,21.4413
11/07/2024 02:29:13.998,21.8827,32.1865,1.46,8.755,56.162,21.4412
11/07/2024 02:30:13.001,21.8836,32.1837,1.46,8.755,56.049,21.4406
11/07/2024 02:31:13.000,21.8817,32.1846,1.46,8.755,56.181,21.4407
11/07/2024 02:32:13.999,21.8758,32.1846,1.46,8.755,56.197,21.4403
11/07/2024 02:33:13.002,21.8751,32.1854,1.46,8.755,56.209,21.4388
11/07/2024 02:34:13.001,21.8737,32.1855,1.46,8.754,56.145,21.4400
11/07/2024 02:35:13.000,21.8752,32.1862,1.46,8.754,56.087,21.4394
11/07/2024 02:36:13.999,21.8758,32.1862,1.46,8.754,56.115,21.4391
11/07/2024 02:37:13.001,21.8793,32.1847,1.46,8.754,56.089,21.4388
11/07/2024 02:38:13.000,21.8786,32.1859,1.46,8.754,56.129,21.4382
11/07/2024 02:39:13.000,21.8761,32.1837,1.46,8.754,56.209,21.4377
11/07/2024 02:40:13.999,21.8758,32.1882,1.46,8.754,56.133,21.4369
11/07/2024 02:41:13.001,21.8772,32.1855,1.46,8.754,56.191,21.4375
11/07/2024 02:42:13.000,21.8761,32.1842,1.46,8.754,56.111,21.4356
11/07/2024 02:43:13.999,21.8739,32.1843,1.46,8.754,56.221,21.4369
11/07/2024 02:44:13.998,21.8724,32.1840,1.46,8.754,56.200,21.4360
11/07/2024 02:45:13.001,21.8675,32.1852,1.46,8.754,56.072,21.4353
11/07/2024 02:46:13.000,21.8646,32.1869,1.46,8.754,56.251,21.4358
11/07/2024 02:47:13.999,21.8657,32.1863,1.46,8.754,56.360,21.4356
11/07/2024 02:48:13.002,21.8652,32.1866,1.46,8.754,56.366,21.4348
11/07/2024 02:49:13.001,21.8666,32.1875,1.46,8.754,56.201,21.4347
11/07/2024 02:50:13.000,21.8710,32.1881,1.46,8.754,56.135,21.4337
11/07/2024 02:51:13.999,21.8719,32.1873,1.46,8.754,56.235,21.4339
11/07/2024 02:52:13.001,21.8703,32.1845,1.46,8.754,56.252,21.4337
11/07/2024 02:53:13.000,21.8649,32.1853,1.46,8.754,56.215,21.4329
11/07/2024 02:54:13.000,21.8643,32.1852,1.46,8.754,56.257,21.4330
11/07/2024 02:55:13.999,21.8625,32.1873,1.46,8.754,56.317,21.4337
11/07/2024 02:56:13.001,21.8642,32.1863,1.46,8.754,56.258,21.4335
11/07/2024 02:57:13.000,21.8642,32.1878,1.46,8.754,56.172,21.4336
11/07/2024 02:58:13.999,21.8638,32.1863,1.45,8.754,56.230,21.4326
11/07/2024 02:59:13.998,21.8622,32.1867,1.46,8.754,56.206,21.4315
11/07/2024 03:00:13.001,21.8613,32.1863,1.45,8.754,56.091,21.4296
11/07/2024 03:01:13.000,21.8635,32.1895,1.45,8.754,56.221,21.4305
11/07/2024 03:02:13.999,21.8656,32.1862,1.45,8.754,56.237,21.4289
11/07/2024 03:03:13.998,21.8647,32.1890,1.45,8.754,55.953,21.4300
11/07/2024 03:04:13.997,21.8672,32.1856,1.45,8.753,56.105,21.4292
11/07/2024 03:05:13.003,21.8628,32.1869,1.45,8.754,56.099,21.4291
11/07/2024 03:06:13.002,21.8627,32.1874,1.45,8.753,56.256,21.4290
11/07/2024 03:07:13.001,21.8610,32.1860,1.45,8.753,56.120,21.4288
11/07/2024 03:08:13.000,21.8610,32.1893,1.45,8.753,56.173,21.4283
11/07/2024 03:09:13.000,21.8612,32.1861,1.45,8.753,56.156,21.4265
11/07/2024 03:10:13.999,21.8581,32.1858,1.45,8.753,56.142,21.4274
11/07/2024 03:11:13.998,21.8585,32.1893,1.45,8.753,56.159,21.4271
11/07/2024 03:12:13.997,21.8617,32.1881,1.45,8.753,56.203,21.4264
11/07/2024 03:13:13.003,21.8597,32.1883,1.45,8.753,56.112,21.4259
11/07/2024 03:14:13.002,21.8602,32.1865,1.45,8.753,56.108,21.4259
11/07/2024 03:15:13.001,21.8584,32.1856,1.45,8.753,56.121,21.4251
11/07/2024 03:16:13.000,21.8542,32.1874,1.45,8.753,56.247,21.4252
11/07/2024 03:17:13.999,21.8543,32.1891,1.45,8.753,56.166,21.4251
11/07/2024 03:18:13.998,21.8539,32.1889,1.45,8.753,56.251,21.4247
11/07/2024 03:19:13.997,21.8561,32.1893,1.45,8.753,56.113,21.4236
11/07/2024 03:20:13.003,21.8574,32.1890,1.44,8.753,56.256,21.4222
11/07/2024 03:21:13.002,21.8576,32.1894,1.44,8.753,56.166,21.4228
11/07/2024 03:22:13.001,21.8561,32.1864,1.45,8.753,56.221,21.4231
11/07/2024 03:23:13.000,21.8532,32.1886,1.45,8.753,56.209,21.4223
11/07/2024 03:24:13.000,21.8524,32.1873,1.44,8.753,56.192,21.4216
11/07/2024 03:25:13.999,21.8503,32.1887,1.45,8.753,56.172,21.4217
11/07/2024 03:26:13.998,21.8494,32.1921,1.45,8.753,56.181,21.4206
11/07/2024 03:27:13.997,21.8514,32.1867,1.44,8.752,56.249,21.4213
11/07/2024 03:28:13.003,21.8497,32.1898,1.44,8.752,56.231,21.4206
11/07/2024 03:29:13.002,21.8524,32.1899,1.44,8.752,56.159,21.4191
11/07/2024 03:30:13.001,21.8506,32.1888,1.44,8.752,56.185,21.4195
11/07/2024 03:31:13.000,21.8492,32.1869,1.45,8.752,56.270,21.4185
11/07/2024 03:32:13.999,21.8467,32.1891,1.45,8.752,56.260,21.4188
11/07/2024 03:33:13.998,21.8442,32.1868,1.45,8.752,56.204,21.4183
11/07/2024 03:34:13.997,21.8415,32.1889,1.45,8.752,56.287,21.4180
11/07/2024 03:35:13.003,21.8402,32.1901,1.45,8.752,56.297,21.4179
11/07/2024 03:36:13.002,21.8411,32.1902,1.45,8.752,56.218,21.4174
11/07/2024 03:37:13.001,21.8411,32.1902,1.45,8.752,56.329,21.4160
11/07/2024 03:38:13.000,21.8423,32.1886,1.45,8.752,56.318,21.4169
11/07/2024 03:39:13.000,21.8438,32.1887,1.45,8.752,56.301,21.4162
11/07/2024 03:40:13.999,21.8415,32.1903,1.45,8.752,56.237,21.4151
11/07/2024 03:41:13.998,21.8422,32.1883,1.45,8.752,56.177,21.4152
11/07/2024 03:42:13.997,21.8384,32.1887,1.45,8.752,56.223,21.4152
11/07/2024 03:43:13.003,21.8357,32.1900,1.45,8.752,56.199,21.4153
11/07/2024 03:44:13.002,21.8358,32.1876,1.45,8.751,56.104,21.4138
11/07/2024 03:45:13.001,21.8334,32.1928,1.45,8.751,56.113,21.4138
11/07/2024 03:46:13.000,21.8377,32.1903,1.45,8.751,56.188,21.4125
11/07/2024 03:47:13.999,21.8379,32.1887,1.45,8.751,56.167,21.4128
11/07/2024 03:48:13.998,21.8361,32.1892,1.45,8.751,56.238,21.4112
11/07/2024 03:49:13.997,21.8310,32.1878,1.45,8.751,56.281,21.4121
11/07/2024 03:50:13.003,21.8285,32.1893,1.46,8.751,56.281,21.4123
11/07/2024 03:51:13.002,21.8281,32.1915,1.45,8.751,56.177,21.4110
11/07/2024 03:52:13.001,21.8303,32.1908,1.45,8.750,56.156,21.4107
11/07/2024 03:53:13.000,21.8334,32.1929,1.45,8.750,56.289,21.4102
11/07/2024 03:54:13.000,21.8336,32.1895,1.45,8.750,56.231,21.4098
11/07/2024 03:55:13.999,21.8347,32.1900,1.45,8.750,56.178,21.4103
11/07/2024 03:56:13.998,21.8332,32.1899,1.45,8.750,56.201,21.4085
11/07/2024 03:57:13.997,21.8303,32.1906,1.45,8.750,56.374,21.4087
11/07/2024 03:58:13.003,21.8283,32.1917,1.46,8.750,56.282,21.4082
11/07/2024 03:59:13.002,21.8316,32.1914,1.45,8.750,56.182,21.4076
11/07/2024 04:00:13.001,21.8297,32.1919,1.45,8.749,56.319,21.4074
11/07/2024 04:01:13.000,21.8274,32.1892,1.45,8.749,56.048,21.4069
11/07/2024 04:02:13.999,21.8291,32.1912,1.45,8.749,56.217,21.4066
11/07/2024 04:03:13.998,21.8259,32.1914,1.45,8.749,56.247,21.4060
11/07/2024 04:04:13.997,21.8262,32.1905,1.45,8.749,56.288,21.4059
11/07/2024 04:05:13.003,21.8271,32.1928,1.45,8.748,56.263,21.4042
11/07/2024 04:06:13.002,21.8264,32.1907,1.45,8.748,56.437,21.4041
11/07/2024 04:07:13.001,21.8261,32.1915,1.45,8.748,56.377,21.4044
11/07/2024 04:08:13.000,21.8249,32.1921,1.45,8.748,56.222,21.4027
11/07/2024 04:09:13.000,21.8303,32.1921,1.45,8.747,56.343,21.4034
11/07/2024 04:10:13.999,21.8272,32.1902,1.45,8.747,56.372,21.4032
11/07/2024 04:11:13.998,21.8265,32.1889,1.45,8.747,56.255,21.4025
11/07/2024 04:12:13.997,21.8227,32.1926,1.45,8.747,56.229,21.4018
11/07/2024 04:13:13.003,21.8260,32.1921,1.45,8.746,56.295,21.4022
11/07/2024 04:14:13.002,21.8243,32.1906,1.45,8.746,56.188,21.4014
11/07/2024 04:15:13.001,21.8216,32.1907,1.45,8.746,56.308,21.4011
11/07/2024 04:16:13.000,21.8197,32.1901,1.45,8.746,56.373,21.4009
11/07/2024 04:17:13.999,21.8175,32.1908,1.45,8.745,56.344,21.3995
11/07/2024 04:18:13.998,21.8193,32.1940,1.45,8.745,56.224,21.3994
11/07/2024 04:19:13.997,21.8202,32.1905,1.45,8.745,56.244,21.3990
11/07/2024 04:20:13.003,21.8192,32.1930,1.45,8.745,56.334,21.3986
11/07/2024 04:21:13.002,21.8197,32.1927,1.45,8.745,56.294,21.3977
11/07/2024 04:22:13.001,21.8191,32.1879,1.45,8.744,56.348,21.3978
11/07/2024 04:23:13.000,21.8135,32.1907,1.45,8.744,56.301,21.3968
11/07/2024 04:24:13.000,21.8100,32.1909,1.45,8.744,56.414,21.3971
11/07/2024 04:25:13.999,21.8127,32.1925,1.45,8.744,56.429,21.3962
11/07/2024 04:26:13.998,21.8105,32.1918,1.45,8.744,56.286,21.3952
11/07/2024 04:27:13.997,21.8110,32.1936,1.45,8.743,56.387,21.3954
11/07/2024 04:28:13.003,21.8111,32.1924,1.45,8.743,56.391,21.3945
11/07/2024 04:29:13.002,21.8106,32.1936,1.45,8.743,56.359,21.3945
11/07/2024 04:30:13.001,21.8131,32.1944,1.45,8.743,56.385,21.3940
11/07/2024 04:31:13.000,21.8146,32.1943,1.45,8.742,56.363,21.3939
11/07/2024 04:32:13.999,21.8180,32.1898,1.45,8.742,56.328,21.3938
11/07/2024 04:33:13.998,21.8136,32.1913,1.45,8.742,56.310,21.3929
11/07/2024 04:34:13.997,21.8093,32.1949,1.46,8.742,56.296,21.3926
11/07/2024 04:35:13.003,21.8089,32.1912,1.45,8.742,56.410,21.3910
11/07/2024 04:36:13.002,21.8100,32.1953,1.45,8.741,56.291,21.3914
11/07/2024 04:37:13.001,21.8117,32.1929,1.45,8.741,56.330,21.3918
11/07/2024 04:38:13.000,21.8118,32.1912,1.45,8.741,56.324,21.3913
11/07/2024 04:39:13.000,21.8092,32.1915,1.46,8.741,56.295,21.3907
11/07/2024 04:40:13.999,21.8067,32.1934,1.45,8.740,56.198,21.3901
11/07/2024 04:41:13.998,21.8061,32.1938,1.45,8.740,56.200,21.3899
11/07/2024 04:42:13.997,21.8057,32.1939,1.45,8.740,56.188,21.3895
11/07/2024 04:43:13.003,21.8060,32.1934,1.45,8.740,56.275,21.3875
11/07/2024 04:44:13.002,21.8067,32.1963,1.45,8.740,56.253,21.3884
11/07/2024 04:45:13.001,21.8083,32.1947,1.45,8.739,56.224,21.3871
11/07/2024 04:46:13.000,21.8112,32.1926,1.45,8.739,56.171,21.3880
11/07/2024 04:47:13.999,21.8061,32.1912,1.45,8.739,56.212,21.3874
11/07/2024 04:48:13.998,21.8013,32.1923,1.45,8.739,56.352,21.3859
11/07/2024 04:49:13.997,21.8008,32.1919,1.45,8.739,56.402,21.3863
11/07/2024 04:50:13.003,21.8002,32.1923,1.45,8.738,56.219,21.3853
11/07/2024 04:51:13.002,21.8003,32.1921,1.45,8.738,56.284,21.3853
11/07/2024 04:52:13.001,21.7982,32.1952,1.45,8.738,56.290,21.3840
11/07/2024 04:53:13.000,21.7968,32.1928,1.45,8.738,56.188,21.3848
11/07/2024 04:54:13.000,21.7967,32.1943,1.45,8.738,56.253,21.3822
11/07/2024 04:55:13.999,21.7957,32.1931,1.45,8.738,56.221,21.3839
11/07/2024 04:56:13.998,21.8007,32.1971,1.45,8.737,56.381,21.3831
11/07/2024 04:57:13.997,21.8014,32.1950,1.45,8.737,56.163,21.3829
11/07/2024 04:58:13.003,21.8022,32.1960,1.45,8.737,56.180,21.3825
11/07/2024 04:59:13.002,21.8042,32.1922,1.45,8.737,56.248,21.3817
11/07/2024 05:00:13.001,21.7997,32.1936,1.45,8.737,56.217,21.3814
11/07/2024 05:01:13.000,21.7995,32.1973,1.45,8.736,56.334,21.3801
11/07/2024 05:02:13.999,21.8007,32.1970,1.45,8.736,56.281,21.3808
11/07/2024 05:03:13.998,21.7998,32.1925,1.45,8.736,56.213,21.3786
11/07/2024 05:04:13.997,21.7964,32.1949,1.45,8.736,56.258,21.3799
11/07/2024 05:05:13.003,21.7935,32.1917,1.45,8.736,56.182,21.3784
11/07/2024 05:06:13.002,21.7923,32.1961,1.45,8.735,56.206,21.3793
11/07/2024 05:07:13.001,21.7946,32.1929,1.45,8.735,56.275,21.3776
11/07/2024 05:08:13.000,21.7909,32.1937,1.45,8.735,56.252,21.3771
11/07/2024 05:09:13.000,21.7891,32.1971,1.46,8.735,56.223,21.3766
11/07/2024 05:10:13.999,21.7941,32.1971,1.46,8.735,56.187,21.3768
11/07/2024 05:11:13.998,21.7947,32.1946,1.45,8.734,56.198,21.3758
11/07/2024 05:12:13.997,21.7945,32.1949,1.46,8.734,56.312,21.3740
11/07/2024 05:13:13.003,21.7932,32.1944,1.46,8.734,56.196,21.3744
11/07/2024 05:14:13.002,21.7884,32.1944,1.46,8.734,56.289,21.3737
11/07/2024 05:15:13.001,21.7891,32.1981,1.46,8.734,56.306,21.3743
11/07/2024 05:16:13.000,21.7954,32.1969,1.45,8.733,56.259,21.3733
11/07/2024 05:17:13.999,21.7935,32.1943,1.45,8.733,56.390,21.3735
11/07/2024 05:18:13.998,21.7895,32.1926,1.45,8.733,56.371,21.3733
11/07/2024 05:19:13.997,21.7846,32.1960,1.45,8.733,56.366,21.3733
11/07/2024 05:20:13.003,21.7845,32.1940,1.45,8.732,56.290,21.3718
11/07/2024 05:21:13.002,21.7808,32.1954,1.45,8.732,56.199,21.3720
11/07/2024 05:22:13.001,21.7833,32.1950,1.45,8.732,56.372,21.3706
11/07/2024 05:23:13.000,21.7824,32.1969,1.45,8.731,56.216,21.3714
11/07/2024 05:24:13.000,21.7821,32.1964,1.46,8.731,56.277,21.3703
11/07/2024 05:25:13.999,21.7841,32.1952,1.45,8.731,56.267,21.3704
11/07/2024 05:26:13.998,21.7814,32.1967,1.45,8.731,56.179,21.3699
11/07/2024 05:27:13.997,21.7845,32.1961,1.46,8.731,56.158,21.3688
11/07/2024 05:28:13.003,21.7820,32.1935,1.46,8.731,56.281,21.3683
11/07/2024 05:29:13.002,21.7786,32.1943,1.45,8.730,56.227,21.3679
11/07/2024 05:30:13.001,21.7775,32.1968,1.45,8.730,56.276,21.3683
11/07/2024 05:31:13.000,21.7790,32.1959,1.45,8.730,56.196,21.3674
11/07/2024 05:32:13.999,21.7809,32.1947,1.45,8.730,56.316,21.3676
11/07/2024 05:33:13.998,21.7777,32.1967,1.45,8.730,56.342,21.3666
11/07/2024 05:34:13.997,21.7773,32.1945,1.45,8.729,56.265,21.3663
11/07/2024 05:35:13.003,21.7747,32.1958,1.45,8.729,56.286,21.3662
11/07/2024 05:36:13.002,21.7713,32.1981,1.45,8.729,56.214,21.3651
11/07/2024 05:37:13.001,21.7703,32.1928,1.45,8.729,56.260,21.3642
11/07/2024 05:38:13.000,21.7663,32.1967,1.45,8.728,56.227,21.3628
11/07/2024 05:39:13.000,21.7681,32.1959,1.45,8.728,56.270,21.3640
11/07/2024 05:40:13.999,21.7706,32.1997,1.45,8.728,56.198,21.3617
11/07/2024 05:41:13.998,21.7747,32.1986,1.45,8.728,56.256,21.3628
11/07/2024 05:42:13.997,21.7731,32.1941,1.45,8.728,56.182,21.3615
11/07/2024 05:43:13.003,21.7711,32.2019,1.45,8.728,56.343,21.3615
11/07/2024 05:44:13.002,21.7765,32.1960,1.45,8.727,56.197,21.3614
11/07/2024 05:45:13.001,21.7765,32.1961,1.45,8.727,56.143,21.3609
11/07/2024 05:46:13.000,21.7726,32.1961,1.45,8.727,56.220,21.3602
11/07/2024 05:47:13.999,21.7708,32.1967,1.45,8.727,56.295,21.3600
11/07/2024 05:48:13.998,21.7699,32.1969,1.45,8.727,56.266,21.3597
11/07/2024 05:49:13.997,21.7689,32.1978,1.45,8.726,56.260,21.3589
11/07/2024 05:50:13.003,21.7678,32.1980,1.45,8.726,56.290,21.3590
11/07/2024 05:51:13.002,21.7695,32.1980,1.45,8.726,56.188,21.3570
11/07/2024 05:52:13.001,21.7678,32.1964,1.45,8.726,56.212,21.3574
11/07/2024 05:53:13.000,21.7652,32.1970,1.45,8.726,56.081,21.3566
11/07/2024 05:54:13.000,21.7656,32.1968,1.45,8.726,56.327,21.3567
11/07/2024 05:55:13.999,21.7601,32.1993,1.45,8.725,56.231,21.3555
11/07/2024 05:56:13.998,21.7612,32.1961,1.45,8.725,56.102,21.3561
11/07/2024 05:57:13.997,21.7602,32.1983,1.45,8.725,56.022,21.3541
11/07/2024 05:58:13.003,21.7616,32.1979,1.45,8.725,56.161,21.3551
11/07/2024 05:59:13.002,21.7611,32.1980,1.45,8.725,56.113,21.3544
11/07/2024 06:00:13.001,21.7617,32.1986,1.45,8.724,56.245,21.3531
11/07/2024 06:01:13.000,21.7593,32.1953,1.45,8.724,56.189,21.3529
11/07/2024 06:02:13.999,21.7584,32.2007,1.46,8.724,56.279,21.3531
11/07/2024 06:03:13.998,21.7590,32.1977,1.45,8.723,56.227,21.3522
11/07/2024 06:04:13.997,21.7581,32.1960,1.45,8.723,56.298,21.3520
11/07/2024 06:05:13.003,21.7565,32.1991,1.45,8.723,56.242,21.3517
11/07/2024 06:06:13.002,21.7585,32.1974,1.45,8.723,56.296,21.3513
11/07/2024 06:07:13.001,21.7569,32.1981,1.45,8.722,56.426,21.3497
11/07/2024 06:08:13.000,21.7542,32.1972,1.45,8.722,56.362,21.3503
11/07/2024 06:09:13.000,21.7546,32.1997,1.45,8.722,56.421,21.3487
11/07/2024 06:10:13.999,21.7550,32.2014,1.45,8.721,56.229,21.3491
11/07/2024 06:11:13.998,21.7584,32.1986,1.45,8.721,56.303,21.3486
11/07/2024 06:12:13.997,21.7596,32.2004,1.45,8.721,56.240,21.3479
11/07/2024 06:13:13.003,21.7618,32.1973,1.45,8.720,56.191,21.3473
11/07/2024 06:14:13.002,21.7607,32.2008,1.45,8.720,56.307,21.3468
11/07/2024 06:15:13.001,21.7580,32.1956,1.45,8.720,56.329,21.3457
11/07/2024 06:16:13.000,21.7566,32.1978,1.45,8.720,56.280,21.3457
11/07/2024 06:17:13.999,21.7551,32.2003,1.45,8.720,56.227,21.3456
11/07/2024 06:18:13.998,21.7558,32.1992,1.45,8.719,56.271,21.3443
11/07/2024 06:19:13.997,21.7543,32.1992,1.45,8.719,56.340,21.3451
11/07/2024 06:20:13.003,21.7526,32.1969,1.45,8.719,56.321,21.3440
11/07/2024 06:21:13.002,21.7511,32.1992,1.45,8.719,56.271,21.3436
11/07/2024 06:22:13.001,21.7519,32.2003,1.45,8.719,56.361,21.3429
11/07/2024 06:23:13.000,21.7508,32.2019,1.45,8.718,56.283,21.3424
11/07/2024 06:24:13.000,21.7525,32.2004,1.45,8.718,56.366,21.3417
11/07/2024 06:25:13.999,21.7548,32.1984,1.45,8.718,56.388,21.3416
11/07/2024 06:26:13.998,21.7513,32.2007,1.45,8.718,56.417,21.3397
11/07/2024 06:27:13.997,21.7529,32.2011,1.45,8.718,56.334,21.3388
11/07/2024 06:28:13.003,21.7525,32.1984,1.45,8.717,56.370,21.3391
11/07/2024 06:29:13.002,21.7515,32.2010,1.46,8.717,56.260,21.3393
11/07/2024 06:30:13.001,21.7510,32.1969,1.45,8.717,56.341,21.3392
11/07/2024 06:31:13.000,21.7464,32.2002,1.45,8.717,56.225,21.3382
11/07/2024 06:32:13.999,21.7468,32.1996,1.46,8.716,56.338,21.3383
11/07/2024 06:33:13.998,21.7485,32.2000,1.45,8.716,56.291,21.3374
11/07/2024 06:34:13.997,21.7495,32.1988,1.45,8.716,56.261,21.3375
11/07/2024 06:35:13.003,21.7480,32.1980,1.45,8.716,56.339,21.3369
11/07/2024 06:36:13.002,21.7462,32.2017,1.45,8.716,56.413,21.3365
11/07/2024 06:37:13.001,21.7447,32.1986,1.45,8.715,56.290,21.3346
11/07/2024 06:38:13.000,21.7464,32.2026,1.45,8.715,56.306,21.3346
11/07/2024 06:39:13.000,21.7503,32.2016,1.45,8.715,56.335,21.3348
11/07/2024 06:40:13.999,21.7520,32.2015,1.45,8.714,56.290,21.3341
11/07/2024 06:41:13.998,21.7508,32.1967,1.45,8.714,56.365,21.3328
11/07/2024 06:42:13.997,21.7476,32.2008,1.45,8.714,56.309,21.3333
11/07/2024 06:43:13.003,21.7476,32.2020,1.46,8.714,56.368,21.3331
11/07/2024 06:44:13.002,21.7505,32.1994,1.45,8.714,56.397,21.3324
11/07/2024 06:45:13.001,21.7475,32.1998,1.45,8.713,56.405,21.3309
11/07/2024 06:46:13.000,21.7476,32.1969,1.45,8.713,56.259,21.3309
11/07/2024 06:47:13.999,21.7438,32.2015,1.45,8.713,56.298,21.3316
11/07/2024 06:48:13.998,21.7478,32.2025,1.45,8.713,56.281,21.3308
11/07/2024 06:49:13.997,21.7508,32.1978,1.45,8.712,56.321,21.3303
11/07/2024 06:50:13.003,21.7459,32.1985,1.45,8.712,56.244,21.3299
11/07/2024 06:51:13.002,21.7420,32.1996,1.45,8.712,56.350,21.3289
11/07/2024 06:52:13.001,21.7422,32.2008,1.45,8.712,56.411,21.3286
11/07/2024 06:53:13.000,21.7413,32.2017,1.45,8.711,56.361,21.3284
11/07/2024 06:54:13.000,21.7435,32.2021,1.45,8.711,56.303,21.3265
11/07/2024 06:55:13.999,21.7440,32.1979,1.45,8.711,56.295,21.3266
11/07/2024 06:56:13.998,21.7389,32.2003,1.45,8.710,56.227,21.3266
11/07/2024 06:57:13.997,21.7372,32.2041,1.45,8.710,56.174,21.3269
11/07/2024 06:58:13.003,21.7426,32.2029,1.45,8.710,56.241,21.3265
11/07/2024 06:59:13.002,21.7442,32.2021,1.46,8.710,56.216,21.3261
11/07/2024 07:00:13.001,21.7431,32.2031,1.45,8.709,56.378,21.3257
11/07/2024 07:01:13.000,21.7450,32.2004,1.45,8.709,56.268,21.3250
11/07/2024 07:02:13.999,21.7453,32.2015,1.45,8.709,56.346,21.3239
11/07/2024 07:03:13.998,21.7425,32.2003,1.45,8.709,56.312,21.3247
11/07/2024 07:04:13.997,21.7418,32.2005,1.45,8.709,56.306,21.3241
11/07/2024 07:05:13.003,21.7403,32.2012,1.45,8.708,56.321,21.3214
11/07/2024 07:06:13.002,21.7395,32.2020,1.45,8.708,56.418,21.3230
11/07/2024 07:07:13.001,21.7406,32.2018,1.45,8.708,56.190,21.3225
11/07/2024 07:08:13.000,21.7397,32.2022,1.45,8.707,56.330,21.3226
11/07/2024 07:09:13.000,21.7397,32.2013,1.45,8.707,56.321,21.3217
11/07/2024 07:10:13.999,21.7416,32.2009,1.45,8.707,56.408,21.3216
11/07/2024 07:11:13.998,21.7411,32.2028,1.45,8.707,56.371,21.3211
11/07/2024 07:12:13.997,21.7449,32.2037,1.45,8.706,56.237,21.3205
11/07/2024 07:13:13.003,21.7431,32.1997,1.45,8.706,56.294,21.3189
11/07/2024 07:14:13.002,21.7389,32.2010,1.46,8.706,56.422,21.3185
11/07/2024 07:15:13.001,21.7360,32.2015,1.45,8.705,56.263,21.3200
11/07/2024 07:16:13.000,21.7368,32.2031,1.45,8.705,56.261,21.3191
11/07/2024 07:17:13.999,21.7363,32.1995,1.45,8.705,56.294,21.3184
11/07/2024 07:18:13.998,21.7361,32.2030,1.45,8.705,56.335,21.3180
11/07/2024 07:19:13.997,21.7372,32.2035,1.45,8.705,56.225,21.3172
11/07/2024 07:20:13.003,21.7369,32.1994,1.45,8.704,56.300,21.3170
11/07/2024 07:21:13.002,21.7364,32.2019,1.45,8.704,56.299,21.3166
11/07/2024 07:22:13.001,21.7346,32.2024,1.45,8.704,56.295,21.3150
11/07/2024 07:23:13.000,21.7375,32.2043,1.45,8.704,56.270,21.3145
11/07/2024 07:24:13.000,21.7370,32.1985,1.44,8.704,56.366,21.3148
11/07/2024 07:25:13.999,21.7328,32.1997,1.45,8.704,56.195,21.3153
11/07/2024 07:26:13.998,21.7279,32.2010,1.45,8.703,56.219,21.3144
11/07/2024 07:27:13.997,21.7291,32.2060,1.44,8.703,56.358,21.3141
11/07/2024 07:28:13.003,21.7353,32.2040,1.45,8.703,56.188,21.3133
11/07/2024 07:29:13.002,21.7361,32.2013,1.45,8.703,56.346,21.3128
11/07/2024 07:30:13.001,21.7336,32.2047,1.45,8.702,56.350,21.3128
11/07/2024 07:31:13.000,21.7359,32.2059,1.45,8.702,56.310,21.3131
11/07/2024 07:32:13.999,21.7372,32.2019,1.45,8.702,56.432,21.3124
11/07/2024 07:33:13.998,21.7342,32.2021,1.44,8.702,56.425,21.3117
11/07/2024 07:34:13.997,21.7344,32.2048,1.45,8.702,56.450,21.3102
11/07/2024 07:35:13.003,21.7344,32.2006,1.45,8.701,56.527,21.3106
11/07/2024 07:36:13.002,21.7313,32.2025,1.45,8.701,56.414,21.3101
11/07/2024 07:37:13.001,21.7305,32.2024,1.45,8.701,56.380,21.3105
11/07/2024 07:38:13.000,21.7300,32.2022,1.45,8.701,56.275,21.3098
11/07/2024 07:39:13.000,21.7269,32.2035,1.44,8.700,56.427,21.3094
11/07/2024 07:40:13.999,21.7285,32.2031,1.44,8.700,56.544,21.3092
11/07/2024 07:41:13.998,21.7280,32.2027,1.45,8.700,56.379,21.3089
11/07/2024 07:42:13.997,21.7278,32.2025,1.44,8.699,56.381,21.3080
11/07/2024 07:43:13.003,21.7277,32.2051,1.44,8.699,56.341,21.3072
11/07/2024 07:44:13.002,21.7300,32.2048,1.45,8.699,56.280,21.3071
11/07/2024 07:45:13.001,21.7297,32.2049,1.45,8.699,56.290,21.3076
11/07/2024 07:46:13.000,21.7330,32.2041,1.44,8.699,56.284,21.3071
11/07/2024 07:47:13.999,21.7333,32.2037,1.44,8.698,56.365,21.3066
11/07/2024 07:48:13.998,21.7316,32.2030,1.45,8.698,56.390,21.3055
11/07/2024 07:49:13.997,21.7338,32.2051,1.45,8.698,56.436,21.3047
11/07/2024 07:50:13.003,21.7332,32.2051,1.45,8.698,56.380,21.3054
11/07/2024 07:51:13.002,21.7361,32.2061,1.45,8.697,56.373,21.3048
11/07/2024 07:52:13.001,21.7359,32.2033,1.45,8.697,56.390,21.3049
11/07/2024 07:53:13.000,21.7344,32.2023,1.45,8.697,56.360,21.3036
11/07/2024 07:54:13.000,21.7306,32.2041,1.45,8.697,56.309,21.3040
11/07/2024 07:55:13.999,21.7296,32.2051,1.45,8.696,56.292,21.3035
11/07/2024 07:56:13.998,21.7352,32.2063,1.45,8.696,56.195,21.3032
11/07/2024 07:57:13.997,21.7365,32.2028,1.44,8.696,56.259,21.3031
11/07/2024 07:58:13.003,21.7325,32.2049,1.44,8.696,56.311,21.3024
11/07/2024 07:59:13.002,21.7340,32.2049,1.44,8.695,56.227,21.3023
11/07/2024 08:00:13.001,21.7346,32.2052,1.45,8.695,56.268,21.3007
11/07/2024 08:01:13.000,21.7337,32.2063,1.44,8.695,56.233,21.3005
11/07/2024 08:02:13.999,21.7373,32.2040,1.44,8.695,56.132,21.3012
11/07/2024 08:03:13.998,21.7336,32.2060,1.44,8.695,56.186,21.3016
11/07/2024 08:04:13.997,21.7363,32.2057,1.44,8.694,56.293,21.3007
11/07/2024 08:05:13.003,21.7354,32.2057,1.44,8.694,56.332,21.2983
11/07/2024 08:06:13.002,21.7366,32.2017,1.44,8.694,56.292,21.3002
11/07/2024 08:07:13.001,21.7312,32.2053,1.43,8.694,56.325,21.2984
11/07/2024 08:08:13.000,21.7338,32.2061,1.44,8.693,56.322,21.2980
11/07/2024 08:09:13.000,21.7367,32.2082,1.43,8.693,56.286,21.2973
11/07/2024 08:10:13.999,21.7378,32.2038,1.44,8.693,56.292,21.2983
11/07/2024 08:11:13.998,21.7364,32.2047,1.43,8.693,56.302,21.2974
11/07/2024 08:12:13.997,21.7340,32.2026,1.44,8.693,56.261,21.2974
11/07/2024 08:13:13.003,21.7333,32.2033,1.44,8.692,56.345,21.2966
11/07/2024 08:14:13.002,21.7320,32.2050,1.44,8.692,56.317,21.2968
11/07/2024 08:15:13.001,21.7301,32.2034,1.44,8.692,56.313,21.2966
11/07/2024 08:16:13.000,21.7296,32.2062,1.44,8.692,56.287,21.2960
11/07/2024 08:17:13.999,21.7277,32.2065,1.44,8.691,56.310,21.2950
11/07/2024 08:18:13.998,21.7323,32.2050,1.44,8.691,56.272,21.2966
11/07/2024 08:19:13.997,21.7316,32.2082,1.44,8.691,56.334,21.2959
11/07/2024 08:20:13.003,21.7353,32.2066,1.44,8.691,56.263,21.2958
11/07/2024 08:21:13.002,21.7378,32.2067,1.44,8.690,56.376,21.2955
11/07/2024 08:22:13.001,21.7371,32.2028,1.44,8.690,56.222,21.2954
11/07/2024 08:23:13.000,21.7353,32.2034,1.44,8.690,56.297,21.2949
11/07/2024 08:24:13.000,21.7342,32.2046,1.44,8.690,56.324,21.2942
11/07/2024 08:25:13.999,21.7334,32.2058,1.44,8.690,56.296,21.2946
11/07/2024 08:26:13.998,21.7371,32.2092,1.44,8.689,56.212,21.2937
11/07/2024 08:27:13.997,21.7408,32.2069,1.43,8.689,56.207,21.2937
11/07/2024 08:28:13.003,21.7434,32.2057,1.43,8.689,56.195,21.2937
11/07/2024 08:29:13.002,21.7445,32.2070,1.44,8.689,56.037,21.2931
11/07/2024 08:30:13.001,21.7427,32.2030,1.43,8.689,56.228,21.2920
11/07/2024 08:31:13.000,21.7392,32.2023,1.44,8.689,56.175,21.2916
11/07/2024 08:32:13.999,21.7373,32.2047,1.44,8.688,56.325,21.2920
11/07/2024 08:33:13.998,21.7350,32.2054,1.43,8.688,56.267,21.2920
11/07/2024 08:34:13.997,21.7360,32.2036,1.44,8.688,56.265,21.2911
11/07/2024 08:35:13.003,21.7336,32.2074,1.44,8.688,56.276,21.2903
11/07/2024 08:36:13.002,21.7403,32.2078,1.43,8.687,56.226,21.2905
11/07/2024 08:37:13.001,21.7425,32.2062,1.44,8.687,56.289,21.2909
11/07/2024 08:38:13.000,21.7441,32.2067,1.43,8.687,56.250,21.2903
11/07/2024 08:39:13.000,21.7456,32.2058,1.43,8.687,56.121,21.2910
11/07/2024 08:40:13.999,21.7457,32.2028,1.43,8.687,56.220,21.2901
11/07/2024 08:41:13.998,21.7417,32.2045,1.43,8.686,56.306,21.2898
11/07/2024 08:42:13.997,21.7384,32.2053,1.43,8.686,56.312,21.2897
11/07/2024 08:43:13.003,21.7392,32.2057,1.43,8.686,56.306,21.2900
11/07/2024 08:44:13.002,21.7399,32.2036,1.43,8.686,56.239,21.2892
11/07/2024 08:45:13.001,21.7404,32.2083,1.43,8.685,56.364,21.2881
11/07/2024 08:46:13.000,21.7460,32.2098,1.43,8.685,56.272,21.2874
11/07/2024 08:47:13.999,21.7498,32.2071,1.43,8.685,56.288,21.2888
11/07/2024 08:48:13.998,21.7514,32.2052,1.43,8.685,56.292,21.2889
11/07/2024 08:49:13.997,21.7510,32.2052,1.43,8.685,56.191,21.2885
11/07/2024 08:50:13.003,21.7502,32.2046,1.43,8.684,56.321,21.2883
11/07/2024 08:51:13.002,21.7492,32.2061,1.43,8.684,56.317,21.2883
11/07/2024 08:52:13.001,21.7513,32.2061,1.43,8.684,56.291,21.2879
11/07/2024 08:53:13.000,21.7522,32.2102,1.43,8.684,56.256,21.2878
11/07/2024 08:54:13.000,21.7559,32.2039,1.43,8.684,56.227,21.2881
11/07/2024 08:55:13.999,21.7548,32.2055,1.43,8.684,56.143,21.2866
11/07/2024 08:56:13.998,21.7583,32.2052,1.43,8.683,56.202,21.2862
11/07/2024 08:57:13.997,21.7559,32.2041,1.43,8.683,56.203,21.2867
11/07/2024 08:58:13.003,21.7543,32.2047,1.43,8.683,56.280,21.2874
11/07/2024 08:59:13.002,21.7527,32.2050,1.43,8.683,56.172,21.2872
11/07/2024 09:00:13.001,21.7531,32.2047,1.43,8.682,56.276,21.2870
11/07/2024 09:01:13.000,21.7546,32.2074,1.43,8.682,56.231,21.2867
11/07/2024 09:02:13.999,21.7576,32.2040,1.43,8.682,56.170,21.2865
11/07/2024 09:03:13.998,21.7566,32.2054,1.43,8.681,56.191,21.2870
11/07/2024 09:04:13.997,21.7569,32.2055,1.43,8.682,56.133,21.2867
11/07/2024 09:05:13.003,21.7573,32.2082,1.43,8.681,56.237,21.2866
11/07/2024 09:06:13.002,21.7586,32.2065,1.43,8.681,56.119,21.2856
11/07/2024 09:07:13.001,21.7582,32.2053,1.44,8.681,56.103,21.2856
11/07/2024 09:08:13.000,21.7577,32.2094,1.43,8.681,56.173,21.2866
11/07/2024 09:09:13.000,21.7631,32.2042,1.43,8.680,56.113,21.2864
11/07/2024 09:10:13.999,21.7616,32.2041,1.43,8.680,56.185,21.2867
11/07/2024 09:11:13.998,21.7584,32.2061,1.43,8.680,56.136,21.2864
11/07/2024 09:12:13.997,21.7602,32.2032,1.43,8.680,56.079,21.2861
11/07/2024 09:13:13.003,21.7562,32.2076,1.43,8.680,56.184,21.2858
11/07/2024 09:14:13.002,21.7586,32.2055,1.43,8.679,56.130,21.2856
11/07/2024 09:15:13.001,21.7601,32.2085,1.43,8.679,56.153,21.2858
11/07/2024 09:16:13.000,21.7615,32.2060,1.43,8.679,56.218,21.2861
11/07/2024 09:17:13.999,21.7624,32.2071,1.43,8.679,56.131,21.2850
11/07/2024 09:18:13.998,21.7631,32.2063,1.43,8.679,56.195,21.2854
11/07/2024 09:19:13.997,21.7625,32.2049,1.43,8.678,56.119,21.2856
11/07/2024 09:20:13.003,21.7644,32.2089,1.43,8.678,56.243,21.2851
11/07/2024 09:21:13.002,21.7639,32.2014,1.44,8.678,56.229,21.2851
11/07/2024 09:22:13.001,21.7609,32.2057,1.43,8.678,56.235,21.2843
11/07/2024 09:23:13.000,21.7640,32.2106,1.43,8.678,56.076,21.2844
11/07/2024 09:24:13.000,21.7706,32.2049,1.43,8.678,56.141,21.2837
11/07/2024 09:25:13.999,21.7664,32.2060,1.43,8.677,56.184,21.2843
11/07/2024 09:26:13.998,21.7635,32.2058,1.43,8.677,56.168,21.2840
11/07/2024 09:27:13.997,21.7643,32.2072,1.43,8.677,56.188,21.2843
11/07/2024 09:28:13.003,21.7659,32.2069,1.43,8.677,56.142,21.2841
11/07/2024 09:29:13.002,21.7655,32.2054,1.43,8.677,56.202,21.2844
11/07/2024 09:30:13.001,21.7666,32.2088,1.43,8.677,56.164,21.2840
11/07/2024 09:31:13.000,21.7685,32.2057,1.44,8.677,56.120,21.2846
11/07/2024 09:32:13.999,21.7663,32.2039,1.43,8.677,56.207,21.2841
11/07/2024 09:33:13.998,21.7636,32.2080,1.44,8.676,56.225,21.2836
11/07/2024 09:34:13.997,21.7658,32.2082,1.42,8.676,56.195,21.2809
11/07/2024 09:35:13.003,21.7684,32.2057,1.43,8.676,56.103,21.2813
11/07/2024 09:36:13.002,21.7690,32.2068,1.43,8.676,56.111,21.2819
11/07/2024 09:37:13.001,21.7709,32.2091,1.43,8.676,56.222,21.2822
11/07/2024 09:38:13.000,21.7782,32.2087,1.43,8.675,56.205,21.2822
11/07/2024 09:39:13.000,21.7798,32.2055,1.43,8.675,56.073,21.2820
11/07/2024 09:40:13.999,21.7768,32.2086,1.43,8.675,56.241,21.2818
11/07/2024 09:41:13.998,21.7780,32.2061,1.43,8.675,56.134,21.2817
11/07/2024 09:42:13.997,21.7787,32.2076,1.43,8.675,56.254,21.2820
11/07/2024 09:43:13.003,21.7778,32.2052,1.43,8.675,56.338,21.2819
11/07/2024 09:44:13.002,21.7751,32.2074,1.43,8.675,56.180,21.2815
11/07/2024 09:45:13.001,21.7753,32.2074,1.43,8.675,56.138,21.2822
11/07/2024 09:46:13.000,21.7754,32.2065,1.43,8.675,56.227,21.2826
11/07/2024 09:47:13.999,21.7755,32.2075,1.43,8.675,56.162,21.2820
11/07/2024 09:48:13.998,21.7741,32.2055,1.43,8.674,56.128,21.2828
11/07/2024 09:49:13.997,21.7781,32.2095,1.43,8.674,56.220,21.2821
11/07/2024 09:50:13.003,21.7808,32.2084,1.43,8.675,56.141,21.2829
11/07/2024 09:51:13.002,21.7825,32.2061,1.43,8.674,56.248,21.2823
11/07/2024 09:52:13.001,21.7828,32.2076,1.43,8.674,56.203,21.2816
11/07/2024 09:53:13.000,21.7815,32.2068,1.43,8.674,56.219,21.2836
11/07/2024 09:54:13.000,21.7836,32.2064,1.43,8.674,56.078,21.2833
11/07/2024 09:55:13.999,21.7806,32.2058,1.43,8.673,56.192,21.2829
11/07/2024 09:56:13.998,21.7788,32.2041,1.43,8.673,56.049,21.2829
11/07/2024 09:57:13.997,21.7776,32.2113,1.43,8.673,56.098,21.2823
11/07/2024 09:58:13.003,21.7817,32.2061,1.43,8.673,56.063,21.2828
11/07/2024 09:59:13.002,21.7818,32.2092,1.43,8.673,56.020,21.2818
11/07/2024 10:00:13.001,21.7829,32.2062,1.43,8.673,56.174,21.2818
11/07/2024 10:01:13.000,21.7827,32.2091,1.43,8.672,56.282,21.2823
11/07/2024 10:02:13.999,21.7886,32.2104,1.43,8.672,56.065,21.2816
11/07/2024 10:03:13.998,21.7886,32.2054,1.43,8.672,56.124,21.2827
11/07/2024 10:04:13.997,21.7891,32.2073,1.43,8.672,56.303,21.2825
11/07/2024 10:05:13.003,21.7869,32.2070,1.43,8.672,56.277,21.2810
11/07/2024 10:06:13.002,21.7815,32.2061,1.43,8.672,56.278,21.2819
11/07/2024 10:07:13.001,21.7818,32.2092,1.43,8.671,56.127,21.2824
11/07/2024 10:08:13.000,21.7849,32.2087,1.43,8.671,56.147,21.2820
11/07/2024 10:09:13.000,21.7866,32.2077,1.43,8.671,56.152,21.2820
11/07/2024 10:10:13.999,21.7824,32.2035,1.43,8.671,56.133,21.2822
11/07/2024 10:11:13.998,21.7758,32.2085,1.44,8.671,56.157,21.2822
11/07/2024 10:12:13.997,21.7773,32.2070,1.43,8.670,56.255,21.2825
11/07/2024 10:13:13.003,21.7778,32.2094,1.44,8.670,56.168,21.2821
11/07/2024 10:14:13.002,21.7767,32.2090,1.43,8.670,56.264,21.2821
11/07/2024 10:15:13.001,21.7790,32.2091,1.43,8.670,56.207,21.2815
11/07/2024 10:16:13.000,21.7784,32.2072,1.44,8.670,56.231,21.2830
