Cruise namePNNL Tank
cast nameCast 172
cruise start date15/08/2023
cruise end date15/08/2023
08/07/2024 12:30:05.000,21.7211,32.0554,1.32,7.920,56.700,21.2794
08/07/2024 12:31:05.000,21.7213,32.0553,1.32,7.921,56.490,21.2797
08/07/2024 12:32:05.000,21.7228,32.0558,1.32,7.921,56.469,21.2800
08/07/2024 12:33:05.000,21.7235,32.0551,1.33,7.921,56.398,21.2785
08/07/2024 12:34:05.000,21.7233,32.0556,1.33,7.921,56.522,21.2809
08/07/2024 12:35:05.000,21.7243,32.0560,1.33,7.921,56.499,21.2808
08/07/2024 12:36:05.000,21.7238,32.0564,1.32,7.921,56.538,21.2814
08/07/2024 12:37:05.000,21.7250,32.0562,1.33,7.921,56.535,21.2813
08/07/2024 12:38:05.000,21.7259,32.0557,1.33,7.921,56.481,21.2813
08/07/2024 12:39:05.000,21.7266,32.0563,1.33,7.922,56.458,21.2817
08/07/2024 12:40:05.000,21.7274,32.0566,1.33,7.922,56.548,21.2825
08/07/2024 12:41:05.000,21.7277,32.0552,1.33,7.922,56.392,21.2825
08/07/2024 12:42:05.000,21.7274,32.0566,1.32,7.922,56.436,21.2822
08/07/2024 12:43:05.000,21.7281,32.0561,1.32,7.922,56.312,21.2827
08/07/2024 12:44:05.000,21.7292,32.0556,1.32,7.922,56.367,21.2830
08/07/2024 12:45:05.000,21.7298,32.0558,1.32,7.921,56.354,21.2835
08/07/2024 12:46:05.000,21.7299,32.0565,1.32,7.921,56.423,21.2823
08/07/2024 12:47:05.000,21.7306,32.0563,1.32,7.921,56.284,21.2832
08/07/2024 12:48:05.000,21.7303,32.0556,1.33,7.921,56.357,21.2841
08/07/2024 12:49:05.000,21.7316,32.0561,1.32,7.921,56.406,21.2845
08/07/2024 12:50:05.000,21.7333,32.0555,1.33,7.921,56.460,21.2846
08/07/2024 12:51:05.000,21.7352,32.0562,1.33,7.921,56.431,21.2846
08/07/2024 12:52:05.000,21.7360,32.0564,1.33,7.921,56.499,21.2855
08/07/2024 12:53:05.000,21.7377,32.0569,1.33,7.921,56.276,21.2855
08/07/2024 12:54:05.000,21.7386,32.0555,1.33,7.921,56.790,21.2855
08/07/2024 12:55:05.000,21.7390,32.0556,1.33,7.920,56.798,21.2858
08/07/2024 12:56:05.000,21.7389,32.0551,1.33,7.920,56.782,21.2865
08/07/2024 12:57:05.000,21.7392,32.0567,1.33,7.920,56.836,21.2868
08/07/2024 12:58:05.000,21.7399,32.0559,1.33,7.920,56.741,21.2865
08/07/2024 12:59:05.000,21.7401,32.0574,1.33,7.920,56.446,21.2870
08/07/2024 13:00:05.000,21.7417,32.0556,1.32,7.920,56.425,21.2874
08/07/2024 13:01:05.000,21.7425,32.0571,1.33,7.920,56.377,21.2878
08/07/2024 13:02:05.000,21.7430,32.0572,1.33,7.920,56.368,21.2873
08/07/2024 13:03:05.000,21.7434,32.0568,1.33,7.920,56.305,21.2880
08/07/2024 13:04:05.000,21.7426,32.0556,1.33,7.920,56.379,21.2885
08/07/2024 13:05:05.000,21.7431,32.0559,1.33,7.920,56.434,21.2883
08/07/2024 13:06:05.000,21.7446,32.0564,1.33,7.920,56.539,21.2899
08/07/2024 13:07:05.000,21.7463,32.0583,1.33,7.920,56.420,21.2893
08/07/2024 13:08:05.000,21.7480,32.0566,1.33,7.920,56.322,21.2900
08/07/2024 13:09:05.000,21.7499,32.0575,1.33,7.920,56.327,21.2902
08/07/2024 13:10:05.000,21.7518,32.0552,1.33,7.920,56.281,21.2922
08/07/2024 13:11:05.000,21.7514,32.0568,1.33,7.920,56.352,21.2932
08/07/2024 13:12:05.000,21.7532,32.0572,1.33,7.920,56.414,21.2929
08/07/2024 13:13:05.000,21.7530,32.0558,1.33,7.920,56.398,21.2934
08/07/2024 13:14:05.000,21.7516,32.0563,1.33,7.921,56.253,21.2942
08/07/2024 13:15:05.000,21.7521,32.0570,1.33,7.921,56.393,21.2943
08/07/2024 13:16:05.000,21.7538,32.0576,1.33,7.921,56.469,21.2945
08/07/2024 13:17:05.000,21.7541,32.0560,1.33,7.921,56.441,21.2944
08/07/2024 13:18:05.000,21.7532,32.0569,1.33,7.921,56.441,21.2956
08/07/2024 13:19:05.000,21.7535,32.0577,1.33,7.921,56.453,21.2957
08/07/2024 13:20:05.000,21.7535,32.0568,1.33,7.921,56.448,21.2966
08/07/2024 13:21:05.000,21.7539,32.0568,1.33,7.921,56.384,21.2969
08/07/2024 13:22:05.000,21.7546,32.0563,1.33,7.921,56.393,21.2977
08/07/2024 13:23:05.000,21.7560,32.0567,1.33,7.921,56.281,21.2981
08/07/2024 13:24:05.000,21.7567,32.0560,1.33,7.921,56.400,21.2976
08/07/2024 13:25:05.000,21.7566,32.0564,1.33,7.921,56.316,21.2986
08/07/2024 13:26:05.000,21.7569,32.0564,1.33,7.921,56.216,21.2989
08/07/2024 13:27:05.000,21.7560,32.0568,1.32,7.921,56.398,21.2992
08/07/2024 13:28:05.000,21.7573,32.0568,1.33,7.921,56.402,21.2997
08/07/2024 13:29:05.000,21.7575,32.0571,1.33,7.921,56.264,21.2995
08/07/2024 13:30:05.000,21.7580,32.0584,1.33,7.921,56.424,21.3001
08/07/2024 13:31:05.000,21.7602,32.0571,1.33,7.921,56.345,21.2992
08/07/2024 13:32:05.000,21.7598,32.0584,1.33,7.921,56.471,21.3009
08/07/2024 13:33:05.000,21.7615,32.0571,1.32,7.921,56.342,21.3005
08/07/2024 13:34:05.000,21.7614,32.0558,1.33,7.921,56.344,21.3012
08/07/2024 13:35:05.000,21.7616,32.0579,1.32,7.920,56.390,21.3018
08/07/2024 13:36:05.000,21.7617,32.0565,1.33,7.920,56.374,21.3018
08/07/2024 13:37:05.000,21.7609,32.0574,1.32,7.920,56.452,21.3026
08/07/2024 13:38:05.000,21.7616,32.0571,1.32,7.920,56.400,21.3035
08/07/2024 13:39:05.000,21.7627,32.0568,1.32,7.920,56.447,21.3037
08/07/2024 13:40:05.000,21.7631,32.0572,1.32,7.920,56.380,21.3043
08/07/2024 13:41:05.000,21.7635,32.0565,1.32,7.920,56.408,21.3054
08/07/2024 13:42:05.000,21.7628,32.0580,1.32,7.920,56.424,21.3054
08/07/2024 13:43:05.000,21.7641,32.0574,1.32,7.920,56.473,21.3055
08/07/2024 13:44:05.000,21.7641,32.0576,1.33,7.920,56.361,21.3045
08/07/2024 13:45:05.000,21.7646,32.0575,1.33,7.920,56.512,21.3054
08/07/2024 13:46:05.000,21.7650,32.0579,1.33,7.920,56.477,21.3060
08/07/2024 13:47:05.000,21.7658,32.0566,1.33,7.920,56.697,21.3058
08/07/2024 13:48:05.000,21.7661,32.0578,1.32,7.920,56.416,21.3085
08/07/2024 13:49:05.000,21.7679,32.0573,1.33,7.920,56.388,21.3087
08/07/2024 13:50:05.000,21.7687,32.0580,1.33,7.920,56.341,21.3085
08/07/2024 13:51:05.000,21.7687,32.0586,1.33,7.920,56.316,21.3095
08/07/2024 13:52:05.000,21.7702,32.0585,1.33,7.920,56.346,21.3102
08/07/2024 13:53:05.000,21.7723,32.0579,1.33,7.920,56.760,21.3107
08/07/2024 13:54:05.000,21.7730,32.0585,1.33,7.920,56.710,21.3112
08/07/2024 13:55:05.000,21.7739,32.0578,1.32,7.921,56.596,21.3113
08/07/2024 13:56:05.000,21.7745,32.0574,1.32,7.920,56.721,21.3114
08/07/2024 13:57:05.000,21.7748,32.0579,1.32,7.920,56.676,21.3122
08/07/2024 13:58:05.000,21.7766,32.0578,1.32,7.920,56.866,21.3115
08/07/2024 13:59:05.000,21.7765,32.0573,1.32,7.921,56.663,21.3126
08/07/2024 14:00:05.000,21.7769,32.0589,1.32,7.921,56.770,21.3127
08/07/2024 14:01:05.000,21.7786,32.0575,1.32,7.920,56.727,21.3139
08/07/2024 14:02:05.000,21.7795,32.0583,1.32,7.920,56.761,21.3144
08/07/2024 14:03:05.000,21.7799,32.0586,1.32,7.920,56.791,21.3143
08/07/2024 14:04:05.000,21.7799,32.0586,1.33,7.920,56.777,21.3157
08/07/2024 14:05:05.000,21.7821,32.0576,1.32,7.920,56.673,21.3161
08/07/2024 14:06:05.000,21.7817,32.0588,1.33,7.920,56.634,21.3163
08/07/2024 14:07:05.000,21.7844,32.0590,1.33,7.920,56.727,21.3153
08/07/2024 14:08:05.000,21.7863,32.0580,1.33,7.920,56.608,21.3157
08/07/2024 14:09:05.000,21.7861,32.0581,1.33,7.920,56.640,21.3164
08/07/2024 14:10:05.000,21.7877,32.0574,1.33,7.920,56.563,21.3171
08/07/2024 14:11:05.000,21.7887,32.0582,1.33,7.919,56.551,21.3176
08/07/2024 14:12:05.000,21.7895,32.0585,1.33,7.919,56.734,21.3178
08/07/2024 14:13:05.000,21.7905,32.0582,1.33,7.919,56.646,21.3185
08/07/2024 14:14:05.000,21.7912,32.0590,1.33,7.919,56.653,21.3175
08/07/2024 14:15:05.000,21.7925,32.0579,1.33,7.919,56.674,21.3178
08/07/2024 14:16:05.000,21.7940,32.0589,1.33,7.919,56.646,21.3183
08/07/2024 14:17:05.000,21.7954,32.0576,1.33,7.919,56.626,21.3192
08/07/2024 14:18:05.000,21.7955,32.0592,1.33,7.919,56.625,21.3198
08/07/2024 14:19:05.000,21.7960,32.0591,1.33,7.919,56.896,21.3204
08/07/2024 14:20:05.000,21.7970,32.0590,1.33,7.918,56.314,21.3215
08/07/2024 14:21:05.000,21.7989,32.0584,1.33,7.918,56.326,21.3222
08/07/2024 14:22:05.000,21.7992,32.0597,1.33,7.918,56.479,21.3232
08/07/2024 14:23:05.000,21.8016,32.0579,1.33,7.918,56.324,21.3227
08/07/2024 14:24:05.000,21.8019,32.0586,1.32,7.918,56.313,21.3225
08/07/2024 14:25:05.000,21.8027,32.0592,1.32,7.918,56.319,21.3215
08/07/2024 14:26:05.000,21.8031,32.0575,1.32,7.918,56.337,21.3238
08/07/2024 14:27:05.000,21.8040,32.0590,1.32,7.918,56.458,21.3237
08/07/2024 14:28:05.000,21.8048,32.0575,1.32,7.918,56.300,21.3239
08/07/2024 14:29:05.000,21.8051,32.0584,1.32,7.918,56.222,21.3252
08/07/2024 14:30:05.000,21.8062,32.0594,1.32,7.917,56.485,21.3256
08/07/2024 14:31:05.000,21.8078,32.0587,1.32,7.917,56.247,21.3263
08/07/2024 14:32:05.000,21.8090,32.0581,1.32,7.917,56.352,21.3268
08/07/2024 14:33:05.000,21.8099,32.0583,1.32,7.917,56.403,21.3271
08/07/2024 14:34:05.000,21.8088,32.0594,1.32,7.917,56.396,21.3281
08/07/2024 14:35:05.000,21.8096,32.0577,1.32,7.917,56.164,21.3281
08/07/2024 14:36:05.000,21.8111,32.0591,1.32,7.917,56.179,21.3290
08/07/2024 14:37:05.000,21.8136,32.0572,1.32,7.917,56.341,21.3282
08/07/2024 14:38:05.000,21.8138,32.0582,1.32,7.917,56.249,21.3296
08/07/2024 14:39:05.000,21.8153,32.0593,1.32,7.917,56.314,21.3306
08/07/2024 14:40:05.000,21.8163,32.0585,1.32,7.917,56.253,21.3311
08/07/2024 14:41:05.000,21.8157,32.0597,1.32,7.917,56.329,21.3317
08/07/2024 14:42:05.000,21.8167,32.0595,1.32,7.917,56.324,21.3316
08/07/2024 14:43:05.000,21.8173,32.0589,1.32,7.917,56.239,21.3320
08/07/2024 14:44:05.000,21.8182,32.0585,1.32,7.917,56.433,21.3332
08/07/2024 14:45:05.000,21.8182,32.0594,1.32,7.917,56.302,21.3336
08/07/2024 14:46:05.000,21.8177,32.0592,1.32,7.917,56.262,21.3347
08/07/2024 14:47:05.000,21.8192,32.0584,1.32,7.916,56.348,21.3346
08/07/2024 14:48:05.000,21.8207,32.0585,1.32,7.916,56.312,21.3354
08/07/2024 14:49:05.000,21.8210,32.0592,1.32,7.916,56.226,21.3353
08/07/2024 14:50:05.000,21.8217,32.0586,1.32,7.916,56.272,21.3364
08/07/2024 14:51:05.000,21.8226,32.0585,1.32,7.917,56.144,21.3375
08/07/2024 14:52:05.000,21.8240,32.0585,1.32,7.916,56.281,21.3379
08/07/2024 14:53:05.000,21.8244,32.0585,1.32,7.916,56.366,21.3381
08/07/2024 14:54:05.000,21.8252,32.0590,1.32,7.916,56.291,21.3394
08/07/2024 14:55:05.000,21.8264,32.0587,1.32,7.916,56.212,21.3382
08/07/2024 14:56:05.000,21.8272,32.0594,1.32,7.916,56.399,21.3391
08/07/2024 14:57:05.000,21.8276,32.0591,1.32,7.916,56.296,21.3415
08/07/2024 14:58:05.000,21.8287,32.0589,1.32,7.916,56.286,21.3421
08/07/2024 14:59:05.000,21.8285,32.0580,1.33,7.916,56.119,21.3434
08/07/2024 15:00:05.000,21.8286,32.0598,1.32,7.916,56.379,21.3441
08/07/2024 15:01:05.000,21.8297,32.0594,1.32,7.916,56.260,21.3438
08/07/2024 15:02:05.000,21.8309,32.0584,1.32,7.916,56.395,21.3450
08/07/2024 15:03:05.000,21.8314,32.0601,1.32,7.916,56.364,21.3461
08/07/2024 15:04:05.000,21.8325,32.0603,1.32,7.916,56.116,21.3467
08/07/2024 15:05:05.000,21.8327,32.0606,1.32,7.916,56.157,21.3465
08/07/2024 15:06:05.000,21.8347,32.0588,1.32,7.916,56.270,21.3476
08/07/2024 15:07:05.000,21.8351,32.0585,1.33,7.915,56.144,21.3481
08/07/2024 15:08:05.000,21.8346,32.0593,1.33,7.915,56.308,21.3489
08/07/2024 15:09:05.000,21.8358,32.0590,1.33,7.915,56.280,21.3490
08/07/2024 15:10:05.000,21.8357,32.0594,1.33,7.915,56.219,21.3495
08/07/2024 15:11:05.000,21.8355,32.0619,1.33,7.915,56.316,21.3501
08/07/2024 15:12:05.000,21.8375,32.0596,1.33,7.915,56.290,21.3440
08/07/2024 15:13:05.000,21.8382,32.0594,1.33,7.915,56.280,21.3446
08/07/2024 15:14:05.000,21.8397,32.0589,1.32,7.915,56.300,21.3512
08/07/2024 15:15:05.000,21.8391,32.0602,1.33,7.915,56.270,21.3482
08/07/2024 15:16:05.000,21.8405,32.0593,1.32,7.915,56.335,21.3528
08/07/2024 15:17:05.000,21.8418,32.0587,1.33,7.915,56.114,21.3501
08/07/2024 15:18:05.000,21.8439,32.0577,1.32,7.915,56.147,21.3542
08/07/2024 15:19:05.000,21.8432,32.0602,1.32,7.914,56.267,21.3542
08/07/2024 15:20:05.000,21.8446,32.0585,1.33,7.914,56.290,21.3516
08/07/2024 15:21:05.000,21.8446,32.0607,1.32,7.914,56.085,21.3498
08/07/2024 15:22:05.000,21.8466,32.0603,1.33,7.914,56.167,21.3534
08/07/2024 15:23:05.000,21.8480,32.0603,1.32,7.914,56.266,21.3529
08/07/2024 15:24:05.000,21.8485,32.0601,1.33,7.914,56.219,21.3507
08/07/2024 15:25:05.000,21.8493,32.0600,1.32,7.914,56.308,21.3576
08/07/2024 15:26:05.000,21.8496,32.0596,1.33,7.914,56.142,21.3553
08/07/2024 15:27:05.000,21.8497,32.0593,1.33,7.914,56.169,21.3591
08/07/2024 15:28:05.000,21.8527,32.0589,1.33,7.914,56.176,21.3594
08/07/2024 15:29:05.000,21.8527,32.0596,1.33,7.914,56.104,21.3552
08/07/2024 15:30:05.000,21.8545,32.0592,1.33,7.914,56.193,21.3572
08/07/2024 15:31:05.000,21.8549,32.0598,1.32,7.914,56.267,21.3546
08/07/2024 15:32:05.000,21.8551,32.0597,1.33,7.914,56.246,21.3572
08/07/2024 15:33:05.000,21.8557,32.0608,1.32,7.914,56.181,21.3591
08/07/2024 15:34:05.000,21.8561,32.0611,1.33,7.914,56.157,21.3634
08/07/2024 15:35:05.000,21.8578,32.0602,1.33,7.914,56.283,21.3612
08/07/2024 15:36:05.000,21.8588,32.0599,1.32,7.914,56.204,21.3633
08/07/2024 15:37:05.000,21.8594,32.0619,1.33,7.913,56.305,21.3638
08/07/2024 15:38:05.000,21.8595,32.0600,1.32,7.914,56.219,21.3652
08/07/2024 15:39:05.000,21.8608,32.0609,1.32,7.914,56.188,21.3661
08/07/2024 15:40:05.000,21.8619,32.0597,1.32,7.914,56.219,21.3667
08/07/2024 15:41:05.000,21.8627,32.0590,1.32,7.914,56.200,21.3675
08/07/2024 15:42:05.000,21.8626,32.0609,1.32,7.914,56.239,21.3682
08/07/2024 15:43:05.000,21.8655,32.0589,1.32,7.914,56.077,21.3686
08/07/2024 15:44:05.000,21.8662,32.0608,1.32,7.914,56.306,21.3714
08/07/2024 15:45:05.000,21.8689,32.0595,1.32,7.914,55.981,21.3732
08/07/2024 15:46:05.000,21.8696,32.0602,1.32,7.914,56.123,21.3735
08/07/2024 15:47:05.000,21.8694,32.0586,1.32,7.914,56.148,21.3743
08/07/2024 15:48:05.000,21.8679,32.0614,1.32,7.914,56.097,21.3738
08/07/2024 15:49:05.000,21.8682,32.0609,1.32,7.914,56.102,21.3749
08/07/2024 15:50:05.000,21.8696,32.0610,1.32,7.915,56.059,21.3762
08/07/2024 15:51:05.000,21.8719,32.0600,1.33,7.915,56.181,21.3769
08/07/2024 15:52:05.000,21.8720,32.0605,1.33,7.915,56.142,21.3770
08/07/2024 15:53:05.000,21.8740,32.0598,1.33,7.915,56.286,21.3772
08/07/2024 15:54:05.000,21.8729,32.0618,1.33,7.915,56.120,21.3783
08/07/2024 15:55:05.000,21.8729,32.0603,1.32,7.915,56.255,21.3791
08/07/2024 15:56:05.000,21.8747,32.0603,1.32,7.915,56.242,21.3792
08/07/2024 15:57:05.000,21.8741,32.0625,1.32,7.916,56.221,21.3799
08/07/2024 15:58:05.000,21.8756,32.0607,1.32,7.916,56.240,21.3804
08/07/2024 15:59:05.000,21.8768,32.0611,1.32,7.916,56.176,21.3811
08/07/2024 16:00:05.000,21.8774,32.0601,1.32,7.916,56.133,21.3822
08/07/2024 16:01:05.000,21.8781,32.0606,1.33,7.916,56.181,21.3825
08/07/2024 16:02:05.000,21.8781,32.0608,1.32,7.917,56.001,21.3833
08/07/2024 16:03:05.000,21.8789,32.0599,1.32,7.917,56.100,21.3836
08/07/2024 16:04:05.000,21.8788,32.0617,1.32,7.917,56.159,21.3849
08/07/2024 16:05:05.000,21.8794,32.0607,1.32,7.917,56.095,21.3854
08/07/2024 16:06:05.000,21.8807,32.0603,1.32,7.917,56.249,21.3864
08/07/2024 16:07:05.000,21.8811,32.0601,1.32,7.917,56.195,21.3859
08/07/2024 16:08:05.000,21.8820,32.0611,1.32,7.917,56.116,21.3864
08/07/2024 16:09:05.000,21.8816,32.0610,1.32,7.918,56.183,21.3869
08/07/2024 16:10:05.000,21.8816,32.0602,1.32,7.918,56.124,21.3858
08/07/2024 16:11:05.000,21.8842,32.0606,1.32,7.918,56.070,21.3869
08/07/2024 16:12:05.000,21.8864,32.0619,1.32,7.918,56.195,21.3883
08/07/2024 16:13:05.000,21.8769,31.9664,1.35,7.918,56.782,21.3909
08/07/2024 16:14:05.000,21.6812,32.0352,1.37,7.918,56.253,21.3911
08/07/2024 16:15:05.000,21.7153,32.0916,1.36,7.919,56.132,21.3924
08/07/2024 16:16:05.000,21.7956,32.0845,1.35,7.919,56.181,21.3914
08/07/2024 16:17:05.000,21.8399,32.0748,1.35,7.919,56.110,21.3915
08/07/2024 16:18:05.000,21.8604,32.0713,1.35,7.919,56.078,21.3920
08/07/2024 16:19:05.000,21.8723,32.0693,1.35,7.920,56.137,21.3928
08/07/2024 16:20:05.000,21.8791,32.0694,1.35,7.920,56.050,21.3930
08/07/2024 16:21:05.000,21.8834,32.0687,1.35,7.920,56.121,21.3943
08/07/2024 16:22:05.000,21.8862,32.0688,1.35,7.920,55.985,21.3963
08/07/2024 16:23:05.000,21.8878,32.0675,1.35,7.920,56.129,21.3962
08/07/2024 16:24:05.000,21.8882,32.0611,1.39,7.926,56.086,21.3973
08/07/2024 16:25:05.000,21.8914,32.0569,1.41,7.978,56.132,21.3978
08/07/2024 16:26:05.000,21.8928,32.0505,1.43,8.067,56.063,21.3984
08/07/2024 16:27:05.000,21.8919,32.0494,1.44,8.172,56.273,21.3997
08/07/2024 16:28:05.000,21.8924,32.0481,1.45,8.260,56.136,21.4008
08/07/2024 16:29:05.000,21.8933,32.0456,1.46,8.313,56.187,21.4007
08/07/2024 16:30:05.001,21.8935,32.0432,1.47,8.362,56.227,21.4023
08/07/2024 16:31:05.000,21.8950,32.0425,1.48,8.415,56.105,21.4034
08/07/2024 16:32:05.001,21.8949,32.0407,1.47,8.462,56.174,21.4041
08/07/2024 16:33:05.000,21.8959,32.0365,1.49,8.499,56.303,21.4050
08/07/2024 16:34:05.001,21.8961,32.0321,1.51,8.549,56.364,21.4079
08/07/2024 16:35:05.000,21.8987,32.0348,1.50,8.606,56.349,21.4065
08/07/2024 16:36:05.000,21.8991,32.0342,1.50,8.639,56.304,21.4067
08/07/2024 16:37:05.000,21.9006,32.0351,1.50,8.655,56.315,21.4061
08/07/2024 16:38:05.000,21.9004,32.0271,1.52,8.669,56.226,21.4072
08/07/2024 16:39:05.999,21.8998,32.0258,1.52,8.707,56.333,21.4087
08/07/2024 16:40:05.000,21.9002,32.0265,1.53,8.743,56.277,21.4095
08/07/2024 16:41:05.999,21.9017,32.0264,1.53,8.770,56.254,21.4100
08/07/2024 16:42:05.000,21.9040,32.0200,1.54,8.796,56.255,21.4103
08/07/2024 16:43:05.999,21.9037,32.0196,1.54,8.832,56.330,21.4117
08/07/2024 16:44:05.000,21.9042,32.0126,1.56,8.856,56.315,21.4112
08/07/2024 16:45:05.001,21.9051,32.0107,1.56,8.897,56.496,21.4130
08/07/2024 16:46:05.000,21.9048,32.0104,1.57,8.946,56.440,21.4139
08/07/2024 16:47:05.001,21.9054,32.0140,1.56,8.982,56.345,21.4152
08/07/2024 16:48:05.000,21.9084,32.0144,1.55,8.994,56.271,21.4146
08/07/2024 16:49:05.001,21.9097,32.0145,1.55,8.992,56.387,21.4157
08/07/2024 16:50:05.000,21.9101,32.0167,1.55,8.987,56.335,21.4162
08/07/2024 16:51:05.000,21.9109,32.0166,1.55,8.982,56.321,21.4167
08/07/2024 16:52:05.000,21.9103,32.0161,1.55,8.979,56.315,21.4165
08/07/2024 16:53:05.000,21.9128,32.0172,1.54,8.976,56.332,21.4181
08/07/2024 16:54:05.999,21.9141,32.0180,1.54,8.974,56.337,21.4178
08/07/2024 16:55:05.000,21.9157,32.0163,1.54,8.974,56.347,21.4191
08/07/2024 16:56:05.999,21.9166,32.0159,1.54,8.973,56.296,21.4190
08/07/2024 16:57:05.000,21.9155,32.0174,1.54,8.973,56.263,21.4193
08/07/2024 16:58:05.999,21.9166,32.0173,1.54,8.972,56.206,21.4200
08/07/2024 16:59:05.000,21.9180,32.0183,1.53,8.972,56.253,21.4201
08/07/2024 17:00:05.001,21.9188,32.0182,1.54,8.972,56.255,21.4210
08/07/2024 17:01:05.000,21.9197,32.0182,1.54,8.972,56.309,21.4226
08/07/2024 17:02:05.001,21.9256,31.9990,1.54,8.972,56.504,21.4225
08/07/2024 17:03:05.000,21.7255,31.9905,1.55,8.973,56.325,21.4240
08/07/2024 17:04:05.001,21.7721,32.0424,1.54,8.973,56.391,21.4252
08/07/2024 17:05:05.000,21.8428,32.0303,1.53,8.972,56.378,21.4259
08/07/2024 17:06:05.000,21.8759,32.0243,1.53,8.972,56.375,21.4261
08/07/2024 17:07:05.000,21.8941,32.0210,1.53,8.972,56.374,21.4260
08/07/2024 17:08:05.000,21.9048,32.0195,1.53,8.972,56.303,21.4265
08/07/2024 17:09:05.999,21.9119,32.0193,1.53,8.973,56.280,21.4266
08/07/2024 17:10:05.000,21.9173,32.0194,1.53,8.973,56.301,21.4282
08/07/2024 17:11:05.999,21.9209,32.0183,1.54,8.973,56.225,21.4285
08/07/2024 17:12:05.000,21.9223,32.0177,1.53,8.973,56.274,21.4288
08/07/2024 17:13:05.999,21.9239,32.0180,1.53,8.973,56.270,21.4283
08/07/2024 17:14:05.000,21.9251,32.0191,1.53,8.973,56.413,21.4287
08/07/2024 17:15:05.001,21.9262,32.0177,1.53,8.973,56.293,21.4290
08/07/2024 17:16:05.000,21.9266,32.0186,1.53,8.973,56.364,21.4298
08/07/2024 17:17:05.001,21.9271,32.0185,1.53,8.973,56.389,21.4324
08/07/2024 17:18:05.000,21.9291,32.0194,1.53,8.973,56.366,21.4333
08/07/2024 17:19:05.001,21.9315,32.0200,1.52,8.973,56.355,21.4333
08/07/2024 17:20:05.000,21.9390,32.0201,1.52,8.973,56.178,21.4336
08/07/2024 17:21:05.000,21.9456,32.0190,1.52,8.973,56.459,21.4343
08/07/2024 17:22:05.000,21.9482,32.0191,1.52,8.973,56.389,21.4341
08/07/2024 17:23:05.000,21.9489,32.0187,1.52,8.973,56.360,21.4338
08/07/2024 17:24:05.999,21.9493,32.0185,1.52,8.973,56.338,21.4341
08/07/2024 17:25:05.000,21.9502,32.0184,1.52,8.973,56.209,21.4357
08/07/2024 17:26:05.999,21.9502,32.0179,1.52,8.973,56.406,21.4360
08/07/2024 17:27:05.000,21.9524,32.0188,1.52,8.973,56.245,21.4286
08/07/2024 17:28:05.999,21.9545,32.0189,1.52,8.973,56.396,21.4367
08/07/2024 17:29:05.000,21.9544,32.0191,1.52,8.973,56.186,21.4382
08/07/2024 17:30:05.001,21.9537,32.0185,1.52,8.973,56.190,21.4381
08/07/2024 17:31:05.000,21.9542,32.0189,1.52,8.973,56.290,21.4387
08/07/2024 17:32:05.001,21.9556,32.0186,1.52,8.973,56.200,21.4389
08/07/2024 17:33:05.000,21.9552,32.0189,1.52,8.973,56.239,21.4392
08/07/2024 17:34:05.001,21.9564,32.0181,1.52,8.972,56.270,21.4405
08/07/2024 17:35:05.000,21.9544,32.0188,1.52,8.972,56.240,21.4402
08/07/2024 17:36:05.000,21.9544,32.0180,1.52,8.972,56.336,21.4417
08/07/2024 17:37:05.000,21.9548,32.0193,1.52,8.972,56.171,21.4419
08/07/2024 17:38:05.000,21.9540,32.0196,1.52,8.972,56.371,21.4429
08/07/2024 17:39:05.999,21.9569,32.0183,1.52,8.971,56.288,21.4434
08/07/2024 17:40:05.000,21.9585,32.0193,1.52,8.971,56.291,21.4434
08/07/2024 17:41:05.999,21.9603,32.0193,1.52,8.971,56.144,21.4437
08/07/2024 17:42:05.000,21.9625,32.0200,1.52,8.971,56.277,21.4437
08/07/2024 17:43:05.999,21.9623,32.0176,1.52,8.971,56.279,21.4445
08/07/2024 17:44:05.000,21.9602,32.0191,1.52,8.971,56.285,21.4440
08/07/2024 17:45:05.001,21.9608,32.0198,1.52,8.971,56.295,21.4452
08/07/2024 17:46:05.000,21.9619,32.0180,1.52,8.971,56.276,21.4457
08/07/2024 17:47:05.001,21.9604,32.0200,1.52,8.971,56.169,21.4470
08/07/2024 17:48:05.000,21.9612,32.0203,1.52,8.971,56.285,21.4468
08/07/2024 17:49:05.001,21.9625,32.0183,1.52,8.971,56.215,21.4476
08/07/2024 17:50:05.000,21.9621,32.0189,1.52,8.971,56.213,21.4473
08/07/2024 17:51:05.000,21.9619,32.0199,1.52,8.971,56.257,21.4482
08/07/2024 17:52:05.000,21.9620,32.0193,1.52,8.971,56.132,21.4485
08/07/2024 17:53:05.000,21.9613,32.0198,1.52,8.971,56.219,21.4494
08/07/2024 17:54:05.999,21.9604,32.0204,1.52,8.970,56.233,21.4497
08/07/2024 17:55:05.000,21.9612,32.0201,1.52,8.970,56.128,21.4502
08/07/2024 17:56:05.999,21.9625,32.0181,1.51,8.970,56.162,21.4505
08/07/2024 17:57:05.000,21.9621,32.0209,1.52,8.969,56.244,21.4513
08/07/2024 17:58:05.999,21.9615,32.0195,1.51,8.969,56.244,21.4513
08/07/2024 17:59:05.000,21.9619,32.0202,1.51,8.969,56.212,21.4522
08/07/2024 18:00:05.001,21.9606,32.0199,1.51,8.969,56.222,21.4521
08/07/2024 18:01:05.000,21.9624,32.0197,1.51,8.969,56.274,21.4524
08/07/2024 18:02:05.001,21.9624,32.0199,1.51,8.969,56.212,21.4524
08/07/2024 18:03:05.000,21.9628,32.0181,1.51,8.968,56.103,21.4528
08/07/2024 18:04:05.001,21.9612,32.0202,1.51,8.968,56.412,21.4536
08/07/2024 18:05:05.000,21.9628,32.0198,1.51,8.968,56.340,21.4539
08/07/2024 18:06:05.000,21.9626,32.0203,1.51,8.968,56.248,21.4542
08/07/2024 18:07:05.000,21.9628,32.0192,1.51,8.968,56.175,21.4548
08/07/2024 18:08:05.000,21.9622,32.0200,1.51,8.968,56.280,21.4550
08/07/2024 18:09:05.999,21.9610,32.0216,1.51,8.968,56.322,21.4550
08/07/2024 18:10:05.000,21.9631,32.0202,1.51,8.967,56.180,21.4550
08/07/2024 18:11:05.999,21.9620,32.0204,1.51,8.967,56.191,21.4544
08/07/2024 18:12:05.000,21.9616,32.0196,1.51,8.967,56.267,21.4557
08/07/2024 18:13:05.999,21.9617,32.0210,1.51,8.967,56.276,21.4558
08/07/2024 18:14:05.000,21.9627,32.0186,1.51,8.967,56.234,21.4570
08/07/2024 18:15:05.001,21.9617,32.0207,1.51,8.967,56.180,21.4568
08/07/2024 18:16:05.000,21.9621,32.0203,1.51,8.967,56.239,21.4577
08/07/2024 18:17:05.001,21.9625,32.0214,1.51,8.967,56.216,21.4587
08/07/2024 18:18:05.000,21.9625,32.0211,1.51,8.967,56.194,21.4588
08/07/2024 18:19:05.001,21.9631,32.0201,1.50,8.967,56.266,21.4583
08/07/2024 18:20:05.000,21.9631,32.0206,1.50,8.967,56.279,21.4595
08/07/2024 18:21:05.000,21.9628,32.0215,1.50,8.966,56.246,21.4585
08/07/2024 18:22:05.000,21.9628,32.0213,1.50,8.966,56.096,21.4603
08/07/2024 18:23:05.000,21.9627,32.0204,1.51,8.966,56.195,21.4608
08/07/2024 18:24:05.999,21.9621,32.0210,1.50,8.966,56.156,21.4607
08/07/2024 18:25:05.000,21.9619,32.0201,1.50,8.966,56.154,21.4607
08/07/2024 18:26:05.999,21.9627,32.0213,1.50,8.966,56.262,21.4612
08/07/2024 18:27:05.000,21.9634,32.0206,1.50,8.966,56.269,21.4618
08/07/2024 18:28:05.999,21.9639,32.0210,1.50,8.966,56.271,21.4623
08/07/2024 18:29:05.000,21.9640,32.0212,1.50,8.966,56.245,21.4614
08/07/2024 18:30:05.001,21.9637,32.0199,1.49,8.966,56.261,21.4625
08/07/2024 18:31:05.000,21.9627,32.0216,1.49,8.966,56.154,21.4629
08/07/2024 18:32:05.001,21.9631,32.0212,1.49,8.966,56.127,21.4616
08/07/2024 18:33:05.000,21.9633,32.0218,1.50,8.966,56.326,21.4627
08/07/2024 18:34:05.001,21.9630,32.0203,1.50,8.966,56.251,21.4619
08/07/2024 18:35:05.000,21.9615,32.0217,1.50,8.966,56.190,21.4634
08/07/2024 18:36:05.000,21.9611,32.0218,1.50,8.966,56.223,21.4638
08/07/2024 18:37:05.000,21.9621,32.0218,1.50,8.966,56.279,21.4629
08/07/2024 18:38:05.000,21.9638,32.0210,1.50,8.966,56.198,21.4639
08/07/2024 18:39:05.999,21.9624,32.0222,1.50,8.966,56.336,21.4634
08/07/2024 18:40:05.000,21.9623,32.0220,1.50,8.966,56.353,21.4654
08/07/2024 18:41:05.999,21.9621,32.0212,1.49,8.966,56.375,21.4656
08/07/2024 18:42:05.000,21.9625,32.0220,1.50,8.966,56.310,21.4648
08/07/2024 18:43:05.999,21.9607,32.0231,1.49,8.966,56.377,21.4656
08/07/2024 18:44:05.000,21.9600,32.0209,1.50,8.966,56.413,21.4650
08/07/2024 18:45:05.001,21.9598,32.0225,1.50,8.966,56.379,21.4665
08/07/2024 18:46:05.000,21.9629,32.0231,1.50,8.966,56.278,21.4659
08/07/2024 18:47:05.001,21.9648,32.0229,1.49,8.966,56.218,21.4660
08/07/2024 18:48:05.000,21.9646,32.0226,1.49,8.966,56.264,21.4666
08/07/2024 18:49:05.001,21.9656,32.0240,1.49,8.966,56.179,21.4668
08/07/2024 18:50:05.000,21.9685,32.0225,1.49,8.966,56.134,21.4671
08/07/2024 18:51:05.000,21.9677,32.0217,1.50,8.966,56.254,21.4672
08/07/2024 18:52:05.000,21.9662,32.0235,1.49,8.966,56.381,21.4675
08/07/2024 18:53:05.000,21.9656,32.0230,1.49,8.966,56.225,21.4677
08/07/2024 18:54:05.999,21.9655,32.0233,1.49,8.966,56.137,21.4682
08/07/2024 18:55:05.000,21.9666,32.0255,1.49,8.966,56.164,21.4685
08/07/2024 18:56:05.999,21.9671,32.0232,1.49,8.966,56.186,21.4688
08/07/2024 18:57:05.000,21.9675,32.0227,1.50,8.967,56.173,21.4681
08/07/2024 18:58:05.999,21.9675,32.0224,1.49,8.967,56.184,21.4697
08/07/2024 18:59:05.000,21.9676,32.0224,1.50,8.967,56.254,21.4697
08/07/2024 19:00:05.001,21.9666,32.0230,1.50,8.967,56.321,21.4698
08/07/2024 19:01:05.000,21.9667,32.0237,1.50,8.967,56.288,21.4701
08/07/2024 19:02:05.001,21.9669,32.0245,1.49,8.967,56.272,21.4702
08/07/2024 19:03:05.000,21.9687,32.0238,1.49,8.967,56.328,21.4710
08/07/2024 19:04:05.001,21.9697,32.0237,1.50,8.967,56.396,21.4705
08/07/2024 19:05:05.000,21.9702,32.0227,1.49,8.967,56.428,21.4712
08/07/2024 19:06:05.000,21.9704,32.0237,1.49,8.967,56.284,21.4711
08/07/2024 19:07:05.000,21.9706,32.0244,1.49,8.967,56.312,21.4719
08/07/2024 19:08:05.000,21.9705,32.0228,1.49,8.967,56.317,21.4721
08/07/2024 19:09:05.999,21.9706,32.0237,1.49,8.967,56.363,21.4716
08/07/2024 19:10:05.000,21.9713,32.0238,1.49,8.967,56.407,21.4729
08/07/2024 19:11:05.999,21.9708,32.0231,1.49,8.967,56.556,21.4731
08/07/2024 19:12:05.000,21.9710,32.0236,1.49,8.967,56.461,21.4734
08/07/2024 19:13:05.999,21.9708,32.0253,1.49,8.967,56.344,21.4734
08/07/2024 19:14:05.000,21.9712,32.0258,1.49,8.968,56.501,21.4737
08/07/2024 19:15:05.001,21.9714,32.0246,1.49,8.968,56.513,21.4742
08/07/2024 19:16:05.000,21.9713,32.0243,1.50,8.968,56.456,21.4741
08/07/2024 19:17:05.001,21.9713,32.0239,1.50,8.968,56.486,21.4744
08/07/2024 19:18:05.000,21.9716,32.0240,1.49,8.968,56.429,21.4747
08/07/2024 19:19:05.001,21.9710,32.0241,1.50,8.968,56.444,21.4745
08/07/2024 19:20:05.000,21.9712,32.0250,1.49,8.968,56.477,21.4749
08/07/2024 19:21:05.000,21.9718,32.0242,1.49,8.968,56.422,21.4755
08/07/2024 19:22:05.000,21.9730,32.0242,1.49,8.968,56.495,21.4760
08/07/2024 19:23:05.000,21.9736,32.0241,1.49,8.968,56.481,21.4758
08/07/2024 19:24:05.999,21.9739,32.0237,1.49,8.968,56.483,21.4761
08/07/2024 19:25:05.000,21.9740,32.0239,1.49,8.968,56.462,21.4768
08/07/2024 19:26:05.999,21.9738,32.0239,1.49,8.968,56.388,21.4765
08/07/2024 19:27:05.000,21.9738,32.0241,1.49,8.968,56.659,21.4777
08/07/2024 19:28:05.999,21.9731,32.0257,1.49,8.968,56.397,21.4767
08/07/2024 19:29:05.000,21.9732,32.0246,1.49,8.968,56.433,21.4778
08/07/2024 19:30:05.001,21.9732,32.0247,1.49,8.968,56.322,21.4776
08/07/2024 19:31:05.000,21.9725,32.0250,1.49,8.968,56.370,21.4778
08/07/2024 19:32:05.001,21.9736,32.0258,1.49,8.968,56.359,21.4780
08/07/2024 19:33:05.000,21.9752,32.0254,1.48,8.968,56.427,21.4777
08/07/2024 19:34:05.001,21.9762,32.0237,1.49,8.968,56.327,21.4775
08/07/2024 19:35:05.000,21.9753,32.0244,1.48,8.968,56.326,21.4788
08/07/2024 19:36:05.000,21.9740,32.0247,1.49,8.968,56.478,21.4788
08/07/2024 19:37:05.000,21.9731,32.0256,1.48,8.968,56.410,21.4793
08/07/2024 19:38:05.000,21.9736,32.0254,1.48,8.968,56.352,21.4795
08/07/2024 19:39:05.999,21.9745,32.0246,1.49,8.968,56.351,21.4794
08/07/2024 19:40:05.000,21.9742,32.0248,1.49,8.968,56.416,21.4798
08/07/2024 19:41:05.999,21.9727,32.0255,1.49,8.968,56.475,21.4800
08/07/2024 19:42:05.000,21.9730,32.0239,1.49,8.968,56.273,21.4803
08/07/2024 19:43:05.999,21.9721,32.0247,1.49,8.968,56.388,21.4804
08/07/2024 19:44:05.000,21.9730,32.0251,1.49,8.968,56.462,21.4795
08/07/2024 19:45:05.001,21.9729,32.0250,1.49,8.968,56.370,21.4798
08/07/2024 19:46:05.000,21.9729,32.0250,1.49,8.968,56.435,21.4814
08/07/2024 19:47:05.001,21.9720,32.0260,1.49,8.968,56.372,21.4814
08/07/2024 19:48:05.000,21.9715,32.0251,1.49,8.968,56.470,21.4814
08/07/2024 19:49:05.001,21.9711,32.0263,1.49,8.968,56.418,21.4814
08/07/2024 19:50:05.000,21.9706,32.0248,1.48,8.968,56.459,21.4825
08/07/2024 19:51:05.000,21.9712,32.0249,1.49,8.968,56.447,21.4822
08/07/2024 19:52:05.000,21.9699,32.0263,1.49,8.968,56.270,21.4826
08/07/2024 19:53:05.000,21.9712,32.0267,1.49,8.968,56.304,21.4823
08/07/2024 19:54:05.999,21.9711,32.0252,1.49,8.968,56.430,21.4828
08/07/2024 19:55:05.000,21.9712,32.0241,1.49,8.968,56.344,21.4823
08/07/2024 19:56:05.999,21.9702,32.0266,1.49,8.968,56.378,21.4827
08/07/2024 19:57:05.000,21.9701,32.0259,1.49,8.968,56.481,21.4833
08/07/2024 19:58:05.999,21.9700,32.0261,1.48,8.968,56.339,21.4833
08/07/2024 19:59:05.000,21.9696,32.0266,1.48,8.968,56.342,21.4840
08/07/2024 20:00:05.001,21.9699,32.0268,1.48,8.968,56.385,21.4839
08/07/2024 20:01:05.000,21.9699,32.0263,1.48,8.968,56.396,21.4847
08/07/2024 20:02:05.001,21.9709,32.0265,1.49,8.968,56.354,21.4848
08/07/2024 20:03:05.000,21.9710,32.0264,1.48,8.968,56.417,21.4845
08/07/2024 20:04:05.001,21.9712,32.0266,1.48,8.968,56.324,21.4850
08/07/2024 20:05:05.000,21.9708,32.0265,1.48,8.968,56.362,21.4853
08/07/2024 20:06:05.000,21.9696,32.0257,1.48,8.968,56.376,21.4852
08/07/2024 20:07:05.000,21.9692,32.0271,1.49,8.968,56.571,21.4848
08/07/2024 20:08:05.000,21.9690,32.0266,1.48,8.968,56.524,21.4849
08/07/2024 20:09:05.999,21.9695,32.0261,1.48,8.969,56.412,21.4848
08/07/2024 20:10:05.000,21.9695,32.0272,1.48,8.969,56.305,21.4840
08/07/2024 20:11:05.999,21.9696,32.0268,1.48,8.969,56.411,21.4857
08/07/2024 20:12:05.000,21.9694,32.0271,1.48,8.969,56.445,21.4854
08/07/2024 20:13:05.999,21.9704,32.0274,1.49,8.969,56.375,21.4854
08/07/2024 20:14:05.000,21.9699,32.0261,1.49,8.969,56.448,21.4860
08/07/2024 20:15:05.001,21.9703,32.0270,1.49,8.969,56.428,21.4861
08/07/2024 20:16:05.000,21.9697,32.0263,1.48,8.969,56.438,21.4863
08/07/2024 20:17:05.001,21.9702,32.0274,1.49,8.969,56.367,21.4869
08/07/2024 20:18:05.000,21.9701,32.0274,1.48,8.969,56.377,21.4872
08/07/2024 20:19:05.001,21.9693,32.0266,1.49,8.969,56.367,21.4872
08/07/2024 20:20:05.000,21.9690,32.0268,1.49,8.969,56.401,21.4860
08/07/2024 20:21:05.000,21.9693,32.0268,1.49,8.969,56.455,21.4855
08/07/2024 20:22:05.000,21.9692,32.0263,1.49,8.969,56.393,21.4875
08/07/2024 20:23:05.000,21.9686,32.0277,1.49,8.969,56.619,21.4876
08/07/2024 20:24:05.999,21.9683,32.0265,1.48,8.969,56.295,21.4874
08/07/2024 20:25:05.000,21.9685,32.0274,1.48,8.969,56.462,21.4876
08/07/2024 20:26:05.999,21.9676,32.0283,1.48,8.969,56.361,21.4879
08/07/2024 20:27:05.000,21.9683,32.0269,1.48,8.969,56.351,21.4876
08/07/2024 20:28:05.999,21.9675,32.0280,1.49,8.969,56.431,21.4882
08/07/2024 20:29:05.000,21.9675,32.0284,1.49,8.969,56.442,21.4884
08/07/2024 20:30:05.999,21.9676,32.0277,1.49,8.969,56.342,21.4877
08/07/2024 20:31:05.002,21.9670,32.0273,1.49,8.969,56.350,21.4872
08/07/2024 20:32:05.001,21.9671,32.0271,1.49,8.969,56.423,21.4885
08/07/2024 20:33:05.000,21.9669,32.0273,1.49,8.969,56.429,21.4885
08/07/2024 20:34:05.999,21.9673,32.0284,1.48,8.969,56.395,21.4886
08/07/2024 20:35:05.001,21.9673,32.0289,1.48,8.969,56.487,21.4893
08/07/2024 20:36:05.000,21.9675,32.0279,1.48,8.969,56.327,21.4888
08/07/2024 20:37:05.000,21.9676,32.0278,1.48,8.969,56.382,21.4891
08/07/2024 20:38:05.999,21.9672,32.0287,1.48,8.969,56.338,21.4897
08/07/2024 20:39:05.001,21.9685,32.0279,1.48,8.969,56.420,21.4892
08/07/2024 20:40:05.000,21.9684,32.0298,1.48,8.969,56.545,21.4895
08/07/2024 20:41:05.999,21.9704,32.0285,1.48,8.969,56.217,21.4901
08/07/2024 20:42:05.998,21.9722,32.0281,1.48,8.969,56.294,21.4894
08/07/2024 20:43:05.001,21.9741,32.0279,1.48,8.969,56.249,21.4902
08/07/2024 20:44:05.000,21.9750,32.0295,1.48,8.969,56.366,21.4904
08/07/2024 20:45:05.999,21.9782,32.0296,1.48,8.968,56.314,21.4904
08/07/2024 20:46:05.002,21.9800,32.0291,1.48,8.969,56.426,21.4910
08/07/2024 20:47:05.001,21.9823,32.0294,1.48,8.968,56.385,21.4907
08/07/2024 20:48:05.000,21.9833,32.0295,1.48,8.968,56.449,21.4912
08/07/2024 20:49:05.999,21.9838,32.0293,1.48,8.968,56.359,21.4917
08/07/2024 20:50:05.001,21.9832,32.0304,1.48,8.968,56.274,21.4917
08/07/2024 20:51:05.000,21.9855,32.0298,1.48,8.968,56.231,21.4912
08/07/2024 20:52:05.000,21.9862,32.0296,1.47,8.968,56.216,21.4921
08/07/2024 20:53:05.999,21.9873,32.0283,1.48,8.968,56.336,21.4927
08/07/2024 20:54:05.001,21.9891,32.0300,1.48,8.968,56.353,21.4932
08/07/2024 20:55:05.000,21.9899,32.0299,1.48,8.968,56.388,21.4923
08/07/2024 20:56:05.999,21.9912,32.0288,1.48,8.967,56.407,21.4927
08/07/2024 20:57:05.998,21.9926,32.0287,1.48,8.967,56.313,21.4927
08/07/2024 20:58:05.001,21.9935,32.0282,1.48,8.967,56.434,21.4936
08/07/2024 20:59:05.000,21.9941,32.0293,1.48,8.967,56.330,21.4938
08/07/2024 21:00:05.999,21.9947,32.0306,1.48,8.967,56.278,21.4943
08/07/2024 21:01:05.002,21.9949,32.0295,1.48,8.966,56.361,21.4940
08/07/2024 21:02:05.001,21.9942,32.0293,1.48,8.966,56.301,21.4936
08/07/2024 21:03:05.000,21.9953,32.0281,1.48,8.966,56.392,21.4946
08/07/2024 21:04:05.999,21.9959,32.0303,1.49,8.966,56.387,21.4942
08/07/2024 21:05:05.001,21.9967,32.0293,1.49,8.966,56.322,21.4947
08/07/2024 21:06:05.000,21.9967,32.0289,1.49,8.965,56.415,21.4951
08/07/2024 21:07:05.000,21.9977,32.0294,1.48,8.965,56.247,21.4953
08/07/2024 21:08:05.999,21.9984,32.0297,1.48,8.965,56.298,21.4960
08/07/2024 21:09:05.001,21.9980,32.0297,1.48,8.965,56.341,21.4958
08/07/2024 21:10:05.000,21.9979,32.0294,1.48,8.964,56.437,21.4960
08/07/2024 21:11:05.999,21.9981,32.0287,1.48,8.964,56.273,21.4962
08/07/2024 21:12:05.998,21.9984,32.0304,1.48,8.964,56.337,21.4958
08/07/2024 21:13:05.001,21.9991,32.0299,1.48,8.964,56.276,21.4966
08/07/2024 21:14:05.000,21.9995,32.0290,1.48,8.964,56.277,21.4967
08/07/2024 21:15:05.999,21.9983,32.0298,1.49,8.963,56.330,21.4969
08/07/2024 21:16:05.002,21.9972,32.0298,1.49,8.963,56.283,21.4975
08/07/2024 21:17:05.001,21.9981,32.0299,1.49,8.963,56.247,21.4972
08/07/2024 21:18:05.000,21.9992,32.0296,1.49,8.962,56.278,21.4965
08/07/2024 21:19:05.999,21.9994,32.0293,1.49,8.962,56.448,21.4977
08/07/2024 21:20:05.001,21.9987,32.0281,1.49,8.962,56.325,21.4977
08/07/2024 21:21:05.000,21.9960,32.0298,1.49,8.962,56.380,21.4976
08/07/2024 21:22:05.000,21.9952,32.0289,1.49,8.962,56.248,21.4978
08/07/2024 21:23:05.999,21.9923,32.0290,1.49,8.961,56.340,21.4984
08/07/2024 21:24:05.001,21.9897,32.0294,1.49,8.961,56.241,21.4981
08/07/2024 21:25:05.000,21.9871,32.0304,1.49,8.961,56.316,21.4981
08/07/2024 21:26:05.999,21.9861,32.0299,1.49,8.961,56.395,21.4975
08/07/2024 21:27:05.998,21.9847,32.0301,1.49,8.961,56.440,21.4981
08/07/2024 21:28:05.001,21.9830,32.0302,1.49,8.960,56.397,21.4972
08/07/2024 21:29:05.000,21.9823,32.0296,1.49,8.960,56.300,21.4985
08/07/2024 21:30:05.999,21.9812,32.0310,1.49,8.960,56.271,21.4988
08/07/2024 21:31:05.002,21.9804,32.0306,1.48,8.960,56.373,21.4984
08/07/2024 21:32:05.001,21.9796,32.0316,1.48,8.960,56.261,21.4983
08/07/2024 21:33:05.000,21.9807,32.0306,1.48,8.960,56.339,21.4982
08/07/2024 21:34:05.999,21.9794,32.0303,1.48,8.959,56.343,21.4985
08/07/2024 21:35:05.001,21.9774,32.0326,1.48,8.959,56.335,21.4980
08/07/2024 21:36:05.000,21.9782,32.0311,1.48,8.959,56.366,21.4982
08/07/2024 21:37:05.000,21.9770,32.0289,1.48,8.959,56.461,21.4986
08/07/2024 21:38:05.999,21.9761,32.0298,1.48,8.959,56.358,21.4982
08/07/2024 21:39:05.001,21.9746,32.0304,1.48,8.959,56.348,21.4980
08/07/2024 21:40:05.000,21.9740,32.0306,1.48,8.959,56.392,21.4985
08/07/2024 21:41:05.999,21.9741,32.0310,1.48,8.958,56.381,21.4984
08/07/2024 21:42:05.998,21.9734,32.0310,1.48,8.958,56.450,21.4982
08/07/2024 21:43:05.001,21.9731,32.0316,1.48,8.958,56.298,21.4982
08/07/2024 21:44:05.000,21.9750,32.0308,1.48,8.958,56.396,21.4984
08/07/2024 21:45:05.999,21.9737,32.0323,1.48,8.957,56.342,21.4983
08/07/2024 21:46:05.002,21.9737,32.0330,1.48,8.957,56.374,21.4982
08/07/2024 21:47:05.001,21.9737,32.0314,1.47,8.957,56.259,21.4981
08/07/2024 21:48:05.000,21.9739,32.0314,1.48,8.956,56.366,21.4983
08/07/2024 21:49:05.999,21.9741,32.0315,1.48,8.956,56.100,21.4979
08/07/2024 21:50:05.001,21.9741,32.0326,1.47,8.956,56.255,21.4977
08/07/2024 21:51:05.000,21.9753,32.0316,1.47,8.955,56.268,21.4984
08/07/2024 21:52:05.000,21.9760,32.0325,1.48,8.955,56.311,21.4983
08/07/2024 21:53:05.999,21.9792,32.0338,1.48,8.955,56.272,21.4977
08/07/2024 21:54:05.001,21.9809,32.0322,1.49,8.954,56.221,21.4968
08/07/2024 21:55:05.000,21.9822,32.0334,1.49,8.954,56.355,21.4979
08/07/2024 21:56:05.999,21.9835,32.0326,1.49,8.954,56.481,21.4980
08/07/2024 21:57:05.998,21.9845,32.0332,1.49,8.953,56.389,21.4984
08/07/2024 21:58:05.001,21.9853,32.0320,1.49,8.953,56.161,21.4982
08/07/2024 21:59:05.000,21.9848,32.0328,1.49,8.953,56.383,21.4985
08/07/2024 22:00:05.999,21.9854,32.0311,1.48,8.953,56.325,21.4982
08/07/2024 22:01:05.002,21.9853,32.0318,1.49,8.952,56.475,21.4982
08/07/2024 22:02:05.001,21.9858,32.0341,1.49,8.952,56.331,21.4982
08/07/2024 22:03:05.000,21.9861,32.0319,1.48,8.952,56.360,21.4982
08/07/2024 22:04:05.999,21.9854,32.0334,1.48,8.951,56.269,21.4979
08/07/2024 22:05:05.001,21.9857,32.0320,1.48,8.951,56.462,21.4975
08/07/2024 22:06:05.000,21.9873,32.0332,1.48,8.951,56.304,21.4980
08/07/2024 22:07:05.000,21.9868,32.0339,1.48,8.951,56.344,21.4985
08/07/2024 22:08:05.999,21.9870,32.0332,1.48,8.951,56.265,21.4982
08/07/2024 22:09:05.001,21.9878,32.0326,1.48,8.950,56.166,21.4980
08/07/2024 22:10:05.000,21.9888,32.0331,1.48,8.950,56.306,21.4982
08/07/2024 22:11:05.999,21.9905,32.0321,1.48,8.950,56.153,21.4982
08/07/2024 22:12:05.998,21.9919,32.0329,1.48,8.950,56.146,21.4980
08/07/2024 22:13:05.001,21.9910,32.0331,1.48,8.949,56.059,21.4979
08/07/2024 22:14:05.000,21.9903,32.0327,1.48,8.949,56.174,21.4972
08/07/2024 22:15:05.999,21.9902,32.0345,1.48,8.949,56.204,21.4975
08/07/2024 22:16:05.002,21.9909,32.0329,1.48,8.949,56.411,21.4980
08/07/2024 22:17:05.001,21.9901,32.0329,1.48,8.949,56.278,21.4985
08/07/2024 22:18:05.000,21.9891,32.0332,1.48,8.948,56.333,21.4977
08/07/2024 22:19:05.999,21.9884,32.0332,1.48,8.948,56.389,21.4980
08/07/2024 22:20:05.001,21.9888,32.0330,1.48,8.948,56.301,21.4980
08/07/2024 22:21:05.000,21.9885,32.0332,1.48,8.948,56.432,21.4979
08/07/2024 22:22:05.000,21.9887,32.0336,1.48,8.947,56.425,21.4981
08/07/2024 22:23:05.999,21.9882,32.0335,1.48,8.947,56.367,21.4983
08/07/2024 22:24:05.001,21.9885,32.0330,1.48,8.947,56.400,21.4981
08/07/2024 22:25:05.000,21.9887,32.0324,1.48,8.947,56.396,21.4979
08/07/2024 22:26:05.999,21.9881,32.0330,1.48,8.947,56.288,21.4977
08/07/2024 22:27:05.998,21.9868,32.0338,1.48,8.947,56.342,21.4983
08/07/2024 22:28:05.001,21.9874,32.0339,1.48,8.947,56.387,21.4983
08/07/2024 22:29:05.000,21.9883,32.0335,1.48,8.946,56.295,21.4983
08/07/2024 22:30:05.999,21.9893,32.0334,1.48,8.946,56.457,21.4979
08/07/2024 22:31:05.002,21.9887,32.0336,1.48,8.946,56.370,21.4979
08/07/2024 22:32:05.001,21.9887,32.0334,1.48,8.946,56.435,21.4966
08/07/2024 22:33:05.000,21.9880,32.0337,1.48,8.946,56.321,21.4977
08/07/2024 22:34:05.999,21.9877,32.0340,1.48,8.946,56.198,21.4973
08/07/2024 22:35:05.001,21.9879,32.0333,1.48,8.946,56.367,21.4980
08/07/2024 22:36:05.000,21.9865,32.0342,1.48,8.946,56.469,21.4977
08/07/2024 22:37:05.000,21.9859,32.0348,1.48,8.946,56.295,21.4975
08/07/2024 22:38:05.999,21.9875,32.0343,1.48,8.945,56.357,21.4973
08/07/2024 22:39:05.001,21.9861,32.0336,1.48,8.945,56.339,21.4975
08/07/2024 22:40:05.000,21.9854,32.0343,1.48,8.945,56.220,21.4974
08/07/2024 22:41:05.999,21.9838,32.0341,1.48,8.945,56.250,21.4967
08/07/2024 22:42:05.998,21.9822,32.0344,1.48,8.945,56.399,21.4974
08/07/2024 22:43:05.001,21.9791,32.0319,1.48,8.945,56.208,21.4963
08/07/2024 22:44:05.000,21.9752,32.0350,1.48,8.945,56.432,21.4967
08/07/2024 22:45:05.999,21.9741,32.0338,1.49,8.945,56.300,21.4967
08/07/2024 22:46:05.002,21.9728,32.0339,1.48,8.944,56.338,21.4968
08/07/2024 22:47:05.001,21.9717,32.0364,1.49,8.944,56.369,21.4968
08/07/2024 22:48:05.000,21.9711,32.0348,1.48,8.944,56.350,21.4966
08/07/2024 22:49:05.999,21.9701,32.0353,1.48,8.943,56.333,21.4963
08/07/2024 22:50:05.001,21.9679,32.0343,1.48,8.943,56.417,21.4964
08/07/2024 22:51:05.000,21.9671,32.0348,1.48,8.943,56.336,21.4957
08/07/2024 22:52:05.000,21.9664,32.0345,1.48,8.943,56.385,21.4955
08/07/2024 22:53:05.999,21.9667,32.0354,1.48,8.943,56.280,21.4947
08/07/2024 22:54:05.001,21.9671,32.0345,1.48,8.943,56.371,21.4953
08/07/2024 22:55:05.000,21.9667,32.0358,1.48,8.943,56.381,21.4954
08/07/2024 22:56:05.999,21.9664,32.0343,1.47,8.943,56.345,21.4952
08/07/2024 22:57:05.998,21.9653,32.0367,1.47,8.943,56.431,21.4950
08/07/2024 22:58:05.001,21.9654,32.0365,1.48,8.943,56.493,21.4945
08/07/2024 22:59:05.000,21.9678,32.0358,1.47,8.943,56.365,21.4946
08/07/2024 23:00:05.999,21.9687,32.0373,1.47,8.943,56.432,21.4950
08/07/2024 23:01:05.002,21.9718,32.0361,1.48,8.943,56.525,21.4948
08/07/2024 23:02:05.001,21.9732,32.0355,1.48,8.943,56.447,21.4949
08/07/2024 23:03:05.000,21.9735,32.0366,1.48,8.943,56.488,21.4951
08/07/2024 23:04:05.999,21.9748,32.0359,1.48,8.943,56.538,21.4951
08/07/2024 23:05:05.001,21.9743,32.0362,1.48,8.943,56.429,21.4951
08/07/2024 23:06:05.000,21.9739,32.0367,1.48,8.943,56.378,21.4947
08/07/2024 23:07:05.000,21.9756,32.0369,1.48,8.943,56.413,21.4938
08/07/2024 23:08:05.999,21.9767,32.0371,1.48,8.943,56.348,21.4936
08/07/2024 23:09:05.001,21.9770,32.0366,1.48,8.943,56.381,21.4938
08/07/2024 23:10:05.000,21.9779,32.0368,1.48,8.943,56.399,21.4936
08/07/2024 23:11:05.999,21.9777,32.0368,1.48,8.943,56.321,21.4937
08/07/2024 23:12:05.998,21.9778,32.0357,1.48,8.943,56.466,21.4936
08/07/2024 23:13:05.001,21.9772,32.0357,1.48,8.943,56.425,21.4932
08/07/2024 23:14:05.000,21.9771,32.0359,1.47,8.943,56.611,21.4934
08/07/2024 23:15:05.999,21.9767,32.0364,1.47,8.943,56.419,21.4932
08/07/2024 23:16:05.002,21.9761,32.0360,1.48,8.943,56.498,21.4931
08/07/2024 23:17:05.001,21.9759,32.0370,1.47,8.943,56.508,21.4925
08/07/2024 23:18:05.000,21.9755,32.0370,1.47,8.943,56.471,21.4934
08/07/2024 23:19:05.999,21.9754,32.0367,1.48,8.943,56.428,21.4931
08/07/2024 23:20:05.001,21.9750,32.0368,1.48,8.943,56.566,21.4931
08/07/2024 23:21:05.000,21.9757,32.0378,1.48,8.943,56.433,21.4931
08/07/2024 23:22:05.000,21.9765,32.0367,1.48,8.943,56.531,21.4934
08/07/2024 23:23:05.999,21.9768,32.0370,1.47,8.943,56.362,21.4934
08/07/2024 23:24:05.001,21.9773,32.0373,1.48,8.943,56.361,21.4926
08/07/2024 23:25:05.000,21.9772,32.0374,1.47,8.943,56.364,21.4927
08/07/2024 23:26:05.999,21.9766,32.0366,1.47,8.943,56.310,21.4922
08/07/2024 23:27:05.998,21.9769,32.0365,1.47,8.943,56.368,21.4927
08/07/2024 23:28:05.001,21.9782,32.0375,1.47,8.943,56.468,21.4928
08/07/2024 23:29:05.000,21.9783,32.0374,1.47,8.943,56.417,21.4917
08/07/2024 23:30:05.999,21.9790,32.0375,1.47,8.943,56.459,21.4928
08/07/2024 23:31:05.002,21.9798,32.0379,1.47,8.942,56.512,21.4925
08/07/2024 23:32:05.001,21.9790,32.0385,1.47,8.942,56.370,21.4922
08/07/2024 23:33:05.000,21.9791,32.0379,1.47,8.942,56.401,21.4923
08/07/2024 23:34:05.999,21.9796,32.0376,1.47,8.942,56.423,21.4919
08/07/2024 23:35:05.001,21.9784,32.0379,1.47,8.942,56.435,21.4918
08/07/2024 23:36:05.000,21.9785,32.0386,1.47,8.942,56.441,21.4923
08/07/2024 23:37:05.000,21.9777,32.0385,1.47,8.942,56.377,21.4920
08/07/2024 23:38:05.999,21.9791,32.0384,1.47,8.942,56.338,21.4918
08/07/2024 23:39:05.001,21.9802,32.0370,1.47,8.941,56.381,21.4917
08/07/2024 23:40:05.000,21.9801,32.0375,1.48,8.941,56.280,21.4908
08/07/2024 23:41:05.999,21.9799,32.0379,1.48,8.941,56.469,21.4913
08/07/2024 23:42:05.998,21.9796,32.0372,1.48,8.941,56.383,21.4915
08/07/2024 23:43:05.001,21.9778,32.0378,1.48,8.941,56.269,21.4913
08/07/2024 23:44:05.000,21.9778,32.0376,1.48,8.941,56.329,21.4914
08/07/2024 23:45:05.999,21.9788,32.0391,1.47,8.940,56.492,21.4914
08/07/2024 23:46:05.002,21.9792,32.0390,1.48,8.940,56.370,21.4913
08/07/2024 23:47:05.001,21.9789,32.0381,1.48,8.940,56.288,21.4914
08/07/2024 23:48:05.000,21.9785,32.0390,1.48,8.940,56.264,21.4914
08/07/2024 23:49:05.999,21.9799,32.0380,1.48,8.940,56.330,21.4914
08/07/2024 23:50:05.001,21.9798,32.0388,1.48,8.940,56.448,21.4906
08/07/2024 23:51:05.000,21.9799,32.0381,1.48,8.940,56.407,21.4909
08/07/2024 23:52:05.000,21.9792,32.0384,1.48,8.940,56.423,21.4909
08/07/2024 23:53:05.999,21.9794,32.0383,1.48,8.940,56.317,21.4907
08/07/2024 23:54:05.001,21.9806,32.0396,1.48,8.940,56.310,21.4908
08/07/2024 23:55:05.000,21.9802,32.0388,1.48,8.940,56.397,21.4897
08/07/2024 23:56:05.999,21.9813,32.0389,1.48,8.940,56.341,21.4908
08/07/2024 23:57:05.998,21.9804,32.0386,1.48,8.940,56.323,21.4909
08/07/2024 23:58:05.001,21.9804,32.0398,1.48,8.940,56.256,21.4910
08/07/2024 23:59:05.000,21.9791,32.0382,1.48,8.940,56.355,21.4904
09/07/2024 00:00:05.999,21.9792,32.0393,1.48,8.940,56.426,21.4902
09/07/2024 00:01:05.002,21.9797,32.0395,1.48,8.940,56.310,21.4901
09/07/2024 00:02:05.001,21.9787,32.0385,1.48,8.940,56.283,21.4901
09/07/2024 00:03:05.000,21.9790,32.0385,1.48,8.940,56.323,21.4899
09/07/2024 00:04:05.999,21.9774,32.0397,1.48,8.940,56.298,21.4903
09/07/2024 00:05:05.001,21.9776,32.0386,1.48,8.940,56.394,21.4910
09/07/2024 00:06:05.000,21.9781,32.0388,1.48,8.939,56.296,21.4899
09/07/2024 00:07:05.000,21.9769,32.0390,1.48,8.939,56.382,21.4902
09/07/2024 00:08:05.999,21.9765,32.0385,1.48,8.940,56.315,21.4908
09/07/2024 00:09:05.001,21.9773,32.0401,1.48,8.940,56.308,21.4902
09/07/2024 00:10:05.000,21.9767,32.0400,1.48,8.939,56.419,21.4902
09/07/2024 00:11:05.999,21.9770,32.0393,1.48,8.939,56.461,21.4903
09/07/2024 00:12:05.998,21.9773,32.0397,1.48,8.940,56.369,21.4903
09/07/2024 00:13:05.001,21.9765,32.0392,1.48,8.940,56.525,21.4897
09/07/2024 00:14:05.000,21.9756,32.0389,1.48,8.940,56.388,21.4898
09/07/2024 00:15:05.999,21.9753,32.0391,1.48,8.940,56.406,21.4898
09/07/2024 00:16:05.002,21.9745,32.0393,1.48,8.940,56.439,21.4898
09/07/2024 00:17:05.001,21.9751,32.0386,1.48,8.940,56.395,21.4900
09/07/2024 00:18:05.000,21.9743,32.0393,1.48,8.940,56.411,21.4899
09/07/2024 00:19:05.999,21.9747,32.0388,1.48,8.940,56.365,21.4894
09/07/2024 00:20:05.001,21.9745,32.0396,1.48,8.940,56.454,21.4897
09/07/2024 00:21:05.000,21.9748,32.0399,1.48,8.940,56.407,21.4900
09/07/2024 00:22:05.000,21.9738,32.0396,1.48,8.940,56.285,21.4900
09/07/2024 00:23:05.999,21.9745,32.0397,1.48,8.940,56.340,21.4897
09/07/2024 00:24:05.001,21.9741,32.0408,1.48,8.940,56.472,21.4899
09/07/2024 00:25:05.000,21.9734,32.0402,1.48,8.940,56.274,21.4899
09/07/2024 00:26:05.999,21.9732,32.0399,1.49,8.940,56.451,21.4899
09/07/2024 00:27:05.998,21.9726,32.0402,1.49,8.940,56.427,21.4903
09/07/2024 00:28:05.001,21.9722,32.0404,1.49,8.940,56.481,21.4898
09/07/2024 00:29:05.000,21.9732,32.0404,1.48,8.940,56.379,21.4906
09/07/2024 00:30:05.999,21.9728,32.0406,1.48,8.940,56.299,21.4894
09/07/2024 00:31:05.002,21.9723,32.0404,1.48,8.940,56.250,21.4896
09/07/2024 00:32:05.001,21.9721,32.0409,1.48,8.940,56.304,21.4894
09/07/2024 00:33:05.000,21.9718,32.0417,1.48,8.940,56.401,21.4890
09/07/2024 00:34:05.999,21.9719,32.0398,1.48,8.941,56.345,21.4888
09/07/2024 00:35:05.001,21.9710,32.0400,1.48,8.941,56.328,21.4894
09/07/2024 00:36:05.000,21.9710,32.0408,1.48,8.941,56.507,21.4888
09/07/2024 00:37:05.000,21.9705,32.0419,1.48,8.941,56.278,21.4889
09/07/2024 00:38:05.999,21.9705,32.0405,1.48,8.941,56.258,21.4883
09/07/2024 00:39:05.001,21.9698,32.0413,1.48,8.940,56.309,21.4884
09/07/2024 00:40:05.000,21.9694,32.0402,1.48,8.940,56.285,21.4886
09/07/2024 00:41:05.999,21.9698,32.0415,1.48,8.940,56.207,21.4882
09/07/2024 00:42:05.998,21.9712,32.0402,1.48,8.940,56.330,21.4862
09/07/2024 00:43:05.001,21.9712,32.0412,1.48,8.940,56.347,21.4882
09/07/2024 00:44:05.000,21.9708,32.0402,1.48,8.940,56.273,21.4876
09/07/2024 00:45:05.999,21.9699,32.0412,1.48,8.939,56.257,21.4879
09/07/2024 00:46:05.002,21.9697,32.0416,1.48,8.939,56.403,21.4880
09/07/2024 00:47:05.001,21.9701,32.0411,1.48,8.939,56.341,21.4874
09/07/2024 00:48:05.000,21.9696,32.0421,1.48,8.939,56.407,21.4876
09/07/2024 00:49:05.999,21.9702,32.0409,1.48,8.939,56.342,21.4874
09/07/2024 00:50:05.001,21.9703,32.0419,1.48,8.938,56.433,21.4874
09/07/2024 00:51:05.000,21.9694,32.0412,1.48,8.938,56.343,21.4873
09/07/2024 00:52:05.000,21.9689,32.0416,1.48,8.938,56.463,21.4874
09/07/2024 00:53:05.999,21.9691,32.0405,1.48,8.938,56.432,21.4871
09/07/2024 00:54:05.001,21.9682,32.0421,1.48,8.938,56.542,21.4874
09/07/2024 00:55:05.000,21.9684,32.0403,1.49,8.938,56.410,21.4868
09/07/2024 00:56:05.999,21.9682,32.0428,1.48,8.938,56.424,21.4872
09/07/2024 00:57:05.998,21.9686,32.0409,1.48,8.938,56.360,21.4869
09/07/2024 00:58:05.001,21.9681,32.0412,1.48,8.938,56.330,21.4867
09/07/2024 00:59:05.000,21.9681,32.0415,1.48,8.938,56.445,21.4865
09/07/2024 01:00:05.999,21.9677,32.0411,1.48,8.938,56.475,21.4867
09/07/2024 01:01:05.002,21.9664,32.0415,1.49,8.938,56.463,21.4867
09/07/2024 01:02:05.001,21.9656,32.0417,1.48,8.937,56.317,21.4865
09/07/2024 01:03:05.000,21.9646,32.0423,1.48,8.937,56.343,21.4858
09/07/2024 01:04:05.999,21.9651,32.0411,1.48,8.937,56.279,21.4850
09/07/2024 01:05:05.001,21.9643,32.0429,1.48,8.937,56.387,21.4860
09/07/2024 01:06:05.000,21.9640,32.0428,1.48,8.937,56.419,21.4859
09/07/2024 01:07:05.000,21.9648,32.0430,1.48,8.937,56.432,21.4855
09/07/2024 01:08:05.999,21.9648,32.0427,1.48,8.937,56.496,21.4855
09/07/2024 01:09:05.001,21.9651,32.0431,1.48,8.937,56.426,21.4853
09/07/2024 01:10:05.000,21.9646,32.0427,1.48,8.937,56.452,21.4851
09/07/2024 01:11:05.999,21.9647,32.0421,1.48,8.937,56.440,21.4853
09/07/2024 01:12:05.998,21.9644,32.0431,1.48,8.937,56.390,21.4848
09/07/2024 01:13:05.001,21.9635,32.0429,1.48,8.936,56.411,21.4842
09/07/2024 01:14:05.000,21.9634,32.0432,1.48,8.936,56.427,21.4855
09/07/2024 01:15:05.999,21.9638,32.0424,1.47,8.936,56.464,21.4856
09/07/2024 01:16:05.002,21.9649,32.0430,1.47,8.936,56.286,21.4859
09/07/2024 01:17:05.001,21.9648,32.0446,1.48,8.936,56.353,21.4859
09/07/2024 01:18:05.000,21.9643,32.0433,1.47,8.935,56.444,21.4849
09/07/2024 01:19:05.999,21.9654,32.0428,1.48,8.935,56.346,21.4846
09/07/2024 01:20:05.001,21.9629,32.0422,1.48,8.935,56.427,21.4847
09/07/2024 01:21:05.000,21.9629,32.0416,1.48,8.935,56.386,21.4836
09/07/2024 01:22:05.000,21.9623,32.0435,1.48,8.935,56.475,21.4848
09/07/2024 01:23:05.999,21.9623,32.0434,1.48,8.935,56.497,21.4846
09/07/2024 01:24:05.001,21.9631,32.0432,1.48,8.935,56.452,21.4842
09/07/2024 01:25:05.000,21.9617,32.0442,1.48,8.935,56.405,21.4840
09/07/2024 01:26:05.999,21.9622,32.0431,1.48,8.934,56.249,21.4834
09/07/2024 01:27:05.998,21.9616,32.0439,1.48,8.934,56.408,21.4843
09/07/2024 01:28:05.001,21.9618,32.0423,1.48,8.934,56.380,21.4830
09/07/2024 01:29:05.000,21.9619,32.0431,1.48,8.934,56.538,21.4843
09/07/2024 01:30:05.999,21.9622,32.0438,1.48,8.934,56.458,21.4834
09/07/2024 01:31:05.002,21.9611,32.0443,1.48,8.933,56.499,21.4825
09/07/2024 01:32:05.001,21.9616,32.0435,1.48,8.933,56.395,21.4822
09/07/2024 01:33:05.000,21.9595,32.0443,1.48,8.933,56.412,21.4832
09/07/2024 01:34:05.999,21.9596,32.0450,1.48,8.933,56.454,21.4828
09/07/2024 01:35:05.001,21.9602,32.0439,1.48,8.933,56.256,21.4832
09/07/2024 01:36:05.000,21.9602,32.0434,1.49,8.933,56.378,21.4825
09/07/2024 01:37:05.000,21.9601,32.0436,1.48,8.932,56.300,21.4818
09/07/2024 01:38:05.999,21.9600,32.0438,1.49,8.933,56.408,21.4822
09/07/2024 01:39:05.001,21.9596,32.0438,1.49,8.933,56.285,21.4823
09/07/2024 01:40:05.000,21.9595,32.0443,1.48,8.933,56.245,21.4815
09/07/2024 01:41:05.999,21.9592,32.0445,1.48,8.932,56.339,21.4819
09/07/2024 01:42:05.998,21.9590,32.0443,1.48,8.932,56.277,21.4807
09/07/2024 01:43:05.001,21.9595,32.0437,1.48,8.933,56.406,21.4802
09/07/2024 01:44:05.000,21.9592,32.0436,1.49,8.932,56.415,21.4818
09/07/2024 01:45:05.999,21.9572,32.0445,1.48,8.933,56.290,21.4819
09/07/2024 01:46:05.002,21.9582,32.0438,1.48,8.933,56.308,21.4815
09/07/2024 01:47:05.001,21.9560,32.0448,1.48,8.933,56.317,21.4815
09/07/2024 01:48:05.000,21.9558,32.0430,1.48,8.933,56.200,21.4813
09/07/2024 01:49:05.999,21.9555,32.0452,1.48,8.933,56.237,21.4812
09/07/2024 01:50:05.001,21.9552,32.0441,1.48,8.933,56.365,21.4799
09/07/2024 01:51:05.000,21.9550,32.0446,1.49,8.933,56.294,21.4807
09/07/2024 01:52:05.000,21.9541,32.0447,1.48,8.932,56.376,21.4806
09/07/2024 01:53:05.999,21.9549,32.0452,1.48,8.933,56.354,21.4805
09/07/2024 01:54:05.001,21.9551,32.0441,1.48,8.933,56.271,21.4790
09/07/2024 01:55:05.000,21.9556,32.0448,1.48,8.933,56.245,21.4790
09/07/2024 01:56:05.999,21.9542,32.0436,1.48,8.933,56.131,21.4791
09/07/2024 01:57:05.998,21.9512,32.0462,1.48,8.933,56.404,21.4785
09/07/2024 01:58:05.001,21.9508,32.0460,1.48,8.933,56.239,21.4781
09/07/2024 01:59:05.000,21.9505,32.0463,1.48,8.933,56.341,21.4782
09/07/2024 02:00:05.999,21.9512,32.0450,1.48,8.933,56.359,21.4782
09/07/2024 02:01:05.002,21.9510,32.0452,1.48,8.933,56.391,21.4784
09/07/2024 02:02:05.001,21.9508,32.0459,1.48,8.933,56.228,21.4779
09/07/2024 02:03:05.000,21.9495,32.0463,1.48,8.933,56.263,21.4779
09/07/2024 02:04:05.999,21.9487,32.0447,1.48,8.933,56.494,21.4769
09/07/2024 02:05:05.001,21.9478,32.0460,1.48,8.933,56.401,21.4785
09/07/2024 02:06:05.000,21.9473,32.0463,1.48,8.932,56.302,21.4773
09/07/2024 02:07:05.000,21.9475,32.0453,1.48,8.932,56.349,21.4761
09/07/2024 02:08:05.999,21.9470,32.0450,1.48,8.932,56.493,21.4758
09/07/2024 02:09:05.001,21.9455,32.0448,1.48,8.932,56.202,21.4762
09/07/2024 02:10:05.000,21.9454,32.0462,1.48,8.932,56.222,21.4758
09/07/2024 02:11:05.999,21.9456,32.0454,1.48,8.932,56.361,21.4756
09/07/2024 02:12:05.998,21.9446,32.0462,1.48,8.931,56.235,21.4752
09/07/2024 02:13:05.001,21.9444,32.0460,1.47,8.931,56.341,21.4753
09/07/2024 02:14:05.000,21.9439,32.0456,1.47,8.931,56.392,21.4750
09/07/2024 02:15:05.999,21.9416,32.0461,1.47,8.931,56.148,21.4751
09/07/2024 02:16:05.002,21.9418,32.0461,1.47,8.931,56.267,21.4746
09/07/2024 02:17:05.001,21.9410,32.0485,1.48,8.931,56.335,21.4739
09/07/2024 02:18:05.000,21.9423,32.0457,1.48,8.931,56.310,21.4746
09/07/2024 02:19:05.999,21.9413,32.0455,1.48,8.931,56.401,21.4739
09/07/2024 02:20:05.001,21.9393,32.0465,1.47,8.931,56.392,21.4740
09/07/2024 02:21:05.000,21.9395,32.0467,1.48,8.931,56.190,21.4739
09/07/2024 02:22:05.000,21.9384,32.0461,1.48,8.930,56.439,21.4734
09/07/2024 02:23:05.999,21.9403,32.0474,1.48,8.930,56.333,21.4734
09/07/2024 02:24:05.001,21.9397,32.0459,1.48,8.930,56.220,21.4733
09/07/2024 02:25:05.000,21.9391,32.0465,1.47,8.930,56.223,21.4733
09/07/2024 02:26:05.999,21.9392,32.0472,1.47,8.930,56.336,21.4730
09/07/2024 02:27:05.998,21.9381,32.0470,1.48,8.930,56.260,21.4725
09/07/2024 02:28:05.001,21.9383,32.0474,1.48,8.930,56.298,21.4722
09/07/2024 02:29:05.000,21.9377,32.0468,1.47,8.930,56.356,21.4727
09/07/2024 02:30:05.999,21.9368,32.0472,1.47,8.930,56.452,21.4725
09/07/2024 02:31:05.002,21.9360,32.0471,1.47,8.930,56.373,21.4723
09/07/2024 02:32:05.001,21.9360,32.0465,1.48,8.930,56.362,21.4718
09/07/2024 02:33:05.000,21.9350,32.0493,1.48,8.930,56.346,21.4712
09/07/2024 02:34:05.999,21.9365,32.0471,1.48,8.930,56.346,21.4711
09/07/2024 02:35:05.001,21.9362,32.0488,1.48,8.930,56.347,21.4706
09/07/2024 02:36:05.000,21.9360,32.0474,1.48,8.930,56.433,21.4709
09/07/2024 02:37:05.000,21.9354,32.0474,1.48,8.930,56.322,21.4710
09/07/2024 02:38:05.999,21.9356,32.0468,1.48,8.930,56.318,21.4704
09/07/2024 02:39:05.001,21.9356,32.0474,1.48,8.930,56.429,21.4705
09/07/2024 02:40:05.000,21.9342,32.0468,1.48,8.930,56.293,21.4699
09/07/2024 02:41:05.999,21.9341,32.0470,1.47,8.930,56.344,21.4699
09/07/2024 02:42:05.998,21.9332,32.0494,1.48,8.930,56.193,21.4697
09/07/2024 02:43:05.001,21.9337,32.0480,1.48,8.930,56.257,21.4697
09/07/2024 02:44:05.000,21.9348,32.0471,1.48,8.929,56.308,21.4695
09/07/2024 02:45:05.999,21.9341,32.0476,1.48,8.930,56.249,21.4697
09/07/2024 02:46:05.002,21.9333,32.0476,1.48,8.930,56.439,21.4688
09/07/2024 02:47:05.001,21.9317,32.0484,1.48,8.930,56.401,21.4689
09/07/2024 02:48:05.000,21.9311,32.0492,1.48,8.930,56.425,21.4688
09/07/2024 02:49:05.999,21.9327,32.0495,1.48,8.930,56.264,21.4686
09/07/2024 02:50:05.001,21.9317,32.0470,1.48,8.930,56.465,21.4684
09/07/2024 02:51:05.000,21.9317,32.0487,1.48,8.930,56.527,21.4684
09/07/2024 02:52:05.000,21.9317,32.0477,1.48,8.930,56.455,21.4681
09/07/2024 02:53:05.999,21.9319,32.0479,1.47,8.930,56.440,21.4676
09/07/2024 02:54:05.001,21.9310,32.0488,1.47,8.930,56.353,21.4678
09/07/2024 02:55:05.000,21.9307,32.0490,1.47,8.930,56.361,21.4674
09/07/2024 02:56:05.999,21.9298,32.0488,1.47,8.930,56.467,21.4672
09/07/2024 02:57:05.998,21.9291,32.0487,1.47,8.930,56.496,21.4665
09/07/2024 02:58:05.001,21.9299,32.0494,1.47,8.930,56.293,21.4670
09/07/2024 02:59:05.000,21.9304,32.0494,1.47,8.930,56.450,21.4666
09/07/2024 03:00:05.999,21.9305,32.0494,1.47,8.930,56.433,21.4664
09/07/2024 03:01:05.002,21.9305,32.0489,1.48,8.930,56.346,21.4661
09/07/2024 03:02:05.001,21.9304,32.0481,1.47,8.930,56.395,21.4659
09/07/2024 03:03:05.000,21.9298,32.0489,1.47,8.930,56.485,21.4661
09/07/2024 03:04:05.999,21.9286,32.0493,1.47,8.930,56.466,21.4657
09/07/2024 03:05:05.001,21.9286,32.0502,1.48,8.930,56.459,21.4657
09/07/2024 03:06:05.000,21.9290,32.0501,1.48,8.930,56.441,21.4666
09/07/2024 03:07:05.000,21.9295,32.0495,1.48,8.930,56.503,21.4662
09/07/2024 03:08:05.999,21.9301,32.0487,1.48,8.930,56.466,21.4663
09/07/2024 03:09:05.001,21.9297,32.0500,1.48,8.930,56.393,21.4648
09/07/2024 03:10:05.000,21.9295,32.0495,1.48,8.930,56.385,21.4652
09/07/2024 03:11:05.999,21.9298,32.0498,1.48,8.931,56.419,21.4654
09/07/2024 03:12:05.998,21.9310,32.0499,1.48,8.931,56.358,21.4651
09/07/2024 03:13:05.001,21.9311,32.0488,1.48,8.931,56.487,21.4638
09/07/2024 03:14:05.000,21.9297,32.0493,1.48,8.931,56.422,21.4649
09/07/2024 03:15:05.999,21.9292,32.0486,1.48,8.931,56.413,21.4646
09/07/2024 03:16:05.002,21.9274,32.0497,1.48,8.931,56.453,21.4644
09/07/2024 03:17:05.001,21.9282,32.0483,1.48,8.931,56.163,21.4644
09/07/2024 03:18:05.000,21.9278,32.0494,1.48,8.931,56.346,21.4643
09/07/2024 03:19:05.999,21.9282,32.0481,1.48,8.931,56.332,21.4622
09/07/2024 03:20:05.001,21.9274,32.0483,1.48,8.931,56.398,21.4633
09/07/2024 03:21:05.000,21.9267,32.0503,1.48,8.931,56.365,21.4627
09/07/2024 03:22:05.000,21.9260,32.0497,1.47,8.931,56.208,21.4628
09/07/2024 03:23:05.999,21.9254,32.0494,1.48,8.931,56.396,21.4620
09/07/2024 03:24:05.001,21.9242,32.0491,1.48,8.931,56.424,21.4627
09/07/2024 03:25:05.000,21.9237,32.0508,1.48,8.931,56.301,21.4611
09/07/2024 03:26:05.999,21.9248,32.0516,1.47,8.931,56.357,21.4608
09/07/2024 03:27:05.998,21.9259,32.0509,1.48,8.931,56.395,21.4603
09/07/2024 03:28:05.001,21.9239,32.0509,1.48,8.931,56.470,21.4616
09/07/2024 03:29:05.000,21.9232,32.0487,1.48,8.931,56.481,21.4603
09/07/2024 03:30:05.999,21.9222,32.0511,1.47,8.931,56.509,21.4604
09/07/2024 03:31:05.002,21.9236,32.0495,1.48,8.932,56.452,21.4600
09/07/2024 03:32:05.001,21.9235,32.0505,1.48,8.931,56.375,21.4597
09/07/2024 03:33:05.000,21.9221,32.0496,1.48,8.932,56.262,21.4597
09/07/2024 03:34:05.999,21.9217,32.0512,1.48,8.932,56.451,21.4596
09/07/2024 03:35:05.001,21.9222,32.0499,1.48,8.931,56.410,21.4592
09/07/2024 03:36:05.000,21.9233,32.0509,1.47,8.932,56.418,21.4587
09/07/2024 03:37:05.000,21.9238,32.0508,1.48,8.932,56.485,21.4585
09/07/2024 03:38:05.999,21.9227,32.0509,1.48,8.932,56.431,21.4585
09/07/2024 03:39:05.001,21.9203,32.0512,1.48,8.932,56.431,21.4587
09/07/2024 03:40:05.000,21.9199,32.0513,1.48,8.932,56.215,21.4583
09/07/2024 03:41:05.999,21.9188,32.0508,1.48,8.932,56.350,21.4582
09/07/2024 03:42:05.998,21.9202,32.0501,1.48,8.932,56.239,21.4582
09/07/2024 03:43:05.001,21.9196,32.0515,1.48,8.932,56.274,21.4579
09/07/2024 03:44:05.000,21.9182,32.0510,1.48,8.932,56.344,21.4574
09/07/2024 03:45:05.999,21.9174,32.0518,1.48,8.932,56.546,21.4569
09/07/2024 03:46:05.002,21.9193,32.0499,1.48,8.932,56.319,21.4567
09/07/2024 03:47:05.001,21.9184,32.0513,1.48,8.932,56.551,21.4566
09/07/2024 03:48:05.000,21.9195,32.0514,1.48,8.932,56.332,21.4561
09/07/2024 03:49:05.999,21.9182,32.0515,1.48,8.932,56.408,21.4561
09/07/2024 03:50:05.001,21.9164,32.0504,1.48,8.932,56.426,21.4558
09/07/2024 03:51:05.000,21.9156,32.0513,1.48,8.932,56.542,21.4559
09/07/2024 03:52:05.000,21.9152,32.0512,1.48,8.932,56.399,21.4556
09/07/2024 03:53:05.999,21.9145,32.0515,1.48,8.932,56.475,21.4555
09/07/2024 03:54:05.001,21.9149,32.0516,1.48,8.932,56.249,21.4551
09/07/2024 03:55:05.000,21.9153,32.0520,1.48,8.932,56.303,21.4551
09/07/2024 03:56:05.999,21.9156,32.0517,1.48,8.931,56.321,21.4550
09/07/2024 03:57:05.998,21.9162,32.0518,1.48,8.932,56.418,21.4551
09/07/2024 03:58:05.001,21.9167,32.0521,1.48,8.931,56.372,21.4546
09/07/2024 03:59:05.000,21.9177,32.0509,1.48,8.931,56.400,21.4545
09/07/2024 04:00:05.999,21.9170,32.0504,1.48,8.931,56.432,21.4544
09/07/2024 04:01:05.002,21.9148,32.0518,1.48,8.931,56.426,21.4541
09/07/2024 04:02:05.001,21.9153,32.0523,1.48,8.931,56.470,21.4539
09/07/2024 04:03:05.000,21.9145,32.0522,1.48,8.931,56.381,21.4539
09/07/2024 04:04:05.999,21.9150,32.0514,1.48,8.931,56.361,21.4532
09/07/2024 04:05:05.001,21.9161,32.0524,1.48,8.931,56.473,21.4535
09/07/2024 04:06:05.000,21.9164,32.0509,1.48,8.931,56.433,21.4528
09/07/2024 04:07:05.000,21.9155,32.0517,1.48,8.931,56.402,21.4531
09/07/2024 04:08:05.999,21.9155,32.0516,1.48,8.930,56.385,21.4529
09/07/2024 04:09:05.001,21.9158,32.0522,1.47,8.930,56.384,21.4526
09/07/2024 04:10:05.000,21.9160,32.0525,1.47,8.930,56.288,21.4527
09/07/2024 04:11:05.999,21.9181,32.0530,1.48,8.930,56.299,21.4521
09/07/2024 04:12:05.998,21.9184,32.0516,1.48,8.930,56.459,21.4518
09/07/2024 04:13:05.001,21.9162,32.0518,1.48,8.930,56.277,21.4516
09/07/2024 04:14:05.000,21.9155,32.0524,1.48,8.930,56.348,21.4517
09/07/2024 04:15:05.999,21.9153,32.0519,1.48,8.930,56.483,21.4510
09/07/2024 04:16:05.002,21.9156,32.0512,1.48,8.930,56.379,21.4514
09/07/2024 04:17:05.001,21.9139,32.0519,1.48,8.930,56.229,21.4513
09/07/2024 04:18:05.000,21.9147,32.0522,1.48,8.930,56.316,21.4512
09/07/2024 04:19:05.999,21.9142,32.0529,1.48,8.930,56.397,21.4506
09/07/2024 04:20:05.001,21.9142,32.0517,1.48,8.930,56.405,21.4505
09/07/2024 04:21:05.000,21.9127,32.0519,1.48,8.930,56.213,21.4506
09/07/2024 04:22:05.000,21.9116,32.0521,1.48,8.930,56.246,21.4498
09/07/2024 04:23:05.999,21.9106,32.0541,1.48,8.930,56.170,21.4499
09/07/2024 04:24:05.001,21.9114,32.0540,1.48,8.930,56.350,21.4499
09/07/2024 04:25:05.000,21.9121,32.0520,1.48,8.930,56.330,21.4496
09/07/2024 04:26:05.999,21.9113,32.0525,1.48,8.930,56.242,21.4492
09/07/2024 04:27:05.998,21.9107,32.0535,1.48,8.930,56.409,21.4498
09/07/2024 04:28:05.001,21.9096,32.0529,1.48,8.930,56.345,21.4490
09/07/2024 04:29:05.000,21.9103,32.0538,1.48,8.930,56.248,21.4491
09/07/2024 04:30:05.999,21.9096,32.0539,1.47,8.930,56.270,21.4491
09/07/2024 04:31:05.998,21.9103,32.0541,1.47,8.930,56.159,21.4482
09/07/2024 04:32:05.997,21.9094,32.0536,1.47,8.930,56.263,21.4478
09/07/2024 04:33:05.003,21.9092,32.0529,1.47,8.930,56.324,21.4480
09/07/2024 04:34:05.002,21.9080,32.0532,1.47,8.930,56.277,21.4483
09/07/2024 04:35:05.001,21.9070,32.0536,1.47,8.930,56.171,21.4480
09/07/2024 04:36:05.000,21.9067,32.0536,1.47,8.930,56.367,21.4483
09/07/2024 04:37:05.000,21.9069,32.0546,1.48,8.930,56.310,21.4476
09/07/2024 04:38:05.999,21.9070,32.0519,1.47,8.930,56.265,21.4472
09/07/2024 04:39:05.998,21.9055,32.0525,1.47,8.930,56.180,21.4470
09/07/2024 04:40:05.997,21.9041,32.0548,1.47,8.930,56.203,21.4470
09/07/2024 04:41:05.003,21.9034,32.0536,1.48,8.930,56.296,21.4464
09/07/2024 04:42:05.002,21.9059,32.0542,1.48,8.930,56.239,21.4467
09/07/2024 04:43:05.001,21.9061,32.0537,1.48,8.930,56.345,21.4467
09/07/2024 04:44:05.000,21.9058,32.0537,1.48,8.930,56.299,21.4462
09/07/2024 04:45:05.999,21.9056,32.0544,1.47,8.930,56.241,21.4462
09/07/2024 04:46:05.998,21.9047,32.0538,1.48,8.930,56.314,21.4460
09/07/2024 04:47:05.997,21.9042,32.0542,1.47,8.930,56.196,21.4456
09/07/2024 04:48:05.003,21.9035,32.0553,1.47,8.930,56.305,21.4456
09/07/2024 04:49:05.002,21.9037,32.0548,1.47,8.930,56.242,21.4451
09/07/2024 04:50:05.001,21.9040,32.0551,1.47,8.929,56.346,21.4453
09/07/2024 04:51:05.000,21.9041,32.0544,1.47,8.929,56.223,21.4451
09/07/2024 04:52:05.000,21.9044,32.0546,1.47,8.929,56.188,21.4453
09/07/2024 04:53:05.999,21.9036,32.0545,1.47,8.929,56.174,21.4447
09/07/2024 04:54:05.998,21.9038,32.0551,1.47,8.929,56.190,21.4446
09/07/2024 04:55:05.997,21.9030,32.0548,1.47,8.929,56.140,21.4442
09/07/2024 04:56:05.003,21.9028,32.0550,1.47,8.929,56.197,21.4439
09/07/2024 04:57:05.002,21.9040,32.0562,1.46,8.929,56.232,21.4441
09/07/2024 04:58:05.001,21.9032,32.0550,1.47,8.929,56.066,21.4438
09/07/2024 04:59:05.000,21.9039,32.0528,1.47,8.929,56.161,21.4435
09/07/2024 05:00:05.999,21.9031,32.0556,1.48,8.929,56.239,21.4439
09/07/2024 05:01:05.998,21.9036,32.0540,1.47,8.929,56.357,21.4441
09/07/2024 05:02:05.997,21.9016,32.0547,1.47,8.929,56.286,21.4434
09/07/2024 05:03:05.003,21.9005,32.0545,1.47,8.929,56.281,21.4435
09/07/2024 05:04:05.002,21.8989,32.0563,1.47,8.929,56.286,21.4433
09/07/2024 05:05:05.001,21.9004,32.0562,1.46,8.929,56.193,21.4430
09/07/2024 05:06:05.000,21.9020,32.0562,1.47,8.929,56.195,21.4430
09/07/2024 05:07:05.000,21.9023,32.0546,1.47,8.929,56.262,21.4415
09/07/2024 05:08:05.999,21.9010,32.0560,1.47,8.929,56.149,21.4416
09/07/2024 05:09:05.998,21.9002,32.0550,1.47,8.929,56.120,21.4419
09/07/2024 05:10:05.997,21.8995,32.0561,1.48,8.929,56.200,21.4412
09/07/2024 05:11:05.003,21.8991,32.0544,1.48,8.929,56.178,21.4413
09/07/2024 05:12:05.002,21.8979,32.0546,1.48,8.929,56.389,21.4421
09/07/2024 05:13:05.001,21.8968,32.0574,1.48,8.929,56.221,21.4410
09/07/2024 05:14:05.000,21.8973,32.0552,1.47,8.929,56.391,21.4422
09/07/2024 05:15:05.999,21.8975,32.0551,1.47,8.930,56.165,21.4422
09/07/2024 05:16:05.998,21.8963,32.0552,1.47,8.930,56.248,21.4418
09/07/2024 05:17:05.997,21.8961,32.0559,1.48,8.930,56.280,21.4415
09/07/2024 05:18:05.003,21.8954,32.0551,1.47,8.930,56.274,21.4401
09/07/2024 05:19:05.002,21.8949,32.0557,1.47,8.930,56.333,21.4400
09/07/2024 05:20:05.001,21.8950,32.0563,1.47,8.930,56.326,21.4404
09/07/2024 05:21:05.000,21.8941,32.0559,1.48,8.930,56.327,21.4403
09/07/2024 05:22:05.000,21.8931,32.0559,1.48,8.930,56.275,21.4404
09/07/2024 05:23:05.999,21.8934,32.0559,1.48,8.930,56.314,21.4393
09/07/2024 05:24:05.998,21.8950,32.0550,1.48,8.930,56.337,21.4404
09/07/2024 05:25:05.997,21.8949,32.0541,1.48,8.930,56.345,21.4390
09/07/2024 05:26:05.003,21.8927,32.0549,1.48,8.930,56.278,21.4384
09/07/2024 05:27:05.002,21.8922,32.0567,1.48,8.930,56.245,21.4380
09/07/2024 05:28:05.001,21.8909,32.0561,1.48,8.930,56.282,21.4381
09/07/2024 05:29:05.000,21.8910,32.0553,1.48,8.930,56.351,21.4382
09/07/2024 05:30:05.999,21.8904,32.0565,1.48,8.930,56.426,21.4377
09/07/2024 05:31:05.998,21.8913,32.0567,1.48,8.930,56.399,21.4373
09/07/2024 05:32:05.997,21.8917,32.0569,1.47,8.930,56.316,21.4368
09/07/2024 05:33:05.003,21.8911,32.0552,1.47,8.930,56.379,21.4368
09/07/2024 05:34:05.002,21.8897,32.0565,1.47,8.930,56.371,21.4363
09/07/2024 05:35:05.001,21.8892,32.0560,1.47,8.930,56.308,21.4359
09/07/2024 05:36:05.000,21.8885,32.0568,1.47,8.930,56.416,21.4360
09/07/2024 05:37:05.000,21.8897,32.0564,1.47,8.930,56.309,21.4360
09/07/2024 05:38:05.999,21.8890,32.0551,1.47,8.930,56.375,21.4358
09/07/2024 05:39:05.998,21.8878,32.0575,1.47,8.929,56.256,21.4354
09/07/2024 05:40:05.997,21.8883,32.0568,1.47,8.929,56.322,21.4353
09/07/2024 05:41:05.003,21.8865,32.0586,1.47,8.929,56.436,21.4350
09/07/2024 05:42:05.002,21.8883,32.0557,1.47,8.929,56.302,21.4349
09/07/2024 05:43:05.001,21.8867,32.0560,1.47,8.929,56.279,21.4348
09/07/2024 05:44:05.000,21.8849,32.0563,1.47,8.929,56.371,21.4344
09/07/2024 05:45:05.999,21.8839,32.0578,1.47,8.929,56.411,21.4336
09/07/2024 05:46:05.998,21.8840,32.0565,1.47,8.929,56.352,21.4336
09/07/2024 05:47:05.997,21.8846,32.0570,1.48,8.928,56.438,21.4340
09/07/2024 05:48:05.003,21.8841,32.0575,1.48,8.928,56.452,21.4335
09/07/2024 05:49:05.002,21.8831,32.0581,1.48,8.928,56.324,21.4331
09/07/2024 05:50:05.001,21.8841,32.0576,1.48,8.928,56.299,21.4334
09/07/2024 05:51:05.000,21.8838,32.0586,1.48,8.928,56.337,21.4328
09/07/2024 05:52:05.000,21.8851,32.0571,1.48,8.928,56.301,21.4325
09/07/2024 05:53:05.999,21.8847,32.0574,1.48,8.928,56.434,21.4325
09/07/2024 05:54:05.998,21.8847,32.0570,1.48,8.928,56.276,21.4316
09/07/2024 05:55:05.997,21.8826,32.0585,1.48,8.928,56.288,21.4318
09/07/2024 05:56:05.003,21.8842,32.0574,1.48,8.928,56.373,21.4320
09/07/2024 05:57:05.002,21.8847,32.0568,1.47,8.928,56.225,21.4317
09/07/2024 05:58:05.001,21.8846,32.0567,1.48,8.928,56.382,21.4318
09/07/2024 05:59:05.000,21.8841,32.0579,1.47,8.928,56.338,21.4318
09/07/2024 06:00:05.999,21.8845,32.0592,1.47,8.928,56.333,21.4312
09/07/2024 06:01:05.998,21.8837,32.0589,1.48,8.928,56.284,21.4311
09/07/2024 06:02:05.997,21.8838,32.0585,1.47,8.928,56.298,21.4304
09/07/2024 06:03:05.003,21.8846,32.0594,1.47,8.928,56.391,21.4308
09/07/2024 06:04:05.002,21.8853,32.0598,1.47,8.928,56.257,21.4304
09/07/2024 06:05:05.001,21.8858,32.0586,1.47,8.928,56.324,21.4305
09/07/2024 06:06:05.000,21.8851,32.0583,1.47,8.928,56.428,21.4301
09/07/2024 06:07:05.000,21.8844,32.0593,1.47,8.928,56.299,21.4303
09/07/2024 06:08:05.999,21.8851,32.0590,1.47,8.928,56.413,21.4303
09/07/2024 06:09:05.998,21.8842,32.0583,1.47,8.928,56.282,21.4298
09/07/2024 06:10:05.997,21.8835,32.0598,1.47,8.928,56.294,21.4293
09/07/2024 06:11:05.003,21.8845,32.0587,1.47,8.928,56.301,21.4292
09/07/2024 06:12:05.002,21.8845,32.0590,1.47,8.928,56.428,21.4292
09/07/2024 06:13:05.001,21.8831,32.0576,1.48,8.928,56.486,21.4287
09/07/2024 06:14:05.000,21.8830,32.0593,1.48,8.928,56.490,21.4286
09/07/2024 06:15:05.999,21.8841,32.0591,1.47,8.928,56.414,21.4281
09/07/2024 06:16:05.998,21.8828,32.0586,1.47,8.927,56.327,21.4282
09/07/2024 06:17:05.997,21.8839,32.0593,1.47,8.927,56.215,21.4277
09/07/2024 06:18:05.003,21.8839,32.0598,1.47,8.927,56.331,21.4276
09/07/2024 06:19:05.002,21.8835,32.0598,1.47,8.927,56.349,21.4273
09/07/2024 06:20:05.001,21.8846,32.0593,1.47,8.927,56.318,21.4273
09/07/2024 06:21:05.000,21.8847,32.0596,1.47,8.927,56.368,21.4271
09/07/2024 06:22:05.000,21.8841,32.0604,1.47,8.927,56.440,21.4267
09/07/2024 06:23:05.999,21.8852,32.0596,1.47,8.927,56.305,21.4264
09/07/2024 06:24:05.998,21.8840,32.0592,1.47,8.927,56.341,21.4267
09/07/2024 06:25:05.997,21.8845,32.0600,1.48,8.927,56.237,21.4260
09/07/2024 06:26:05.003,21.8853,32.0596,1.48,8.926,56.296,21.4264
09/07/2024 06:27:05.002,21.8850,32.0592,1.48,8.926,56.211,21.4260
09/07/2024 06:28:05.001,21.8849,32.0581,1.48,8.926,56.150,21.4260
09/07/2024 06:29:05.000,21.8845,32.0599,1.48,8.926,56.371,21.4261
09/07/2024 06:30:05.999,21.8840,32.0598,1.48,8.926,56.251,21.4259
09/07/2024 06:31:05.998,21.8840,32.0582,1.48,8.926,56.259,21.4253
09/07/2024 06:32:05.997,21.8825,32.0577,1.48,8.926,56.347,21.4250
09/07/2024 06:33:05.003,21.8805,32.0599,1.48,8.926,56.528,21.4245
09/07/2024 06:34:05.002,21.8823,32.0597,1.48,8.925,56.321,21.4246
09/07/2024 06:35:05.001,21.8840,32.0606,1.48,8.925,56.192,21.4242
09/07/2024 06:36:05.000,21.8866,32.0615,1.48,8.925,56.168,21.4238
09/07/2024 06:37:05.000,21.8875,32.0591,1.48,8.925,56.183,21.4238
09/07/2024 06:38:05.999,21.8866,32.0592,1.48,8.925,56.223,21.4239
09/07/2024 06:39:05.998,21.8859,32.0605,1.48,8.925,56.255,21.4233
09/07/2024 06:40:05.997,21.8877,32.0595,1.48,8.925,56.269,21.4232
09/07/2024 06:41:05.003,21.8882,32.0597,1.48,8.925,56.177,21.4229
09/07/2024 06:42:05.002,21.8886,32.0597,1.48,8.924,56.274,21.4233
09/07/2024 06:43:05.001,21.8888,32.0604,1.48,8.924,56.209,21.4225
09/07/2024 06:44:05.000,21.8885,32.0595,1.48,8.924,56.232,21.4225
09/07/2024 06:45:05.999,21.8886,32.0609,1.48,8.924,56.236,21.4221
09/07/2024 06:46:05.998,21.8885,32.0605,1.48,8.924,56.188,21.4220
09/07/2024 06:47:05.997,21.8891,32.0594,1.47,8.923,56.242,21.4216
09/07/2024 06:48:05.003,21.8880,32.0600,1.47,8.923,56.227,21.4215
09/07/2024 06:49:05.002,21.8876,32.0601,1.48,8.923,56.396,21.4208
09/07/2024 06:50:05.001,21.8884,32.0603,1.47,8.923,56.218,21.4209
09/07/2024 06:51:05.000,21.8883,32.0603,1.47,8.923,56.358,21.4206
09/07/2024 06:52:05.000,21.8871,32.0610,1.48,8.922,56.327,21.4204
09/07/2024 06:53:05.999,21.8864,32.0599,1.48,8.922,56.326,21.4206
09/07/2024 06:54:05.998,21.8850,32.0612,1.47,8.922,56.277,21.4199
09/07/2024 06:55:05.997,21.8868,32.0600,1.48,8.922,56.441,21.4196
09/07/2024 06:56:05.003,21.8862,32.0605,1.47,8.922,56.353,21.4192
09/07/2024 06:57:05.002,21.8872,32.0606,1.48,8.922,56.289,21.4189
09/07/2024 06:58:05.001,21.8868,32.0606,1.47,8.921,56.344,21.4188
09/07/2024 06:59:05.000,21.8865,32.0602,1.48,8.921,56.433,21.4180
09/07/2024 07:00:05.999,21.8875,32.0613,1.48,8.921,56.286,21.4187
09/07/2024 07:01:05.998,21.8874,32.0611,1.48,8.921,56.285,21.4179
09/07/2024 07:02:05.997,21.8862,32.0617,1.47,8.921,56.328,21.4183
09/07/2024 07:03:05.003,21.8876,32.0617,1.48,8.920,56.289,21.4173
09/07/2024 07:04:05.002,21.8876,32.0607,1.48,8.920,56.313,21.4179
09/07/2024 07:05:05.001,21.8879,32.0618,1.48,8.920,56.249,21.4173
09/07/2024 07:06:05.000,21.8887,32.0611,1.47,8.920,56.389,21.4176
09/07/2024 07:07:05.000,21.8878,32.0598,1.48,8.920,56.396,21.4171
09/07/2024 07:08:05.999,21.8863,32.0620,1.48,8.920,56.246,21.4168
09/07/2024 07:09:05.998,21.8877,32.0613,1.48,8.920,56.264,21.4165
09/07/2024 07:10:05.997,21.8873,32.0617,1.47,8.919,56.391,21.4169
09/07/2024 07:11:05.003,21.8875,32.0617,1.48,8.919,56.354,21.4165
09/07/2024 07:12:05.002,21.8866,32.0627,1.47,8.919,56.368,21.4158
09/07/2024 07:13:05.001,21.8883,32.0614,1.47,8.919,56.279,21.4162
09/07/2024 07:14:05.000,21.8872,32.0620,1.47,8.919,56.459,21.4159
09/07/2024 07:15:05.999,21.8882,32.0626,1.47,8.919,56.405,21.4158
09/07/2024 07:16:05.998,21.8902,32.0628,1.48,8.918,56.425,21.4157
09/07/2024 07:17:05.997,21.8907,32.0633,1.48,8.918,56.287,21.4151
09/07/2024 07:18:05.003,21.8895,32.0613,1.48,8.918,56.233,21.4148
09/07/2024 07:19:05.002,21.8892,32.0630,1.48,8.918,56.391,21.4146
09/07/2024 07:20:05.001,21.8902,32.0622,1.48,8.918,56.307,21.4146
09/07/2024 07:21:05.000,21.8908,32.0626,1.48,8.918,56.346,21.4148
09/07/2024 07:22:05.000,21.8887,32.0618,1.48,8.918,56.220,21.4144
09/07/2024 07:23:05.999,21.8901,32.0618,1.48,8.917,56.339,21.4141
09/07/2024 07:24:05.998,21.8905,32.0626,1.48,8.917,56.258,21.4137
09/07/2024 07:25:05.997,21.8909,32.0620,1.48,8.917,56.201,21.4137
09/07/2024 07:26:05.003,21.8908,32.0630,1.48,8.917,56.234,21.4134
09/07/2024 07:27:05.002,21.8919,32.0629,1.48,8.917,56.209,21.4134
09/07/2024 07:28:05.001,21.8925,32.0603,1.48,8.917,56.247,21.4132
09/07/2024 07:29:05.000,21.8902,32.0637,1.48,8.917,56.107,21.4133
09/07/2024 07:30:05.999,21.8902,32.0636,1.48,8.916,56.089,21.4127
09/07/2024 07:31:05.998,21.8907,32.0621,1.48,8.916,56.342,21.4120
09/07/2024 07:32:05.997,21.8916,32.0626,1.48,8.916,56.255,21.4128
09/07/2024 07:33:05.003,21.8915,32.0625,1.48,8.916,56.250,21.4121
09/07/2024 07:34:05.002,21.8901,32.0636,1.48,8.916,56.326,21.4120
09/07/2024 07:35:05.001,21.8919,32.0613,1.49,8.916,56.249,21.4121
09/07/2024 07:36:05.000,21.8911,32.0632,1.48,8.916,56.304,21.4116
09/07/2024 07:37:05.000,21.8900,32.0640,1.48,8.915,56.349,21.4120
09/07/2024 07:38:05.999,21.8916,32.0631,1.48,8.915,56.155,21.4114
09/07/2024 07:39:05.998,21.8914,32.0636,1.48,8.915,56.202,21.4112
09/07/2024 07:40:05.997,21.8920,32.0642,1.47,8.915,56.212,21.4112
09/07/2024 07:41:05.003,21.8931,32.0629,1.48,8.915,56.253,21.4112
09/07/2024 07:42:05.002,21.8931,32.0632,1.48,8.915,56.310,21.4115
09/07/2024 07:43:05.001,21.8926,32.0642,1.48,8.915,56.306,21.4108
09/07/2024 07:44:05.000,21.8922,32.0644,1.48,8.915,56.404,21.4111
09/07/2024 07:45:05.999,21.8911,32.0633,1.48,8.915,56.225,21.4109
09/07/2024 07:46:05.998,21.8922,32.0635,1.47,8.915,56.223,21.4101
09/07/2024 07:47:05.997,21.8928,32.0636,1.47,8.914,56.488,21.4105
09/07/2024 07:48:05.003,21.8927,32.0639,1.47,8.914,56.309,21.4099
09/07/2024 07:49:05.002,21.8933,32.0646,1.48,8.914,56.269,21.4100
09/07/2024 07:50:05.001,21.8930,32.0648,1.48,8.914,56.194,21.4102
09/07/2024 07:51:05.000,21.8954,32.0638,1.48,8.914,56.314,21.4094
09/07/2024 07:52:05.000,21.8975,32.0633,1.48,8.914,56.375,21.4099
09/07/2024 07:53:05.999,21.8975,32.0640,1.48,8.914,56.256,21.4093
09/07/2024 07:54:05.998,21.8985,32.0638,1.48,8.914,56.162,21.4094
09/07/2024 07:55:05.997,21.8987,32.0632,1.47,8.914,56.256,21.4093
09/07/2024 07:56:05.003,21.8981,32.0645,1.48,8.914,56.228,21.4090
09/07/2024 07:57:05.002,21.9000,32.0646,1.47,8.914,56.182,21.4093
09/07/2024 07:58:05.001,21.9004,32.0636,1.48,8.914,56.305,21.4090
09/07/2024 07:59:05.000,21.9001,32.0647,1.48,8.914,56.203,21.4090
09/07/2024 08:00:05.999,21.8994,32.0649,1.48,8.914,56.161,21.4090
09/07/2024 08:01:05.998,21.9010,32.0642,1.48,8.914,56.224,21.4088
09/07/2024 08:02:05.997,21.9020,32.0642,1.48,8.914,56.289,21.4091
09/07/2024 08:03:05.003,21.9026,32.0640,1.48,8.914,56.290,21.4090
09/07/2024 08:04:05.002,21.9024,32.0641,1.47,8.914,56.283,21.4090
09/07/2024 08:05:05.001,21.9042,32.0635,1.47,8.913,56.268,21.4083
09/07/2024 08:06:05.000,21.9032,32.0652,1.48,8.913,56.220,21.4082
09/07/2024 08:07:05.000,21.9054,32.0647,1.48,8.913,56.345,21.4074
09/07/2024 08:08:05.999,21.9079,32.0627,1.48,8.913,56.299,21.4077
09/07/2024 08:09:05.998,21.9078,32.0644,1.48,8.913,56.333,21.4077
09/07/2024 08:10:05.997,21.9098,32.0644,1.48,8.913,56.270,21.4076
09/07/2024 08:11:05.003,21.9092,32.0649,1.48,8.913,56.226,21.4074
09/07/2024 08:12:05.002,21.9099,32.0642,1.48,8.913,56.424,21.4073
09/07/2024 08:13:05.001,21.9106,32.0631,1.48,8.913,56.274,21.4071
09/07/2024 08:14:05.000,21.9124,32.0642,1.48,8.913,56.272,21.4074
09/07/2024 08:15:05.999,21.9116,32.0639,1.48,8.913,56.169,21.4071
09/07/2024 08:16:05.998,21.9118,32.0643,1.48,8.913,56.071,21.4073
09/07/2024 08:17:05.997,21.9118,32.0642,1.48,8.913,56.304,21.4073
09/07/2024 08:18:05.003,21.9118,32.0648,1.48,8.913,56.386,21.4076
09/07/2024 08:19:05.002,21.9113,32.0641,1.48,8.913,56.215,21.4068
09/07/2024 08:20:05.001,21.9124,32.0644,1.48,8.913,56.226,21.4069
09/07/2024 08:21:05.000,21.9123,32.0661,1.48,8.913,56.243,21.4060
09/07/2024 08:22:05.000,21.9124,32.0652,1.48,8.913,56.177,21.4071
09/07/2024 08:23:05.999,21.9126,32.0637,1.48,8.913,56.252,21.4070
09/07/2024 08:24:05.998,21.9119,32.0642,1.48,8.913,56.327,21.4070
09/07/2024 08:25:05.997,21.9107,32.0639,1.48,8.913,56.225,21.4069
09/07/2024 08:26:05.003,21.9083,32.0647,1.48,8.913,56.198,21.4067
09/07/2024 08:27:05.002,21.9062,32.0645,1.48,8.913,56.222,21.4068
09/07/2024 08:28:05.001,21.9066,32.0643,1.48,8.913,56.232,21.4070
09/07/2024 08:29:05.000,21.9056,32.0642,1.48,8.913,56.110,21.4069
09/07/2024 08:30:05.999,21.9047,32.0650,1.48,8.912,56.104,21.4070
09/07/2024 08:31:05.998,21.9051,32.0651,1.48,8.912,56.153,21.4064
09/07/2024 08:32:05.997,21.9049,32.0645,1.48,8.912,56.232,21.4063
09/07/2024 08:33:05.003,21.9046,32.0627,1.48,8.912,56.170,21.4064
09/07/2024 08:34:05.002,21.9013,32.0650,1.48,8.912,56.110,21.4062
09/07/2024 08:35:05.001,21.8998,32.0649,1.49,8.912,56.251,21.4063
09/07/2024 08:36:05.000,21.9009,32.0650,1.48,8.912,56.184,21.4066
09/07/2024 08:37:05.000,21.9004,32.0656,1.48,8.912,56.094,21.4065
09/07/2024 08:38:05.999,21.8996,32.0658,1.48,8.912,56.295,21.4062
09/07/2024 08:39:05.998,21.9005,32.0666,1.48,8.912,56.227,21.4061
09/07/2024 08:40:05.997,21.8997,32.0647,1.48,8.912,56.228,21.4059
09/07/2024 08:41:05.003,21.8998,32.0654,1.48,8.912,56.068,21.4062
09/07/2024 08:42:05.002,21.8978,32.0652,1.48,8.912,56.172,21.4055
09/07/2024 08:43:05.001,21.8983,32.0654,1.48,8.912,56.229,21.4059
09/07/2024 08:44:05.000,21.8979,32.0665,1.48,8.912,56.212,21.4058
09/07/2024 08:45:05.999,21.8998,32.0650,1.48,8.913,56.209,21.4055
09/07/2024 08:46:05.998,21.8984,32.0654,1.48,8.913,56.222,21.4052
09/07/2024 08:47:05.997,21.8974,32.0658,1.48,8.913,56.167,21.4053
09/07/2024 08:48:05.003,21.8968,32.0657,1.48,8.912,56.299,21.4050
09/07/2024 08:49:05.002,21.8978,32.0650,1.48,8.912,56.256,21.4054
09/07/2024 08:50:05.001,21.8967,32.0672,1.48,8.912,56.236,21.4051
09/07/2024 08:51:05.000,21.8986,32.0663,1.48,8.913,56.358,21.4054
09/07/2024 08:52:05.000,21.8989,32.0659,1.48,8.913,56.331,21.4054
09/07/2024 08:53:05.999,21.8959,32.0669,1.49,8.913,56.199,21.4051
09/07/2024 08:54:05.998,21.8966,32.0668,1.48,8.913,56.271,21.4048
09/07/2024 08:55:05.997,21.8967,32.0663,1.48,8.913,56.349,21.4045
09/07/2024 08:56:05.003,21.8973,32.0650,1.48,8.913,56.247,21.4044
09/07/2024 08:57:05.002,21.8973,32.0658,1.48,8.913,56.170,21.4048
09/07/2024 08:58:05.001,21.8970,32.0663,1.48,8.913,56.218,21.4045
09/07/2024 08:59:05.000,21.8964,32.0664,1.48,8.913,56.157,21.4043
09/07/2024 09:00:05.999,21.8960,32.0655,1.48,8.913,56.189,21.4044
09/07/2024 09:01:05.998,21.8938,32.0681,1.48,8.913,56.186,21.4041
09/07/2024 09:02:05.997,21.8955,32.0653,1.48,8.913,56.298,21.4040
09/07/2024 09:03:05.003,21.8929,32.0654,1.48,8.913,56.217,21.4038
09/07/2024 09:04:05.002,21.8915,32.0668,1.48,8.914,56.272,21.4019
09/07/2024 09:05:05.001,21.8924,32.0674,1.48,8.914,56.370,21.4030
09/07/2024 09:06:05.000,21.8913,32.0667,1.48,8.914,56.299,21.4036
09/07/2024 09:07:05.000,21.8923,32.0664,1.48,8.914,56.249,21.4023
09/07/2024 09:08:05.999,21.8922,32.0661,1.48,8.914,56.257,21.4029
09/07/2024 09:09:05.998,21.8953,32.0674,1.48,8.914,56.269,21.4014
09/07/2024 09:10:05.997,21.8975,32.0675,1.48,8.914,56.239,21.4016
09/07/2024 09:11:05.003,21.8996,32.0665,1.48,8.914,56.262,21.4015
09/07/2024 09:12:05.002,21.9016,32.0682,1.48,8.914,56.292,21.4019
09/07/2024 09:13:05.001,21.9039,32.0671,1.49,8.914,56.160,21.4018
09/07/2024 09:14:05.000,21.9068,32.0668,1.49,8.915,56.178,21.4016
09/07/2024 09:15:05.999,21.9086,32.0675,1.48,8.915,56.285,21.4015
09/07/2024 09:16:05.998,21.9101,32.0668,1.48,8.915,56.231,21.4018
09/07/2024 09:17:05.997,21.9088,32.0683,1.48,8.915,56.209,21.4017
09/07/2024 09:18:05.003,21.9110,32.0678,1.48,8.915,56.176,21.4014
09/07/2024 09:19:05.002,21.9107,32.0673,1.48,8.915,56.188,21.4018
09/07/2024 09:20:05.001,21.9118,32.0649,1.49,8.915,56.234,21.4015
09/07/2024 09:21:05.000,21.9105,32.0662,1.49,8.915,56.097,21.4017
09/07/2024 09:22:05.000,21.9100,32.0666,1.49,8.915,56.234,21.4017
09/07/2024 09:23:05.999,21.9100,32.0678,1.48,8.915,56.266,21.4011
09/07/2024 09:24:05.998,21.9098,32.0669,1.49,8.915,56.220,21.4018
09/07/2024 09:25:05.997,21.9080,32.0683,1.49,8.915,56.228,21.4013
09/07/2024 09:26:05.003,21.9085,32.0668,1.49,8.915,56.379,21.4013
09/07/2024 09:27:05.002,21.9079,32.0673,1.48,8.915,56.149,21.4013
09/07/2024 09:28:05.001,21.9072,32.0656,1.49,8.915,56.175,21.4014
09/07/2024 09:29:05.000,21.9072,32.0665,1.49,8.915,56.133,21.4008
09/07/2024 09:30:05.999,21.9066,32.0667,1.48,8.915,56.165,21.4011
09/07/2024 09:31:05.998,21.9052,32.0661,1.48,8.915,56.233,21.4007
09/07/2024 09:32:05.997,21.9044,32.0673,1.48,8.915,56.318,21.4010
09/07/2024 09:33:05.003,21.9043,32.0676,1.48,8.915,56.221,21.4012
09/07/2024 09:34:05.002,21.9053,32.0673,1.48,8.915,56.283,21.4005
09/07/2024 09:35:05.001,21.9031,32.0679,1.48,8.915,56.203,21.3997
09/07/2024 09:36:05.000,21.9024,32.0682,1.48,8.915,56.225,21.4002
09/07/2024 09:37:05.000,21.9016,32.0680,1.48,8.915,56.235,21.4005
09/07/2024 09:38:05.999,21.9019,32.0680,1.48,8.915,56.182,21.4005
09/07/2024 09:39:05.998,21.9011,32.0676,1.48,8.915,56.338,21.4003
09/07/2024 09:40:05.997,21.9002,32.0685,1.48,8.914,56.196,21.4002
09/07/2024 09:41:05.003,21.9002,32.0683,1.48,8.914,56.186,21.4007
09/07/2024 09:42:05.002,21.9013,32.0675,1.48,8.914,56.321,21.4004
09/07/2024 09:43:05.001,21.9018,32.0682,1.48,8.914,56.309,21.4001
09/07/2024 09:44:05.000,21.9014,32.0688,1.48,8.913,56.270,21.4001
09/07/2024 09:45:05.999,21.9017,32.0699,1.48,8.913,56.217,21.4003
09/07/2024 09:46:05.998,21.9026,32.0683,1.48,8.913,56.343,21.4003
09/07/2024 09:47:05.997,21.9016,32.0681,1.48,8.913,56.253,21.3998
09/07/2024 09:48:05.003,21.9009,32.0685,1.48,8.912,56.208,21.3994
09/07/2024 09:49:05.002,21.8997,32.0688,1.48,8.912,56.234,21.3996
09/07/2024 09:50:05.001,21.8995,32.0695,1.48,8.912,56.274,21.3996
09/07/2024 09:51:05.000,21.8997,32.0678,1.48,8.912,56.236,21.3991
09/07/2024 09:52:05.000,21.8978,32.0688,1.48,8.911,56.287,21.3992
09/07/2024 09:53:05.999,21.8967,32.0689,1.48,8.911,56.318,21.3997
09/07/2024 09:54:05.998,21.8979,32.0691,1.48,8.910,56.152,21.3993
09/07/2024 09:55:05.997,21.8987,32.0694,1.48,8.910,56.261,21.3995
09/07/2024 09:56:05.003,21.8991,32.0691,1.48,8.910,56.300,21.3992
09/07/2024 09:57:05.002,21.8988,32.0679,1.48,8.910,56.300,21.3990
09/07/2024 09:58:05.001,21.8977,32.0681,1.48,8.909,56.232,21.3990
09/07/2024 09:59:05.000,21.8966,32.0679,1.48,8.909,56.373,21.3982
09/07/2024 10:00:05.999,21.8962,32.0701,1.48,8.909,56.264,21.3989
09/07/2024 10:01:05.998,21.8944,32.0695,1.48,8.909,56.129,21.3984
09/07/2024 10:02:05.997,21.8954,32.0690,1.48,8.908,56.296,21.3990
09/07/2024 10:03:05.003,21.8945,32.0700,1.49,8.908,56.126,21.3985
09/07/2024 10:04:05.002,21.8944,32.0707,1.48,8.908,56.185,21.3986
09/07/2024 10:05:05.001,21.8957,32.0692,1.48,8.907,56.180,21.3978
09/07/2024 10:06:05.000,21.8942,32.0690,1.49,8.907,56.269,21.3984
09/07/2024 10:07:05.000,21.8927,32.0710,1.49,8.907,56.173,21.3961
09/07/2024 10:08:05.999,21.8941,32.0692,1.49,8.907,56.279,21.3968
09/07/2024 10:09:05.998,21.8939,32.0693,1.49,8.907,56.198,21.3966
09/07/2024 10:10:05.997,21.8921,32.0695,1.49,8.906,56.270,21.3962
09/07/2024 10:11:05.003,21.8918,32.0691,1.49,8.906,56.160,21.3963
09/07/2024 10:12:05.002,21.8894,32.0703,1.49,8.906,56.206,21.3972
09/07/2024 10:13:05.001,21.8906,32.0696,1.49,8.906,56.280,21.3957
09/07/2024 10:14:05.000,21.8900,32.0705,1.49,8.906,56.165,21.3945
09/07/2024 10:15:05.999,21.8914,32.0704,1.49,8.905,56.207,21.3956
09/07/2024 10:16:05.998,21.8913,32.0717,1.49,8.905,56.224,21.3955
09/07/2024 10:17:05.997,21.8925,32.0712,1.49,8.905,56.115,21.3948
09/07/2024 10:18:05.003,21.8947,32.0720,1.49,8.905,56.213,21.3955
09/07/2024 10:19:05.002,21.8979,32.0707,1.49,8.905,56.113,21.3953
09/07/2024 10:20:05.001,21.9002,32.0716,1.48,8.905,56.084,21.3952
09/07/2024 10:21:05.000,21.9015,32.0713,1.49,8.904,56.098,21.3942
09/07/2024 10:22:05.000,21.9035,32.0708,1.49,8.904,56.214,21.3938
09/07/2024 10:23:05.999,21.9062,32.0707,1.49,8.904,56.343,21.3954
09/07/2024 10:24:05.998,21.9080,32.0708,1.49,8.904,56.123,21.3947
09/07/2024 10:25:05.997,21.9105,32.0696,1.49,8.904,56.353,21.3953
09/07/2024 10:26:05.003,21.9112,32.0702,1.49,8.904,56.127,21.3956
09/07/2024 10:27:05.002,21.9122,32.0710,1.49,8.904,56.115,21.3952
09/07/2024 10:28:05.001,21.9114,32.0702,1.49,8.904,56.136,21.3955
09/07/2024 10:29:05.000,21.9127,32.0703,1.49,8.904,56.095,21.3955
09/07/2024 10:30:05.999,21.9135,32.0694,1.49,8.903,56.185,21.3953
09/07/2024 10:31:05.998,21.9128,32.0726,1.49,8.903,56.209,21.3946
09/07/2024 10:32:05.997,21.9148,32.0718,1.49,8.903,56.091,21.3942
09/07/2024 10:33:05.003,21.9144,32.0701,1.49,8.903,56.075,21.3953
09/07/2024 10:34:05.002,21.9138,32.0712,1.49,8.903,56.248,21.3947
09/07/2024 10:35:05.001,21.9138,32.0722,1.50,8.903,56.113,21.3952
09/07/2024 10:36:05.000,21.9144,32.0707,1.49,8.903,56.084,21.3969
09/07/2024 10:37:05.000,21.9135,32.0701,1.49,8.903,56.217,21.3983
09/07/2024 10:38:05.999,21.9122,32.0705,1.49,8.903,56.112,21.3965
09/07/2024 10:39:05.998,21.9115,32.0688,1.49,8.903,56.123,21.3966
09/07/2024 10:40:05.997,21.9091,32.0716,1.49,8.903,56.153,21.3956
09/07/2024 10:41:05.003,21.9087,32.0717,1.49,8.903,56.361,21.3954
09/07/2024 10:42:05.002,21.9093,32.0710,1.49,8.903,56.195,21.3951
