Cruise namePNNL Tank
cast nameCast 176
cruise start date15/08/2023
cruise end date15/08/2023
11/07/2024 14:59:00.000,21.8527,32.2178,1.84,8.558,56.227,21.3285
11/07/2024 15:00:00.000,21.8515,32.2181,1.72,8.592,56.099,21.3290
11/07/2024 15:01:00.000,21.8489,32.2204,1.66,8.608,56.054,21.3298
11/07/2024 15:02:00.000,21.8500,32.2195,1.61,8.618,56.036,21.3291
11/07/2024 15:03:00.000,21.8491,32.2190,1.59,8.624,56.108,21.3306
11/07/2024 15:04:00.000,21.8496,32.2212,1.57,8.629,55.999,21.3307
11/07/2024 15:05:00.000,21.8508,32.2194,1.54,8.633,55.989,21.3311
11/07/2024 15:06:00.000,21.8538,32.2206,1.53,8.636,55.938,21.3323
11/07/2024 15:07:00.000,21.8548,32.2194,1.52,8.638,55.879,21.3318
11/07/2024 15:08:00.000,21.8526,32.2170,1.51,8.640,55.952,21.3304
11/07/2024 15:09:00.000,21.8509,32.2206,1.51,8.642,55.957,21.3318
11/07/2024 15:10:00.000,21.8538,32.2189,1.50,8.643,55.833,21.3312
11/07/2024 15:11:00.000,21.8545,32.2201,1.49,8.645,55.977,21.3334
11/07/2024 15:12:00.000,21.8552,32.2175,1.49,8.646,56.086,21.3336
11/07/2024 15:13:00.000,21.8548,32.2207,1.49,8.647,56.051,21.3336
11/07/2024 15:14:00.000,21.8542,32.2189,1.49,8.648,56.071,21.3328
11/07/2024 15:15:00.000,21.8586,32.2214,1.49,8.649,56.081,21.3348
11/07/2024 15:16:00.000,21.8595,32.2194,1.48,8.650,55.928,21.3345
11/07/2024 15:17:00.000,21.8570,32.2168,1.48,8.651,55.985,21.3346
11/07/2024 15:18:00.000,21.8527,32.2186,1.48,8.651,56.082,21.3350
11/07/2024 15:19:00.000,21.8536,32.2210,1.47,8.652,56.151,21.3345
11/07/2024 15:20:00.000,21.8516,32.2177,1.48,8.653,56.126,21.3352
11/07/2024 15:21:00.000,21.8533,32.2213,1.47,8.653,56.088,21.3358
11/07/2024 15:22:00.000,21.8553,32.2211,1.47,8.654,56.088,21.3356
11/07/2024 15:23:00.000,21.8570,32.2185,1.47,8.655,56.056,21.3359
11/07/2024 15:24:00.000,21.8572,32.2205,1.47,8.656,55.894,21.3364
11/07/2024 15:25:00.000,21.8572,32.2184,1.47,8.657,56.058,21.3366
11/07/2024 15:26:00.000,21.8547,32.2186,1.47,8.657,55.852,21.3368
11/07/2024 15:27:00.000,21.8542,32.2179,1.46,8.658,55.987,21.3370
11/07/2024 15:28:00.000,21.8516,32.2192,1.46,8.659,56.031,21.3363
11/07/2024 15:29:00.000,21.8537,32.2191,1.46,8.659,55.924,21.3369
11/07/2024 15:30:00.000,21.8510,32.2193,1.46,8.660,55.953,21.3375
11/07/2024 15:31:00.000,21.8523,32.2222,1.46,8.660,55.869,21.3383
11/07/2024 15:32:00.000,21.8564,32.2200,1.47,8.661,55.904,21.3379
11/07/2024 15:33:00.000,21.8577,32.2186,1.46,8.661,55.881,21.3377
11/07/2024 15:34:00.000,21.8548,32.2206,1.46,8.662,55.882,21.3377
11/07/2024 15:35:00.000,21.8604,32.2231,1.46,8.662,55.946,21.3383
11/07/2024 15:36:00.000,21.8636,32.2195,1.46,8.663,55.899,21.3387
11/07/2024 15:37:00.000,21.8627,32.2214,1.47,8.663,55.908,21.3374
11/07/2024 15:38:00.000,21.8639,32.2202,1.46,8.664,56.051,21.3393
11/07/2024 15:39:00.000,21.8632,32.2208,1.46,8.664,56.064,21.3391
11/07/2024 15:40:00.000,21.8661,32.2212,1.47,8.665,55.965,21.3401
11/07/2024 15:41:00.000,21.8653,32.2177,1.47,8.665,55.823,21.3404
11/07/2024 15:42:00.000,21.8634,32.2210,1.48,8.666,55.913,21.3408
11/07/2024 15:43:00.000,21.8634,32.2198,1.47,8.667,55.907,21.3413
11/07/2024 15:44:00.000,21.8651,32.2212,1.47,8.667,56.015,21.3415
11/07/2024 15:45:00.000,21.8664,32.2215,1.46,8.667,55.987,21.3412
11/07/2024 15:46:00.000,21.8693,32.2235,1.47,8.668,55.897,21.3419
11/07/2024 15:47:00.000,21.8724,32.2192,1.46,8.668,55.951,21.3417
11/07/2024 15:48:00.000,21.8705,32.2190,1.46,8.669,55.854,21.3420
11/07/2024 15:49:00.000,21.8711,32.2204,1.47,8.669,55.951,21.3433
11/07/2024 15:50:00.000,21.8705,32.2221,1.47,8.670,55.806,21.3422
11/07/2024 15:51:00.000,21.8724,32.2221,1.46,8.670,55.943,21.3435
11/07/2024 15:52:00.000,21.8772,32.2234,1.46,8.670,55.941,21.3425
11/07/2024 15:53:00.000,21.8828,32.2217,1.46,8.671,55.853,21.3434
11/07/2024 15:54:00.000,21.8873,32.2235,1.46,8.671,55.802,21.3434
11/07/2024 15:55:00.000,21.8928,32.2197,1.46,8.672,55.923,21.3422
11/07/2024 15:56:00.000,21.8887,32.2195,1.46,8.672,55.978,21.3449
11/07/2024 15:57:00.000,21.8866,32.2198,1.46,8.673,56.020,21.3441
11/07/2024 15:58:00.000,21.8866,32.2222,1.46,8.673,55.984,21.3445
11/07/2024 15:59:00.000,21.8851,32.2185,1.46,8.673,55.998,21.3450
11/07/2024 16:00:00.000,21.8851,32.2220,1.46,8.674,55.913,21.3454
11/07/2024 16:01:00.000,21.8858,32.2210,1.47,8.674,55.974,21.3455
11/07/2024 16:02:00.000,21.8891,32.2237,1.46,8.674,55.965,21.3464
11/07/2024 16:03:00.000,21.8926,32.2185,1.46,8.675,56.028,21.3464
11/07/2024 16:04:00.000,21.8885,32.2202,1.46,8.675,55.962,21.3458
11/07/2024 16:05:00.000,21.8893,32.2243,1.46,8.675,55.768,21.3457
11/07/2024 16:06:00.000,21.8923,32.2197,1.46,8.675,55.958,21.3473
11/07/2024 16:07:00.000,21.8923,32.2210,1.46,8.675,55.979,21.3479
11/07/2024 16:08:00.000,21.8922,32.2197,1.47,8.675,55.974,21.3479
11/07/2024 16:09:00.000,21.8872,32.2175,1.46,8.675,55.969,21.3478
11/07/2024 16:10:00.000,21.8850,32.2236,1.46,8.675,55.936,21.3482
11/07/2024 16:11:00.000,21.8902,32.2186,1.46,8.675,55.943,21.3494
11/07/2024 16:12:00.000,21.8875,32.2229,1.46,8.675,55.950,21.3494
11/07/2024 16:13:00.000,21.8878,32.2194,1.45,8.675,55.930,21.3500
11/07/2024 16:14:00.000,21.8867,32.2208,1.46,8.675,55.979,21.3500
11/07/2024 16:15:00.000,21.8828,32.2202,1.46,8.676,55.980,21.3503
11/07/2024 16:16:00.000,21.8829,32.2187,1.46,8.676,55.995,21.3501
11/07/2024 16:17:00.000,21.8812,32.2243,1.46,8.676,55.860,21.3517
11/07/2024 16:18:00.000,21.8850,32.2234,1.46,8.676,55.955,21.3523
11/07/2024 16:19:00.000,21.8874,32.2207,1.45,8.676,55.946,21.3520
11/07/2024 16:20:00.000,21.8869,32.2232,1.46,8.676,55.997,21.3523
11/07/2024 16:21:00.000,21.8903,32.2194,1.46,8.676,55.953,21.3528
11/07/2024 16:22:00.000,21.8834,32.2192,1.46,8.676,55.965,21.3532
11/07/2024 16:23:00.000,21.8793,32.2194,1.46,8.676,55.965,21.3532
11/07/2024 16:24:00.000,21.8769,32.2195,1.46,8.676,55.982,21.3535
11/07/2024 16:25:00.000,21.8759,32.2219,1.47,8.677,56.063,21.3534
11/07/2024 16:26:00.000,21.8771,32.2220,1.46,8.677,56.051,21.3541
11/07/2024 16:27:00.000,21.8787,32.2208,1.46,8.676,56.003,21.3544
11/07/2024 16:28:00.000,21.8791,32.2203,1.46,8.676,55.954,21.3547
11/07/2024 16:29:00.000,21.8764,32.2217,1.46,8.676,56.080,21.3548
11/07/2024 16:30:00.000,21.8762,32.2217,1.46,8.677,56.077,21.3547
11/07/2024 16:31:00.000,21.8749,32.2212,1.47,8.677,56.220,21.3554
11/07/2024 16:32:00.000,21.8775,32.2230,1.47,8.677,56.049,21.3559
11/07/2024 16:33:00.000,21.8782,32.2212,1.46,8.677,55.995,21.3559
11/07/2024 16:34:00.000,21.8772,32.2236,1.46,8.677,56.017,21.3560
11/07/2024 16:35:00.000,21.8784,32.2228,1.47,8.677,56.055,21.3559
11/07/2024 16:36:00.000,21.8753,32.2190,1.46,8.677,56.161,21.3565
11/07/2024 16:37:00.000,21.8722,32.2212,1.46,8.677,56.091,21.3567
11/07/2024 16:38:00.000,21.8681,32.2213,1.47,8.677,56.118,21.3566
11/07/2024 16:39:00.000,21.8719,32.2237,1.47,8.677,56.232,21.3572
11/07/2024 16:40:00.000,21.8729,32.2258,1.47,8.677,56.066,21.3573
11/07/2024 16:41:00.000,21.8774,32.2216,1.47,8.677,56.179,21.3575
11/07/2024 16:42:00.000,21.8764,32.2248,1.46,8.678,56.103,21.3565
11/07/2024 16:43:00.000,21.8822,32.2241,1.46,8.678,56.151,21.3582
11/07/2024 16:44:00.000,21.8824,32.2226,1.46,8.678,56.120,21.3588
11/07/2024 16:45:00.000,21.8859,32.2251,1.47,8.678,56.092,21.3584
11/07/2024 16:46:00.000,21.8900,32.2254,1.46,8.678,56.109,21.3596
11/07/2024 16:47:00.000,21.8938,32.2218,1.46,8.678,56.048,21.3602
11/07/2024 16:48:00.000,21.8923,32.2240,1.46,8.678,56.265,21.3600
11/07/2024 16:49:00.000,21.8941,32.2221,1.46,8.678,56.134,21.3600
11/07/2024 16:50:00.000,21.8917,32.2227,1.46,8.678,56.187,21.3602
11/07/2024 16:51:00.000,21.8912,32.2225,1.46,8.679,56.160,21.3610
11/07/2024 16:52:00.000,21.8894,32.2225,1.46,8.678,56.294,21.3597
11/07/2024 16:53:00.000,21.8910,32.2218,1.45,8.678,56.252,21.3603
11/07/2024 16:54:00.000,21.8877,32.2229,1.45,8.678,56.279,21.3615
11/07/2024 16:55:00.000,21.8852,32.2216,1.46,8.679,56.305,21.3626
11/07/2024 16:56:00.000,21.8850,32.2224,1.45,8.679,56.194,21.3629
11/07/2024 16:57:00.000,21.8851,32.2234,1.45,8.679,56.139,21.3644
11/07/2024 16:58:00.000,21.8897,32.2252,1.46,8.679,56.127,21.3627
11/07/2024 16:59:00.000,21.8917,32.2231,1.46,8.679,56.026,21.3636
11/07/2024 17:00:00.000,21.8904,32.2239,1.46,8.679,56.131,21.3634
11/07/2024 17:01:00.000,21.8914,32.2231,1.45,8.679,56.140,21.3632
11/07/2024 17:02:00.000,21.8956,32.2262,1.46,8.679,56.124,21.3657
11/07/2024 17:03:00.000,21.8994,32.2253,1.45,8.679,56.160,21.3656
11/07/2024 17:04:00.000,21.8996,32.2228,1.46,8.679,56.250,21.3655
11/07/2024 17:05:00.000,21.8997,32.2240,1.45,8.680,56.114,21.3660
11/07/2024 17:06:00.000,21.9000,32.2237,1.45,8.680,56.046,21.3661
11/07/2024 17:07:00.000,21.9014,32.2256,1.46,8.680,56.104,21.3645
11/07/2024 17:08:00.000,21.9036,32.2202,1.45,8.680,56.163,21.3654
11/07/2024 17:09:00.000,21.8999,32.2254,1.45,8.680,56.143,21.3653
11/07/2024 17:10:00.000,21.9025,32.2223,1.45,8.680,56.076,21.3659
11/07/2024 17:11:00.000,21.9020,32.2234,1.45,8.680,56.051,21.3665
11/07/2024 17:12:00.000,21.9000,32.2225,1.45,8.680,56.052,21.3664
11/07/2024 17:13:00.000,21.8997,32.2261,1.45,8.681,56.070,21.3673
11/07/2024 17:14:00.000,21.9023,32.2238,1.45,8.681,56.048,21.3680
11/07/2024 17:15:00.000,21.9028,32.2234,1.46,8.681,56.092,21.3675
11/07/2024 17:16:00.000,21.9008,32.2215,1.45,8.681,55.969,21.3683
11/07/2024 17:17:00.000,21.9007,32.2254,1.46,8.681,56.051,21.3697
11/07/2024 17:18:00.000,21.9039,32.2248,1.45,8.681,56.066,21.3704
11/07/2024 17:19:00.000,21.9050,32.2224,1.45,8.681,56.089,21.3708
11/07/2024 17:20:00.000,21.9041,32.2260,1.45,8.681,56.096,21.3709
11/07/2024 17:21:00.000,21.9055,32.2259,1.46,8.681,56.100,21.3709
11/07/2024 17:22:00.000,21.9094,32.2233,1.45,8.681,56.162,21.3717
11/07/2024 17:23:00.000,21.9074,32.2246,1.45,8.682,56.015,21.3717
11/07/2024 17:24:00.000,21.9101,32.2267,1.45,8.681,56.116,21.3729
11/07/2024 17:25:00.000,21.9117,32.2224,1.46,8.681,56.113,21.3730
11/07/2024 17:26:00.000,21.9080,32.2223,1.46,8.682,56.013,21.3732
11/07/2024 17:27:00.000,21.9067,32.2251,1.46,8.682,56.023,21.3733
11/07/2024 17:28:00.000,21.9068,32.2222,1.46,8.682,56.112,21.3736
11/07/2024 17:29:00.000,21.9048,32.2240,1.46,8.682,56.003,21.3741
11/07/2024 17:30:00.000,21.9006,32.2226,1.45,8.682,56.008,21.3745
11/07/2024 17:31:00.000,21.9012,32.2233,1.46,8.682,56.041,21.3743
11/07/2024 17:32:00.000,21.8992,32.2256,1.46,8.681,56.036,21.3745
11/07/2024 17:33:00.000,21.9002,32.2232,1.45,8.681,56.137,21.3752
11/07/2024 17:34:00.000,21.8958,32.2236,1.46,8.681,56.061,21.3759
11/07/2024 17:35:00.000,21.8952,32.2259,1.46,8.681,56.170,21.3756
11/07/2024 17:36:00.000,21.9006,32.2251,1.46,8.681,56.132,21.3762
11/07/2024 17:37:00.000,21.8985,32.2229,1.46,8.681,56.073,21.3767
11/07/2024 17:38:00.000,21.8958,32.2232,1.46,8.681,56.081,21.3752
11/07/2024 17:39:00.000,21.8920,32.2251,1.46,8.681,56.056,21.3767
11/07/2024 17:40:00.000,21.8947,32.2258,1.45,8.681,56.050,21.3780
11/07/2024 17:41:00.000,21.8960,32.2259,1.46,8.681,56.187,21.3776
11/07/2024 17:42:00.000,21.8988,32.2293,1.46,8.681,56.186,21.3782
11/07/2024 17:43:00.000,21.9039,32.2252,1.45,8.681,56.094,21.3779
11/07/2024 17:44:00.000,21.9056,32.2262,1.45,8.681,56.114,21.3787
11/07/2024 17:45:00.000,21.9039,32.2242,1.46,8.681,56.092,21.3786
11/07/2024 17:46:00.000,21.9017,32.2249,1.45,8.681,56.182,21.3792
11/07/2024 17:47:00.000,21.9030,32.2271,1.46,8.681,56.159,21.3798
11/07/2024 17:48:00.000,21.9072,32.2255,1.45,8.681,55.986,21.3784
11/07/2024 17:49:00.000,21.9068,32.2254,1.45,8.681,56.203,21.3806
11/07/2024 17:50:00.000,21.9056,32.2231,1.45,8.681,56.107,21.3803
11/07/2024 17:51:00.000,21.9049,32.2269,1.45,8.681,56.178,21.3805
11/07/2024 17:52:00.000,21.9051,32.2268,1.44,8.681,56.206,21.3801
11/07/2024 17:53:00.000,21.9085,32.2265,1.44,8.681,56.328,21.3808
11/07/2024 17:54:00.000,21.9097,32.2270,1.45,8.681,56.187,21.3809
11/07/2024 17:55:00.000,21.9069,32.2282,1.45,8.681,56.046,21.3811
11/07/2024 17:56:00.000,21.9081,32.2248,1.44,8.681,56.156,21.3819
11/07/2024 17:57:00.000,21.9074,32.2286,1.44,8.681,56.082,21.3825
11/07/2024 17:58:00.000,21.9079,32.2258,1.45,8.682,56.090,21.3831
11/07/2024 17:59:00.000,21.9091,32.2263,1.45,8.682,56.285,21.3827
11/07/2024 18:00:00.000,21.9092,32.2229,1.45,8.682,56.239,21.3829
11/07/2024 18:01:00.000,21.9053,32.2262,1.45,8.682,56.277,21.3824
11/07/2024 18:02:00.000,21.9089,32.2276,1.45,8.682,56.200,21.3833
11/07/2024 18:03:00.000,21.9092,32.2250,1.45,8.682,56.311,21.3840
11/07/2024 18:04:00.000,21.9060,32.2281,1.44,8.682,56.214,21.3833
11/07/2024 18:05:00.000,21.9112,32.2271,1.44,8.682,56.237,21.3843
11/07/2024 18:06:00.000,21.9142,32.2275,1.44,8.682,56.202,21.3843
11/07/2024 18:07:00.000,21.9170,32.2281,1.44,8.681,56.185,21.3847
11/07/2024 18:08:00.000,21.9182,32.2267,1.44,8.681,56.219,21.3842
11/07/2024 18:09:00.000,21.9191,32.2271,1.44,8.681,56.227,21.3856
11/07/2024 18:10:00.000,21.9211,32.2254,1.44,8.681,56.355,21.3854
11/07/2024 18:11:00.000,21.9170,32.2252,1.44,8.681,56.122,21.3862
11/07/2024 18:12:00.000,21.9172,32.2265,1.44,8.681,56.291,21.3868
11/07/2024 18:13:00.000,21.9165,32.2257,1.44,8.681,56.189,21.3866
11/07/2024 18:14:00.000,21.9141,32.2237,1.44,8.681,56.288,21.3866
11/07/2024 18:15:00.000,21.9126,32.2267,1.44,8.681,56.169,21.3871
11/07/2024 18:16:00.000,21.9122,32.2272,1.44,8.680,56.183,21.3860
11/07/2024 18:17:00.000,21.9142,32.2248,1.45,8.680,56.125,21.3877
11/07/2024 18:18:00.000,21.9128,32.2285,1.45,8.680,56.208,21.3882
11/07/2024 18:19:00.000,21.9184,32.2279,1.45,8.680,56.197,21.3889
11/07/2024 18:20:00.000,21.9189,32.2273,1.45,8.680,56.110,21.3891
11/07/2024 18:21:00.000,21.9210,32.2284,1.45,8.680,56.246,21.3893
11/07/2024 18:22:00.000,21.9229,32.2265,1.44,8.679,56.304,21.3894
11/07/2024 18:23:00.000,21.9218,32.2300,1.44,8.679,56.112,21.3899
11/07/2024 18:24:00.000,21.9257,32.2275,1.44,8.679,56.149,21.3908
11/07/2024 18:25:00.000,21.9267,32.2284,1.45,8.679,56.239,21.3911
11/07/2024 18:26:00.000,21.9308,32.2320,1.45,8.679,56.284,21.3910
11/07/2024 18:27:00.000,21.9353,32.2263,1.44,8.679,56.267,21.3910
11/07/2024 18:28:00.000,21.9318,32.2257,1.44,8.679,56.190,21.3916
11/07/2024 18:29:00.000,21.9310,32.2270,1.44,8.679,56.149,21.3915
11/07/2024 18:30:00.000,21.9313,32.2292,1.45,8.679,56.198,21.3922
11/07/2024 18:31:00.000,21.9317,32.2266,1.45,8.678,56.264,21.3926
11/07/2024 18:32:00.000,21.9309,32.2276,1.45,8.678,56.233,21.3931
11/07/2024 18:33:00.000,21.9315,32.2272,1.45,8.678,56.224,21.3935
11/07/2024 18:34:00.000,21.9282,32.2266,1.45,8.678,56.238,21.3920
11/07/2024 18:35:00.000,21.9297,32.2283,1.44,8.678,56.080,21.3936
11/07/2024 18:36:00.000,21.9319,32.2284,1.45,8.678,56.244,21.3939
11/07/2024 18:37:00.000,21.9330,32.2253,1.45,8.678,56.132,21.3940
11/07/2024 18:38:00.000,21.9292,32.2277,1.45,8.678,56.291,21.3946
11/07/2024 18:39:00.000,21.9313,32.2272,1.45,8.678,56.237,21.3943
11/07/2024 18:40:00.000,21.9303,32.2272,1.44,8.678,56.398,21.3948
11/07/2024 18:41:00.000,21.9321,32.2279,1.44,8.678,56.317,21.3953
11/07/2024 18:42:00.000,21.9321,32.2267,1.44,8.677,56.256,21.3960
11/07/2024 18:43:00.000,21.9304,32.2281,1.44,8.677,56.247,21.3963
11/07/2024 18:44:00.000,21.9307,32.2276,1.44,8.677,56.254,21.3966
11/07/2024 18:45:00.000,21.9311,32.2282,1.44,8.677,56.311,21.3965
11/07/2024 18:46:00.000,21.9288,32.2252,1.44,8.677,56.237,21.3972
11/07/2024 18:47:00.000,21.9282,32.2269,1.44,8.677,56.108,21.3976
11/07/2024 18:48:00.000,21.9242,32.2269,1.44,8.676,55.929,21.3972
11/07/2024 18:49:00.000,21.9223,32.2271,1.44,8.676,56.109,21.3981
11/07/2024 18:50:00.000,21.9257,32.2303,1.44,8.676,56.118,21.3981
11/07/2024 18:51:00.000,21.9292,32.2271,1.44,8.676,56.147,21.3981
11/07/2024 18:52:00.000,21.9276,32.2289,1.44,8.676,56.129,21.3987
11/07/2024 18:53:00.000,21.9251,32.2267,1.44,8.676,56.157,21.3982
11/07/2024 18:54:00.000,21.9254,32.2284,1.44,8.676,56.148,21.3996
11/07/2024 18:55:00.000,21.9241,32.2274,1.44,8.675,56.158,21.3993
11/07/2024 18:56:00.000,21.9214,32.2283,1.44,8.675,56.222,21.4001
11/07/2024 18:57:00.000,21.9196,32.2279,1.44,8.675,56.352,21.3997
11/07/2024 18:58:00.000,21.9182,32.2291,1.43,8.675,56.181,21.4007
11/07/2024 18:59:00.001,21.9182,32.2303,1.44,8.675,56.109,21.3996
11/07/2024 19:00:00.000,21.9211,32.2303,1.44,8.674,56.121,21.4009
11/07/2024 19:01:00.001,21.9224,32.2309,1.44,8.674,56.200,21.4007
11/07/2024 19:02:00.000,21.9255,32.2318,1.44,8.674,56.148,21.4016
11/07/2024 19:03:00.001,21.9255,32.2270,1.44,8.674,56.120,21.4021
11/07/2024 19:04:00.000,21.9214,32.2288,1.44,8.673,56.206,21.4009
11/07/2024 19:05:00.000,21.9210,32.2270,1.44,8.673,56.266,21.4019
11/07/2024 19:06:00.000,21.9178,32.2291,1.44,8.673,56.179,21.4023
11/07/2024 19:07:00.000,21.9176,32.2268,1.44,8.673,56.191,21.4027
11/07/2024 19:08:00.999,21.9145,32.2284,1.44,8.673,56.133,21.4025
11/07/2024 19:09:00.000,21.9152,32.2289,1.44,8.673,56.140,21.4032
11/07/2024 19:10:00.999,21.9132,32.2290,1.44,8.673,56.173,21.4033
11/07/2024 19:11:00.000,21.9162,32.2318,1.44,8.673,56.142,21.4035
11/07/2024 19:12:00.999,21.9160,32.2284,1.44,8.673,56.096,21.4038
11/07/2024 19:13:00.000,21.9159,32.2294,1.44,8.672,56.083,21.4032
11/07/2024 19:14:00.001,21.9178,32.2324,1.44,8.672,56.269,21.4040
11/07/2024 19:15:00.000,21.9216,32.2311,1.44,8.672,56.266,21.4053
11/07/2024 19:16:00.001,21.9232,32.2321,1.44,8.672,56.350,21.4043
11/07/2024 19:17:00.000,21.9271,32.2313,1.44,8.672,56.171,21.4045
11/07/2024 19:18:00.001,21.9234,32.2282,1.44,8.672,56.226,21.4043
11/07/2024 19:19:00.000,21.9220,32.2320,1.44,8.672,56.170,21.4048
11/07/2024 19:20:00.000,21.9228,32.2303,1.44,8.672,56.250,21.4049
11/07/2024 19:21:00.000,21.9219,32.2298,1.44,8.672,56.328,21.4050
11/07/2024 19:22:00.000,21.9177,32.2293,1.44,8.672,56.316,21.4052
11/07/2024 19:23:00.999,21.9162,32.2304,1.44,8.672,56.261,21.4053
11/07/2024 19:24:00.000,21.9152,32.2294,1.44,8.672,56.172,21.4054
11/07/2024 19:25:00.999,21.9126,32.2304,1.44,8.671,56.147,21.4054
11/07/2024 19:26:00.000,21.9141,32.2300,1.44,8.671,56.208,21.4057
11/07/2024 19:27:00.999,21.9133,32.2318,1.44,8.671,56.158,21.4053
11/07/2024 19:28:00.000,21.9187,32.2334,1.44,8.671,56.240,21.4058
11/07/2024 19:29:00.001,21.9206,32.2308,1.44,8.671,56.206,21.4071
11/07/2024 19:30:00.000,21.9210,32.2315,1.44,8.671,56.244,21.4069
11/07/2024 19:31:00.001,21.9192,32.2295,1.44,8.671,56.194,21.4070
11/07/2024 19:32:00.000,21.9177,32.2295,1.45,8.671,56.229,21.4076
11/07/2024 19:33:00.001,21.9178,32.2338,1.44,8.671,56.327,21.4071
11/07/2024 19:34:00.000,21.9209,32.2313,1.44,8.671,56.240,21.4074
11/07/2024 19:35:00.000,21.9234,32.2315,1.44,8.671,56.363,21.4078
11/07/2024 19:36:00.000,21.9256,32.2310,1.44,8.671,56.239,21.4081
11/07/2024 19:37:00.000,21.9267,32.2339,1.44,8.670,56.215,21.4078
11/07/2024 19:38:00.999,21.9320,32.2326,1.45,8.670,56.235,21.4081
11/07/2024 19:39:00.000,21.9332,32.2317,1.44,8.670,56.198,21.4082
11/07/2024 19:40:00.999,21.9316,32.2308,1.44,8.670,56.270,21.4084
11/07/2024 19:41:00.000,21.9323,32.2327,1.44,8.670,56.279,21.4085
11/07/2024 19:42:00.999,21.9351,32.2308,1.44,8.670,56.243,21.4089
11/07/2024 19:43:00.000,21.9336,32.2307,1.45,8.669,56.227,21.4083
11/07/2024 19:44:00.001,21.9293,32.2310,1.44,8.669,56.128,21.4086
11/07/2024 19:45:00.000,21.9288,32.2321,1.44,8.669,56.027,21.4096
11/07/2024 19:46:00.001,21.9308,32.2324,1.45,8.669,56.145,21.4092
11/07/2024 19:47:00.000,21.9329,32.2323,1.44,8.669,56.140,21.4097
11/07/2024 19:48:00.001,21.9321,32.2322,1.44,8.668,56.240,21.4101
11/07/2024 19:49:00.000,21.9312,32.2316,1.45,8.668,56.187,21.4105
11/07/2024 19:50:00.000,21.9304,32.2320,1.45,8.668,56.115,21.4108
11/07/2024 19:51:00.000,21.9314,32.2328,1.45,8.667,56.066,21.4107
11/07/2024 19:52:00.000,21.9307,32.2314,1.44,8.667,56.032,21.4104
11/07/2024 19:53:00.999,21.9309,32.2329,1.45,8.667,56.006,21.4109
11/07/2024 19:54:00.000,21.9337,32.2299,1.44,8.666,56.078,21.4114
11/07/2024 19:55:00.999,21.9311,32.2312,1.45,8.666,56.151,21.4112
11/07/2024 19:56:00.000,21.9306,32.2325,1.45,8.666,56.263,21.4112
11/07/2024 19:57:00.999,21.9313,32.2327,1.45,8.666,56.269,21.4124
11/07/2024 19:58:00.000,21.9329,32.2351,1.45,8.666,56.177,21.4128
11/07/2024 19:59:00.001,21.9357,32.2318,1.44,8.666,56.160,21.4130
11/07/2024 20:00:00.000,21.9377,32.2358,1.45,8.665,56.191,21.4131
11/07/2024 20:01:00.001,21.9371,32.2280,1.44,8.665,56.269,21.4127
11/07/2024 20:02:00.000,21.9323,32.2350,1.45,8.665,56.157,21.4137
11/07/2024 20:03:00.001,21.9347,32.2312,1.45,8.665,56.231,21.4138
11/07/2024 20:04:00.000,21.9344,32.2327,1.44,8.665,56.207,21.4141
11/07/2024 20:05:00.000,21.9315,32.2309,1.44,8.665,56.177,21.4135
11/07/2024 20:06:00.000,21.9320,32.2336,1.44,8.665,56.307,21.4143
11/07/2024 20:07:00.000,21.9347,32.2331,1.44,8.665,56.194,21.4129
11/07/2024 20:08:00.999,21.9350,32.2333,1.44,8.665,56.310,21.4138
11/07/2024 20:09:00.000,21.9341,32.2306,1.45,8.665,56.106,21.4137
11/07/2024 20:10:00.999,21.9305,32.2302,1.44,8.664,56.218,21.4145
11/07/2024 20:11:00.000,21.9280,32.2340,1.44,8.664,56.196,21.4145
11/07/2024 20:12:00.999,21.9291,32.2327,1.44,8.664,56.171,21.4141
11/07/2024 20:13:00.000,21.9315,32.2343,1.44,8.664,56.292,21.4152
11/07/2024 20:14:00.001,21.9325,32.2344,1.44,8.664,55.996,21.4155
11/07/2024 20:15:00.000,21.9340,32.2323,1.44,8.664,56.173,21.4145
11/07/2024 20:16:00.001,21.9344,32.2328,1.45,8.664,56.074,21.4150
11/07/2024 20:17:00.000,21.9362,32.2359,1.44,8.664,56.178,21.4163
11/07/2024 20:18:00.001,21.9391,32.2328,1.44,8.664,56.117,21.4168
11/07/2024 20:19:00.000,21.9377,32.2331,1.44,8.664,56.118,21.4168
11/07/2024 20:20:00.000,21.9392,32.2330,1.44,8.664,56.076,21.4164
11/07/2024 20:21:00.000,21.9416,32.2342,1.44,8.664,56.176,21.4169
11/07/2024 20:22:00.000,21.9414,32.2330,1.44,8.664,56.101,21.4173
11/07/2024 20:23:00.999,21.9425,32.2367,1.45,8.663,56.217,21.4175
11/07/2024 20:24:00.000,21.9469,32.2329,1.44,8.663,56.243,21.4176
11/07/2024 20:25:00.999,21.9429,32.2326,1.45,8.663,56.310,21.4178
11/07/2024 20:26:00.000,21.9408,32.2301,1.44,8.663,56.239,21.4181
11/07/2024 20:27:00.999,21.9383,32.2326,1.45,8.663,56.281,21.4182
11/07/2024 20:28:00.000,21.9363,32.2332,1.44,8.663,56.262,21.4184
11/07/2024 20:29:00.001,21.9359,32.2318,1.45,8.663,56.290,21.4186
11/07/2024 20:30:00.000,21.9339,32.2373,1.44,8.663,56.234,21.4185
11/07/2024 20:31:00.001,21.9408,32.2362,1.45,8.663,56.137,21.4194
11/07/2024 20:32:00.000,21.9402,32.2335,1.44,8.663,56.301,21.4192
11/07/2024 20:33:00.001,21.9397,32.2357,1.44,8.663,56.201,21.4194
11/07/2024 20:34:00.000,21.9404,32.2323,1.44,8.663,56.078,21.4198
11/07/2024 20:35:00.000,21.9404,32.2355,1.44,8.663,56.125,21.4199
11/07/2024 20:36:00.000,21.9417,32.2325,1.44,8.663,56.215,21.4198
11/07/2024 20:37:00.000,21.9393,32.2337,1.44,8.663,56.248,21.4203
11/07/2024 20:38:00.999,21.9388,32.2334,1.44,8.663,56.170,21.4205
11/07/2024 20:39:00.000,21.9370,32.2334,1.44,8.663,56.077,21.4200
11/07/2024 20:40:00.999,21.9353,32.2334,1.44,8.663,56.132,21.4212
11/07/2024 20:41:00.000,21.9347,32.2332,1.44,8.663,56.223,21.4211
11/07/2024 20:42:00.999,21.9339,32.2367,1.44,8.663,56.095,21.4208
11/07/2024 20:43:00.000,21.9365,32.2354,1.44,8.663,56.241,21.4211
11/07/2024 20:44:00.001,21.9382,32.2353,1.44,8.663,56.065,21.4209
11/07/2024 20:45:00.000,21.9361,32.2338,1.44,8.663,56.146,21.4203
11/07/2024 20:46:00.001,21.9351,32.2349,1.44,8.663,56.179,21.4223
11/07/2024 20:47:00.000,21.9385,32.2382,1.44,8.663,56.110,21.4219
11/07/2024 20:48:00.001,21.9401,32.2339,1.45,8.663,56.160,21.4217
11/07/2024 20:49:00.000,21.9384,32.2315,1.44,8.663,56.221,21.4219
11/07/2024 20:50:00.000,21.9332,32.2355,1.44,8.663,56.117,21.4227
11/07/2024 20:51:00.000,21.9330,32.2374,1.44,8.662,56.135,21.4221
11/07/2024 20:52:00.000,21.9360,32.2370,1.45,8.662,56.100,21.4226
11/07/2024 20:53:00.999,21.9358,32.2337,1.44,8.662,55.954,21.4225
11/07/2024 20:54:00.000,21.9363,32.2355,1.44,8.662,56.195,21.4225
11/07/2024 20:55:00.999,21.9340,32.2344,1.44,8.662,56.148,21.4227
11/07/2024 20:56:00.000,21.9338,32.2362,1.44,8.661,56.099,21.4229
11/07/2024 20:57:00.999,21.9345,32.2337,1.44,8.661,56.170,21.4225
11/07/2024 20:58:00.000,21.9352,32.2359,1.44,8.661,56.228,21.4229
11/07/2024 20:59:00.001,21.9346,32.2347,1.44,8.661,56.252,21.4232
11/07/2024 21:00:00.000,21.9342,32.2355,1.44,8.661,56.152,21.4229
11/07/2024 21:01:00.001,21.9337,32.2352,1.44,8.661,56.198,21.4237
11/07/2024 21:02:00.000,21.9350,32.2361,1.44,8.661,56.208,21.4234
11/07/2024 21:03:00.001,21.9354,32.2345,1.44,8.661,56.119,21.4234
11/07/2024 21:04:00.000,21.9362,32.2356,1.44,8.661,56.174,21.4231
11/07/2024 21:05:00.000,21.9358,32.2365,1.43,8.661,56.130,21.4221
11/07/2024 21:06:00.000,21.9330,32.2323,1.44,8.660,56.244,21.4230
11/07/2024 21:07:00.000,21.9333,32.2369,1.44,8.660,56.189,21.4230
11/07/2024 21:08:00.999,21.9323,32.2344,1.44,8.660,56.218,21.4235
11/07/2024 21:09:00.000,21.9306,32.2347,1.44,8.660,56.171,21.4239
11/07/2024 21:10:00.999,21.9309,32.2376,1.44,8.660,56.246,21.4236
11/07/2024 21:11:00.000,21.9296,32.2336,1.44,8.660,56.234,21.4237
11/07/2024 21:12:00.999,21.9280,32.2360,1.43,8.660,56.303,21.4242
11/07/2024 21:13:00.000,21.9253,32.2360,1.44,8.659,56.189,21.4239
11/07/2024 21:14:00.001,21.9264,32.2344,1.43,8.659,56.216,21.4240
11/07/2024 21:15:00.000,21.9236,32.2348,1.44,8.659,56.232,21.4239
11/07/2024 21:16:00.001,21.9215,32.2360,1.43,8.659,56.228,21.4244
11/07/2024 21:17:00.000,21.9272,32.2380,1.43,8.659,56.267,21.4241
11/07/2024 21:18:00.001,21.9265,32.2341,1.43,8.659,56.195,21.4247
11/07/2024 21:19:00.000,21.9230,32.2372,1.44,8.659,56.132,21.4241
11/07/2024 21:20:00.000,21.9208,32.2371,1.44,8.659,56.244,21.4245
11/07/2024 21:21:00.000,21.9225,32.2381,1.44,8.659,56.129,21.4243
11/07/2024 21:22:00.000,21.9265,32.2373,1.43,8.659,56.153,21.4248
11/07/2024 21:23:00.999,21.9259,32.2364,1.44,8.659,56.191,21.4245
11/07/2024 21:24:00.000,21.9282,32.2387,1.44,8.659,56.266,21.4245
11/07/2024 21:25:00.999,21.9268,32.2352,1.43,8.659,56.230,21.4242
11/07/2024 21:26:00.000,21.9252,32.2375,1.43,8.659,56.166,21.4243
11/07/2024 21:27:00.999,21.9250,32.2357,1.44,8.659,56.136,21.4248
11/07/2024 21:28:00.000,21.9227,32.2363,1.43,8.659,56.236,21.4242
11/07/2024 21:29:00.001,21.9215,32.2376,1.44,8.659,56.295,21.4242
11/07/2024 21:30:00.000,21.9236,32.2387,1.44,8.659,56.355,21.4252
11/07/2024 21:31:00.001,21.9234,32.2350,1.44,8.659,56.324,21.4252
11/07/2024 21:32:00.000,21.9192,32.2381,1.44,8.659,56.276,21.4254
11/07/2024 21:33:00.001,21.9201,32.2375,1.44,8.658,56.264,21.4248
11/07/2024 21:34:00.000,21.9252,32.2401,1.44,8.659,56.306,21.4260
11/07/2024 21:35:00.000,21.9225,32.2341,1.43,8.659,56.172,21.4243
11/07/2024 21:36:00.000,21.9194,32.2375,1.44,8.659,56.365,21.4248
11/07/2024 21:37:00.000,21.9193,32.2378,1.43,8.658,56.305,21.4249
11/07/2024 21:38:00.999,21.9206,32.2400,1.43,8.658,56.317,21.4243
11/07/2024 21:39:00.000,21.9242,32.2360,1.43,8.658,56.294,21.4249
11/07/2024 21:40:00.999,21.9199,32.2359,1.43,8.658,56.313,21.4241
11/07/2024 21:41:00.000,21.9208,32.2410,1.43,8.657,56.270,21.4244
11/07/2024 21:42:00.999,21.9248,32.2390,1.44,8.657,56.329,21.4256
11/07/2024 21:43:00.000,21.9227,32.2387,1.44,8.657,56.293,21.4243
11/07/2024 21:44:00.001,21.9220,32.2374,1.44,8.657,56.271,21.4245
11/07/2024 21:45:00.000,21.9210,32.2357,1.44,8.656,56.223,21.4243
11/07/2024 21:46:00.001,21.9166,32.2385,1.43,8.656,56.322,21.4244
11/07/2024 21:47:00.000,21.9186,32.2392,1.43,8.656,56.296,21.4248
11/07/2024 21:48:00.001,21.9211,32.2386,1.44,8.655,56.294,21.4247
11/07/2024 21:49:00.000,21.9197,32.2395,1.44,8.655,56.341,21.4246
11/07/2024 21:50:00.000,21.9237,32.2413,1.44,8.654,56.384,21.4233
11/07/2024 21:51:00.000,21.9232,32.2363,1.43,8.654,56.248,21.4248
11/07/2024 21:52:00.000,21.9217,32.2398,1.44,8.654,56.373,21.4245
11/07/2024 21:53:00.999,21.9229,32.2363,1.43,8.654,56.305,21.4245
11/07/2024 21:54:00.000,21.9197,32.2380,1.43,8.654,56.341,21.4245
11/07/2024 21:55:00.999,21.9150,32.2373,1.43,8.653,56.165,21.4249
11/07/2024 21:56:00.000,21.9148,32.2374,1.44,8.653,56.354,21.4234
11/07/2024 21:57:00.999,21.9088,32.2354,1.42,8.653,56.276,21.4243
11/07/2024 21:58:00.000,21.9055,32.2387,1.43,8.652,56.338,21.4237
11/07/2024 21:59:00.001,21.9027,32.2383,1.42,8.652,56.312,21.4241
11/07/2024 22:00:00.000,21.9032,32.2396,1.42,8.651,56.260,21.4222
11/07/2024 22:01:00.001,21.9062,32.2416,1.43,8.651,56.457,21.4232
11/07/2024 22:02:00.000,21.9068,32.2415,1.43,8.651,56.366,21.4240
11/07/2024 22:03:00.001,21.9098,32.2395,1.43,8.651,56.289,21.4241
11/07/2024 22:04:00.000,21.9049,32.2378,1.43,8.650,56.436,21.4240
11/07/2024 22:05:00.000,21.9035,32.2382,1.43,8.650,56.323,21.4237
11/07/2024 22:06:00.000,21.9021,32.2411,1.42,8.650,56.393,21.4231
11/07/2024 22:07:00.000,21.9037,32.2392,1.43,8.649,56.289,21.4237
11/07/2024 22:08:00.999,21.9001,32.2387,1.43,8.649,56.388,21.4218
11/07/2024 22:09:00.000,21.8978,32.2387,1.42,8.648,56.279,21.4233
11/07/2024 22:10:00.999,21.8974,32.2421,1.43,8.648,56.261,21.4237
11/07/2024 22:11:00.000,21.8986,32.2420,1.43,8.647,56.284,21.4231
11/07/2024 22:12:00.999,21.9003,32.2398,1.43,8.647,56.240,21.4229
11/07/2024 22:13:00.000,21.8983,32.2414,1.43,8.647,56.317,21.4226
11/07/2024 22:14:00.001,21.9043,32.2423,1.43,8.647,56.179,21.4220
11/07/2024 22:15:00.000,21.9068,32.2415,1.44,8.646,56.245,21.4219
11/07/2024 22:16:00.001,21.9078,32.2396,1.43,8.646,56.289,21.4228
11/07/2024 22:17:00.000,21.9059,32.2385,1.43,8.646,56.234,21.4226
11/07/2024 22:18:00.001,21.9006,32.2366,1.43,8.646,56.327,21.4234
11/07/2024 22:19:00.000,21.8989,32.2406,1.43,8.645,56.097,21.4231
11/07/2024 22:20:00.000,21.8960,32.2387,1.43,8.645,56.222,21.4223
11/07/2024 22:21:00.000,21.8959,32.2427,1.43,8.645,56.191,21.4221
11/07/2024 22:22:00.000,21.8984,32.2415,1.43,8.645,56.122,21.4220
11/07/2024 22:23:00.999,21.8990,32.2409,1.43,8.644,56.202,21.4217
11/07/2024 22:24:00.000,21.8966,32.2394,1.43,8.644,56.216,21.4216
11/07/2024 22:25:00.999,21.8974,32.2421,1.43,8.644,56.225,21.4218
11/07/2024 22:26:00.000,21.8971,32.2389,1.43,8.644,56.303,21.4214
11/07/2024 22:27:00.999,21.8962,32.2426,1.43,8.644,56.200,21.4215
11/07/2024 22:28:00.000,21.8979,32.2441,1.43,8.644,56.314,21.4211
11/07/2024 22:29:00.001,21.8987,32.2382,1.43,8.643,56.169,21.4206
11/07/2024 22:30:00.000,21.8983,32.2423,1.43,8.643,56.257,21.4217
11/07/2024 22:31:00.001,21.9000,32.2401,1.43,8.642,56.157,21.4206
11/07/2024 22:32:00.000,21.8964,32.2412,1.43,8.642,56.130,21.4206
11/07/2024 22:33:00.001,21.8945,32.2414,1.42,8.641,56.283,21.4209
11/07/2024 22:34:00.000,21.8935,32.2417,1.42,8.641,56.187,21.4201
11/07/2024 22:35:00.000,21.8934,32.2421,1.43,8.641,56.215,21.4197
11/07/2024 22:36:00.000,21.8955,32.2426,1.43,8.640,56.238,21.4204
11/07/2024 22:37:00.000,21.8945,32.2403,1.43,8.639,56.277,21.4200
11/07/2024 22:38:00.999,21.8922,32.2396,1.43,8.639,56.116,21.4196
11/07/2024 22:39:00.000,21.8886,32.2407,1.42,8.639,56.098,21.4192
11/07/2024 22:40:00.999,21.8887,32.2452,1.42,8.638,56.301,21.4190
11/07/2024 22:41:00.000,21.8909,32.2404,1.42,8.638,56.223,21.4194
11/07/2024 22:42:00.999,21.8879,32.2408,1.42,8.638,56.230,21.4192
11/07/2024 22:43:00.000,21.8876,32.2443,1.42,8.637,56.141,21.4192
11/07/2024 22:44:00.001,21.8904,32.2439,1.42,8.637,56.362,21.4191
11/07/2024 22:45:00.000,21.8897,32.2429,1.43,8.637,56.226,21.4185
11/07/2024 22:46:00.001,21.8880,32.2465,1.42,8.636,56.228,21.4191
11/07/2024 22:47:00.000,21.8904,32.2422,1.42,8.636,56.222,21.4186
11/07/2024 22:48:00.001,21.8887,32.2432,1.42,8.636,56.230,21.4186
11/07/2024 22:49:00.000,21.8904,32.2444,1.42,8.635,56.070,21.4184
11/07/2024 22:50:00.000,21.8898,32.2409,1.42,8.635,56.138,21.4176
11/07/2024 22:51:00.000,21.8883,32.2418,1.42,8.635,56.147,21.4179
11/07/2024 22:52:00.000,21.8835,32.2443,1.42,8.634,56.240,21.4179
11/07/2024 22:53:00.999,21.8863,32.2424,1.42,8.634,56.220,21.4174
11/07/2024 22:54:00.000,21.8872,32.2463,1.42,8.634,56.377,21.4154
11/07/2024 22:55:00.999,21.8896,32.2430,1.43,8.633,56.165,21.4169
11/07/2024 22:56:00.000,21.8879,32.2423,1.42,8.633,56.177,21.4160
11/07/2024 22:57:00.999,21.8857,32.2409,1.42,8.633,56.305,21.4174
11/07/2024 22:58:00.000,21.8844,32.2444,1.42,8.633,56.280,21.4176
11/07/2024 22:59:00.999,21.8840,32.2440,1.42,8.633,56.212,21.4170
11/07/2024 23:00:00.002,21.8803,32.2435,1.42,8.632,56.191,21.4161
11/07/2024 23:01:00.001,21.8784,32.2432,1.42,8.632,56.098,21.4167
11/07/2024 23:02:00.000,21.8736,32.2448,1.42,8.632,56.279,21.4167
11/07/2024 23:03:00.999,21.8770,32.2435,1.42,8.632,56.241,21.4164
11/07/2024 23:04:00.001,21.8785,32.2447,1.42,8.632,56.114,21.4154
11/07/2024 23:05:00.000,21.8785,32.2423,1.42,8.631,56.085,21.4162
11/07/2024 23:06:00.000,21.8787,32.2433,1.42,8.631,56.159,21.4162
11/07/2024 23:07:00.999,21.8793,32.2452,1.42,8.631,56.239,21.4137
11/07/2024 23:08:00.001,21.8814,32.2439,1.42,8.631,56.275,21.4133
11/07/2024 23:09:00.000,21.8777,32.2421,1.43,8.630,56.139,21.4136
11/07/2024 23:10:00.999,21.8772,32.2430,1.42,8.630,56.270,21.4138
11/07/2024 23:11:00.998,21.8746,32.2430,1.43,8.630,56.387,21.4131
11/07/2024 23:12:00.001,21.8761,32.2440,1.43,8.629,56.309,21.4125
11/07/2024 23:13:00.000,21.8727,32.2444,1.42,8.629,56.226,21.4131
11/07/2024 23:14:00.999,21.8721,32.2453,1.43,8.629,56.223,21.4128
11/07/2024 23:15:00.002,21.8728,32.2443,1.43,8.629,56.272,21.4126
11/07/2024 23:16:00.001,21.8718,32.2442,1.43,8.629,56.338,21.4126
11/07/2024 23:17:00.000,21.8719,32.2430,1.43,8.629,56.266,21.4125
11/07/2024 23:18:00.999,21.8708,32.2457,1.43,8.628,56.221,21.4130
11/07/2024 23:19:00.001,21.8730,32.2453,1.43,8.628,56.229,21.4128
11/07/2024 23:20:00.000,21.8748,32.2452,1.43,8.628,56.196,21.4129
11/07/2024 23:21:00.000,21.8734,32.2453,1.43,8.628,56.206,21.4124
11/07/2024 23:22:00.999,21.8755,32.2469,1.43,8.628,56.257,21.4122
11/07/2024 23:23:00.001,21.8755,32.2438,1.44,8.628,56.220,21.4125
11/07/2024 23:24:00.000,21.8703,32.2439,1.44,8.628,56.243,21.4110
11/07/2024 23:25:00.999,21.8668,32.2458,1.43,8.627,56.224,21.4117
11/07/2024 23:26:00.998,21.8706,32.2434,1.43,8.627,56.348,21.4119
11/07/2024 23:27:00.001,21.8708,32.2454,1.43,8.627,56.257,21.4114
11/07/2024 23:28:00.000,21.8728,32.2465,1.43,8.627,56.241,21.4112
11/07/2024 23:29:00.999,21.8717,32.2433,1.43,8.626,56.257,21.4111
11/07/2024 23:30:00.002,21.8701,32.2436,1.44,8.626,56.267,21.4116
11/07/2024 23:31:00.001,21.8691,32.2456,1.43,8.626,56.285,21.4107
11/07/2024 23:32:00.000,21.8661,32.2448,1.43,8.626,56.290,21.4107
11/07/2024 23:33:00.999,21.8673,32.2460,1.43,8.625,56.358,21.4102
11/07/2024 23:34:00.001,21.8665,32.2471,1.43,8.625,56.146,21.4099
11/07/2024 23:35:00.000,21.8668,32.2447,1.43,8.625,56.354,21.4096
11/07/2024 23:36:00.000,21.8655,32.2446,1.43,8.625,56.184,21.4088
11/07/2024 23:37:00.999,21.8651,32.2454,1.43,8.624,56.255,21.4085
11/07/2024 23:38:00.001,21.8657,32.2472,1.43,8.623,56.201,21.4088
11/07/2024 23:39:00.000,21.8667,32.2450,1.43,8.623,56.224,21.4084
11/07/2024 23:40:00.999,21.8625,32.2431,1.43,8.623,56.282,21.4084
11/07/2024 23:41:00.998,21.8585,32.2457,1.43,8.622,56.196,21.4081
11/07/2024 23:42:00.001,21.8600,32.2467,1.44,8.622,56.321,21.4085
11/07/2024 23:43:00.000,21.8634,32.2492,1.44,8.622,56.233,21.4066
11/07/2024 23:44:00.999,21.8685,32.2455,1.43,8.621,56.286,21.4078
11/07/2024 23:45:00.002,21.8629,32.2433,1.44,8.621,56.273,21.4073
11/07/2024 23:46:00.001,21.8594,32.2483,1.44,8.621,56.311,21.4076
11/07/2024 23:47:00.000,21.8616,32.2464,1.44,8.621,56.320,21.4071
11/07/2024 23:48:00.999,21.8578,32.2466,1.44,8.620,56.304,21.4068
11/07/2024 23:49:00.001,21.8559,32.2466,1.44,8.620,56.302,21.4063
11/07/2024 23:50:00.000,21.8578,32.2461,1.44,8.620,56.347,21.4061
11/07/2024 23:51:00.000,21.8579,32.2491,1.44,8.620,56.268,21.4061
11/07/2024 23:52:00.999,21.8571,32.2459,1.44,8.619,56.269,21.4060
11/07/2024 23:53:00.001,21.8589,32.2491,1.44,8.619,56.288,21.4055
11/07/2024 23:54:00.000,21.8616,32.2484,1.44,8.619,56.312,21.4049
11/07/2024 23:55:00.999,21.8628,32.2464,1.44,8.619,56.281,21.4050
11/07/2024 23:56:00.998,21.8629,32.2504,1.44,8.619,56.180,21.4042
11/07/2024 23:57:00.001,21.8655,32.2435,1.44,8.619,56.210,21.4042
11/07/2024 23:58:00.000,21.8582,32.2445,1.44,8.619,56.344,21.4040
11/07/2024 23:59:00.999,21.8557,32.2440,1.44,8.618,56.338,21.4042
12/07/2024 00:00:00.002,21.8552,32.2477,1.44,8.618,56.327,21.4035
12/07/2024 00:01:00.001,21.8553,32.2451,1.44,8.618,56.240,21.4031
12/07/2024 00:02:00.000,21.8534,32.2482,1.45,8.617,56.248,21.4034
12/07/2024 00:03:00.999,21.8518,32.2455,1.44,8.617,56.231,21.4037
12/07/2024 00:04:00.001,21.8498,32.2475,1.44,8.617,56.298,21.4028
12/07/2024 00:05:00.000,21.8483,32.2472,1.45,8.617,56.327,21.4026
12/07/2024 00:06:00.000,21.8473,32.2483,1.45,8.616,56.331,21.4026
12/07/2024 00:07:00.999,21.8494,32.2482,1.45,8.616,56.333,21.4016
12/07/2024 00:08:00.001,21.8498,32.2483,1.45,8.616,56.242,21.4022
12/07/2024 00:09:00.000,21.8500,32.2477,1.45,8.615,56.380,21.4020
12/07/2024 00:10:00.999,21.8494,32.2467,1.45,8.615,56.195,21.4004
12/07/2024 00:11:00.998,21.8472,32.2470,1.44,8.615,56.066,21.3999
12/07/2024 00:12:00.001,21.8475,32.2500,1.44,8.615,56.145,21.4013
12/07/2024 00:13:00.000,21.8504,32.2497,1.44,8.615,56.353,21.4002
12/07/2024 00:14:00.999,21.8521,32.2488,1.44,8.614,56.279,21.4000
12/07/2024 00:15:00.002,21.8514,32.2466,1.44,8.614,56.337,21.4007
12/07/2024 00:16:00.001,21.8490,32.2472,1.44,8.614,56.397,21.3996
12/07/2024 00:17:00.000,21.8468,32.2482,1.44,8.614,56.265,21.3991
12/07/2024 00:18:00.999,21.8480,32.2499,1.44,8.613,56.233,21.3990
12/07/2024 00:19:00.001,21.8467,32.2467,1.44,8.613,56.179,21.3985
12/07/2024 00:20:00.000,21.8468,32.2513,1.44,8.613,56.142,21.3990
12/07/2024 00:21:00.000,21.8454,32.2479,1.45,8.613,56.245,21.3984
12/07/2024 00:22:00.999,21.8463,32.2492,1.44,8.613,56.256,21.3972
12/07/2024 00:23:00.001,21.8449,32.2482,1.44,8.612,56.248,21.3968
12/07/2024 00:24:00.000,21.8485,32.2514,1.44,8.612,56.288,21.3971
12/07/2024 00:25:00.999,21.8482,32.2474,1.44,8.612,56.260,21.3968
12/07/2024 00:26:00.998,21.8495,32.2486,1.44,8.612,56.182,21.3969
12/07/2024 00:27:00.001,21.8477,32.2508,1.45,8.612,56.165,21.3971
12/07/2024 00:28:00.000,21.8449,32.2461,1.44,8.612,56.304,21.3963
12/07/2024 00:29:00.999,21.8436,32.2507,1.44,8.611,56.225,21.3941
12/07/2024 00:30:00.002,21.8453,32.2495,1.44,8.611,56.256,21.3958
12/07/2024 00:31:00.001,21.8434,32.2480,1.44,8.611,56.142,21.3958
12/07/2024 00:32:00.000,21.8413,32.2497,1.44,8.611,56.173,21.3949
12/07/2024 00:33:00.999,21.8413,32.2486,1.44,8.611,56.321,21.3947
12/07/2024 00:34:00.001,21.8396,32.2523,1.44,8.611,56.243,21.3949
12/07/2024 00:35:00.000,21.8416,32.2487,1.44,8.611,56.287,21.3940
12/07/2024 00:36:00.000,21.8432,32.2498,1.44,8.611,56.281,21.3943
12/07/2024 00:37:00.999,21.8399,32.2478,1.44,8.611,56.354,21.3938
12/07/2024 00:38:00.001,21.8363,32.2480,1.44,8.611,56.226,21.3928
12/07/2024 00:39:00.000,21.8342,32.2493,1.44,8.611,56.225,21.3912
12/07/2024 00:40:00.999,21.8338,32.2488,1.44,8.611,56.234,21.3917
12/07/2024 00:41:00.998,21.8328,32.2491,1.44,8.610,56.212,21.3930
12/07/2024 00:42:00.001,21.8320,32.2516,1.44,8.610,56.181,21.3926
12/07/2024 00:43:00.000,21.8341,32.2498,1.44,8.610,56.157,21.3921
12/07/2024 00:44:00.999,21.8393,32.2503,1.44,8.610,56.309,21.3921
12/07/2024 00:45:00.002,21.8400,32.2504,1.44,8.610,56.370,21.3916
12/07/2024 00:46:00.001,21.8400,32.2501,1.44,8.610,56.293,21.3912
12/07/2024 00:47:00.000,21.8384,32.2499,1.44,8.611,56.337,21.3912
12/07/2024 00:48:00.999,21.8370,32.2501,1.44,8.611,56.302,21.3891
12/07/2024 00:49:00.001,21.8358,32.2499,1.44,8.611,56.301,21.3905
12/07/2024 00:50:00.000,21.8362,32.2484,1.44,8.611,56.153,21.3905
12/07/2024 00:51:00.000,21.8306,32.2489,1.45,8.611,56.355,21.3897
12/07/2024 00:52:00.999,21.8280,32.2483,1.45,8.611,56.403,21.3898
12/07/2024 00:53:00.001,21.8271,32.2517,1.45,8.612,56.383,21.3893
12/07/2024 00:54:00.000,21.8317,32.2534,1.45,8.612,56.361,21.3895
12/07/2024 00:55:00.999,21.8320,32.2498,1.44,8.612,56.307,21.3886
12/07/2024 00:56:00.998,21.8329,32.2511,1.44,8.612,56.360,21.3884
12/07/2024 00:57:00.001,21.8314,32.2508,1.44,8.612,56.491,21.3876
12/07/2024 00:58:00.000,21.8317,32.2518,1.44,8.612,56.434,21.3881
12/07/2024 00:59:00.999,21.8323,32.2509,1.44,8.612,56.284,21.3866
12/07/2024 01:00:00.002,21.8321,32.2502,1.44,8.612,56.199,21.3874
12/07/2024 01:01:00.001,21.8319,32.2521,1.44,8.612,56.348,21.3866
12/07/2024 01:02:00.000,21.8295,32.2497,1.44,8.612,56.347,21.3864
12/07/2024 01:03:00.999,21.8264,32.2499,1.44,8.613,56.347,21.3860
12/07/2024 01:04:00.001,21.8256,32.2495,1.44,8.613,56.211,21.3864
12/07/2024 01:05:00.000,21.8264,32.2523,1.44,8.613,56.311,21.3859
12/07/2024 01:06:00.000,21.8262,32.2502,1.45,8.613,56.164,21.3850
12/07/2024 01:07:00.999,21.8239,32.2523,1.45,8.613,56.285,21.3850
12/07/2024 01:08:00.001,21.8221,32.2514,1.45,8.613,56.264,21.3826
12/07/2024 01:09:00.000,21.8226,32.2524,1.44,8.614,56.235,21.3838
12/07/2024 01:10:00.999,21.8220,32.2518,1.44,8.614,56.288,21.3841
12/07/2024 01:11:00.998,21.8216,32.2515,1.44,8.614,56.245,21.3838
12/07/2024 01:12:00.001,21.8177,32.2511,1.44,8.614,56.267,21.3831
12/07/2024 01:13:00.000,21.8178,32.2512,1.44,8.614,56.228,21.3827
12/07/2024 01:14:00.999,21.8186,32.2528,1.44,8.614,56.238,21.3826
12/07/2024 01:15:00.002,21.8199,32.2515,1.44,8.615,56.341,21.3821
12/07/2024 01:16:00.001,21.8186,32.2529,1.44,8.615,56.266,21.3826
12/07/2024 01:17:00.000,21.8178,32.2531,1.44,8.615,56.408,21.3816
12/07/2024 01:18:00.999,21.8190,32.2508,1.44,8.615,56.226,21.3811
12/07/2024 01:19:00.001,21.8215,32.2537,1.44,8.615,56.446,21.3811
12/07/2024 01:20:00.000,21.8211,32.2516,1.44,8.616,56.327,21.3813
12/07/2024 01:21:00.000,21.8218,32.2534,1.44,8.616,56.260,21.3805
12/07/2024 01:22:00.999,21.8223,32.2510,1.44,8.616,56.245,21.3805
12/07/2024 01:23:00.001,21.8207,32.2504,1.44,8.616,56.323,21.3799
12/07/2024 01:24:00.000,21.8175,32.2522,1.44,8.617,56.311,21.3786
12/07/2024 01:25:00.999,21.8155,32.2490,1.44,8.617,56.200,21.3782
12/07/2024 01:26:00.998,21.8080,32.2519,1.45,8.618,56.236,21.3792
12/07/2024 01:27:00.001,21.8081,32.2509,1.44,8.618,56.248,21.3787
12/07/2024 01:28:00.000,21.8059,32.2520,1.44,8.618,56.199,21.3779
12/07/2024 01:29:00.999,21.8074,32.2536,1.44,8.618,56.345,21.3774
12/07/2024 01:30:00.002,21.8094,32.2538,1.45,8.618,56.247,21.3768
12/07/2024 01:31:00.001,21.8134,32.2548,1.44,8.619,56.132,21.3767
12/07/2024 01:32:00.000,21.8117,32.2517,1.44,8.619,56.286,21.3769
12/07/2024 01:33:00.999,21.8135,32.2526,1.44,8.620,56.192,21.3770
12/07/2024 01:34:00.001,21.8103,32.2535,1.44,8.620,56.287,21.3762
12/07/2024 01:35:00.000,21.8106,32.2520,1.44,8.620,56.155,21.3757
12/07/2024 01:36:00.000,21.8119,32.2552,1.44,8.621,56.246,21.3748
12/07/2024 01:37:00.999,21.8115,32.2513,1.44,8.621,56.207,21.3744
12/07/2024 01:38:00.001,21.8067,32.2527,1.44,8.622,56.268,21.3750
12/07/2024 01:39:00.000,21.8076,32.2545,1.44,8.622,56.176,21.3742
12/07/2024 01:40:00.999,21.8089,32.2539,1.44,8.622,56.257,21.3741
12/07/2024 01:41:00.998,21.8071,32.2539,1.44,8.623,56.205,21.3734
12/07/2024 01:42:00.001,21.8108,32.2556,1.44,8.623,56.231,21.3730
12/07/2024 01:43:00.000,21.8143,32.2529,1.44,8.623,56.137,21.3726
12/07/2024 01:44:00.999,21.8106,32.2510,1.44,8.623,56.270,21.3712
12/07/2024 01:45:00.002,21.8047,32.2525,1.44,8.623,56.266,21.3708
12/07/2024 01:46:00.001,21.8045,32.2540,1.45,8.623,56.254,21.3722
12/07/2024 01:47:00.000,21.8073,32.2544,1.44,8.623,56.281,21.3715
12/07/2024 01:48:00.999,21.8092,32.2533,1.44,8.623,56.326,21.3710
12/07/2024 01:49:00.001,21.8079,32.2539,1.44,8.623,56.307,21.3716
12/07/2024 01:50:00.000,21.8067,32.2529,1.44,8.623,56.314,21.3705
12/07/2024 01:51:00.000,21.8049,32.2533,1.44,8.623,56.396,21.3701
12/07/2024 01:52:00.999,21.8032,32.2529,1.44,8.624,56.218,21.3701
12/07/2024 01:53:00.001,21.8034,32.2550,1.44,8.623,56.226,21.3683
12/07/2024 01:54:00.000,21.8052,32.2540,1.44,8.623,56.286,21.3695
12/07/2024 01:55:00.999,21.8055,32.2536,1.44,8.623,56.138,21.3680
12/07/2024 01:56:00.998,21.8060,32.2524,1.43,8.623,56.276,21.3683
12/07/2024 01:57:00.001,21.8029,32.2548,1.43,8.623,56.261,21.3687
12/07/2024 01:58:00.000,21.8024,32.2544,1.44,8.623,56.190,21.3677
12/07/2024 01:59:00.999,21.8007,32.2570,1.44,8.623,56.189,21.3677
12/07/2024 02:00:00.002,21.8042,32.2528,1.44,8.623,56.103,21.3677
12/07/2024 02:01:00.001,21.8013,32.2537,1.44,8.623,56.271,21.3668
12/07/2024 02:02:00.000,21.8028,32.2552,1.44,8.623,56.405,21.3669
12/07/2024 02:03:00.999,21.8019,32.2553,1.44,8.623,56.426,21.3663
12/07/2024 02:04:00.001,21.8005,32.2540,1.44,8.623,56.324,21.3664
12/07/2024 02:05:00.000,21.7992,32.2540,1.43,8.623,56.395,21.3656
12/07/2024 02:06:00.000,21.7962,32.2547,1.43,8.623,56.272,21.3651
12/07/2024 02:07:00.999,21.7997,32.2574,1.44,8.623,56.370,21.3634
12/07/2024 02:08:00.001,21.8018,32.2555,1.43,8.623,56.318,21.3629
12/07/2024 02:09:00.000,21.7999,32.2541,1.44,8.624,56.349,21.3631
12/07/2024 02:10:00.999,21.7973,32.2544,1.43,8.624,56.456,21.3624
12/07/2024 02:11:00.998,21.7978,32.2544,1.44,8.624,56.249,21.3619
12/07/2024 02:12:00.001,21.7991,32.2549,1.44,8.624,56.393,21.3622
12/07/2024 02:13:00.000,21.7982,32.2536,1.44,8.624,56.285,21.3609
12/07/2024 02:14:00.999,21.7973,32.2566,1.44,8.623,56.337,21.3608
12/07/2024 02:15:00.002,21.7981,32.2515,1.44,8.623,56.337,21.3608
12/07/2024 02:16:00.001,21.7922,32.2542,1.44,8.623,56.227,21.3601
12/07/2024 02:17:00.000,21.7923,32.2557,1.44,8.623,56.350,21.3599
12/07/2024 02:18:00.999,21.7938,32.2542,1.44,8.623,56.385,21.3611
12/07/2024 02:19:00.001,21.7947,32.2550,1.44,8.623,56.245,21.3612
12/07/2024 02:20:00.000,21.7916,32.2566,1.44,8.623,56.276,21.3604
12/07/2024 02:21:00.000,21.7923,32.2579,1.44,8.623,56.407,21.3583
12/07/2024 02:22:00.999,21.7949,32.2552,1.44,8.623,56.240,21.3583
12/07/2024 02:23:00.001,21.7949,32.2533,1.44,8.623,56.244,21.3587
12/07/2024 02:24:00.000,21.7886,32.2546,1.44,8.623,56.441,21.3594
12/07/2024 02:25:00.999,21.7894,32.2579,1.44,8.623,56.195,21.3578
12/07/2024 02:26:00.998,21.7891,32.2539,1.44,8.623,56.275,21.3582
12/07/2024 02:27:00.001,21.7873,32.2574,1.44,8.623,56.356,21.3576
12/07/2024 02:28:00.000,21.7885,32.2567,1.44,8.623,56.352,21.3578
12/07/2024 02:29:00.999,21.7886,32.2580,1.44,8.623,56.260,21.3569
12/07/2024 02:30:00.002,21.7932,32.2583,1.44,8.623,56.237,21.3563
12/07/2024 02:31:00.001,21.7962,32.2552,1.44,8.623,56.312,21.3564
12/07/2024 02:32:00.000,21.7958,32.2560,1.44,8.623,56.246,21.3565
12/07/2024 02:33:00.999,21.7939,32.2522,1.44,8.622,56.329,21.3551
12/07/2024 02:34:00.001,21.7845,32.2546,1.43,8.622,56.403,21.3558
12/07/2024 02:35:00.000,21.7844,32.2571,1.44,8.622,56.323,21.3548
12/07/2024 02:36:00.000,21.7875,32.2563,1.45,8.621,56.300,21.3543
12/07/2024 02:37:00.999,21.7851,32.2552,1.44,8.621,56.348,21.3533
12/07/2024 02:38:00.001,21.7862,32.2570,1.44,8.621,56.360,21.3535
12/07/2024 02:39:00.000,21.7884,32.2573,1.44,8.620,56.403,21.3535
12/07/2024 02:40:00.999,21.7885,32.2537,1.44,8.620,56.336,21.3530
12/07/2024 02:41:00.998,21.7850,32.2559,1.45,8.620,56.281,21.3512
12/07/2024 02:42:00.001,21.7869,32.2596,1.44,8.619,56.347,21.3525
12/07/2024 02:43:00.000,21.7890,32.2566,1.44,8.619,56.303,21.3519
12/07/2024 02:44:00.999,21.7875,32.2571,1.43,8.619,56.280,21.3518
12/07/2024 02:45:00.002,21.7863,32.2540,1.43,8.619,56.417,21.3512
12/07/2024 02:46:00.001,21.7813,32.2549,1.43,8.619,56.400,21.3510
12/07/2024 02:47:00.000,21.7770,32.2537,1.43,8.619,56.370,21.3501
12/07/2024 02:48:00.999,21.7752,32.2600,1.43,8.618,56.267,21.3487
12/07/2024 02:49:00.001,21.7794,32.2575,1.44,8.618,56.317,21.3483
12/07/2024 02:50:00.000,21.7797,32.2590,1.44,8.618,56.267,21.3495
12/07/2024 02:51:00.000,21.7823,32.2559,1.44,8.618,56.194,21.3495
12/07/2024 02:52:00.999,21.7795,32.2570,1.44,8.618,56.210,21.3481
12/07/2024 02:53:00.001,21.7791,32.2563,1.43,8.617,56.267,21.3481
12/07/2024 02:54:00.000,21.7781,32.2580,1.44,8.617,56.206,21.3475
12/07/2024 02:55:00.999,21.7782,32.2563,1.44,8.617,56.216,21.3478
12/07/2024 02:56:00.998,21.7777,32.2577,1.44,8.617,56.352,21.3473
12/07/2024 02:57:00.001,21.7754,32.2583,1.44,8.616,56.274,21.3470
12/07/2024 02:58:00.000,21.7757,32.2582,1.43,8.616,56.464,21.3464
12/07/2024 02:59:00.999,21.7784,32.2586,1.43,8.616,56.467,21.3461
12/07/2024 03:00:00.002,21.7803,32.2585,1.43,8.616,56.274,21.3455
12/07/2024 03:01:00.001,21.7780,32.2592,1.44,8.616,56.257,21.3445
12/07/2024 03:02:00.000,21.7809,32.2587,1.44,8.615,56.389,21.3446
12/07/2024 03:03:00.999,21.7808,32.2597,1.44,8.615,56.342,21.3445
12/07/2024 03:04:00.001,21.7791,32.2573,1.44,8.615,56.427,21.3440
12/07/2024 03:05:00.000,21.7740,32.2589,1.44,8.615,56.361,21.3431
12/07/2024 03:06:00.000,21.7740,32.2585,1.43,8.615,56.363,21.3435
12/07/2024 03:07:00.999,21.7746,32.2588,1.43,8.614,56.431,21.3431
12/07/2024 03:08:00.001,21.7708,32.2591,1.44,8.614,56.367,21.3412
12/07/2024 03:09:00.000,21.7738,32.2589,1.43,8.614,56.364,21.3408
12/07/2024 03:10:00.999,21.7741,32.2584,1.44,8.614,56.371,21.3418
12/07/2024 03:11:00.998,21.7725,32.2564,1.43,8.613,56.337,21.3422
12/07/2024 03:12:00.001,21.7709,32.2583,1.44,8.613,56.195,21.3414
12/07/2024 03:13:00.000,21.7695,32.2584,1.43,8.613,56.380,21.3409
12/07/2024 03:14:00.999,21.7690,32.2582,1.44,8.613,56.322,21.3405
12/07/2024 03:15:00.002,21.7684,32.2567,1.43,8.613,56.478,21.3403
12/07/2024 03:16:00.001,21.7651,32.2600,1.43,8.612,56.265,21.3400
12/07/2024 03:17:00.000,21.7686,32.2601,1.43,8.612,56.442,21.3382
12/07/2024 03:18:00.999,21.7666,32.2577,1.43,8.612,56.404,21.3393
12/07/2024 03:19:00.001,21.7617,32.2577,1.43,8.612,56.360,21.3384
12/07/2024 03:20:00.000,21.7601,32.2603,1.43,8.612,56.376,21.3384
12/07/2024 03:21:00.000,21.7570,32.2600,1.43,8.611,56.403,21.3382
12/07/2024 03:22:00.999,21.7591,32.2598,1.43,8.611,56.322,21.3375
12/07/2024 03:23:00.001,21.7574,32.2583,1.43,8.611,56.459,21.3374
12/07/2024 03:24:00.000,21.7558,32.2601,1.43,8.611,56.372,21.3369
12/07/2024 03:25:00.999,21.7580,32.2614,1.43,8.611,56.339,21.3363
12/07/2024 03:26:00.998,21.7584,32.2619,1.43,8.611,56.440,21.3359
12/07/2024 03:27:00.001,21.7637,32.2600,1.43,8.611,56.410,21.3357
12/07/2024 03:28:00.000,21.7615,32.2562,1.43,8.611,56.437,21.3341
12/07/2024 03:29:00.999,21.7545,32.2593,1.43,8.611,56.357,21.3352
12/07/2024 03:30:00.002,21.7507,32.2597,1.43,8.611,56.306,21.3355
12/07/2024 03:31:00.001,21.7528,32.2620,1.43,8.610,56.344,21.3346
12/07/2024 03:32:00.000,21.7533,32.2613,1.43,8.611,56.339,21.3335
12/07/2024 03:33:00.999,21.7528,32.2610,1.43,8.611,56.338,21.3332
12/07/2024 03:34:00.001,21.7539,32.2588,1.43,8.610,56.408,21.3327
12/07/2024 03:35:00.000,21.7541,32.2610,1.42,8.610,56.445,21.3330
12/07/2024 03:36:00.000,21.7542,32.2579,1.43,8.610,56.438,21.3309
12/07/2024 03:37:00.999,21.7512,32.2612,1.43,8.610,56.486,21.3311
12/07/2024 03:38:00.001,21.7552,32.2614,1.43,8.609,56.434,21.3313
12/07/2024 03:39:00.000,21.7581,32.2598,1.43,8.609,56.360,21.3300
12/07/2024 03:40:00.999,21.7542,32.2584,1.42,8.609,56.347,21.3304
12/07/2024 03:41:00.998,21.7488,32.2578,1.43,8.609,56.333,21.3299
12/07/2024 03:42:00.001,21.7423,32.2576,1.43,8.608,56.173,21.3294
12/07/2024 03:43:00.000,21.7422,32.2621,1.43,8.608,56.231,21.3278
12/07/2024 03:44:00.999,21.7450,32.2627,1.42,8.608,56.354,21.3289
12/07/2024 03:45:00.002,21.7449,32.2624,1.43,8.607,56.241,21.3285
12/07/2024 03:46:00.001,21.7474,32.2605,1.43,8.607,56.376,21.3278
12/07/2024 03:47:00.000,21.7438,32.2599,1.43,8.607,56.372,21.3267
12/07/2024 03:48:00.999,21.7443,32.2637,1.42,8.607,56.261,21.3264
12/07/2024 03:49:00.001,21.7445,32.2609,1.43,8.606,56.433,21.3269
12/07/2024 03:50:00.000,21.7430,32.2614,1.42,8.606,56.301,21.3264
12/07/2024 03:51:00.000,21.7390,32.2619,1.42,8.606,56.377,21.3254
12/07/2024 03:52:00.999,21.7416,32.2642,1.42,8.605,56.329,21.3257
12/07/2024 03:53:00.001,21.7413,32.2615,1.42,8.605,56.424,21.3251
12/07/2024 03:54:00.000,21.7429,32.2605,1.42,8.605,56.340,21.3235
12/07/2024 03:55:00.999,21.7408,32.2632,1.43,8.605,56.407,21.3224
12/07/2024 03:56:00.998,21.7412,32.2636,1.42,8.604,56.412,21.3235
12/07/2024 03:57:00.001,21.7412,32.2593,1.43,8.604,56.425,21.3231
12/07/2024 03:58:00.000,21.7381,32.2645,1.42,8.604,56.410,21.3220
12/07/2024 03:59:00.999,21.7408,32.2631,1.42,8.603,56.458,21.3225
12/07/2024 04:00:00.002,21.7416,32.2627,1.42,8.603,56.411,21.3216
12/07/2024 04:01:00.001,21.7413,32.2586,1.43,8.603,56.380,21.3215
12/07/2024 04:02:00.000,21.7372,32.2622,1.43,8.603,56.438,21.3212
12/07/2024 04:03:00.999,21.7372,32.2629,1.42,8.603,56.410,21.3207
12/07/2024 04:04:00.001,21.7356,32.2590,1.43,8.602,56.367,21.3195
12/07/2024 04:05:00.000,21.7339,32.2630,1.44,8.602,56.301,21.3194
12/07/2024 04:06:00.000,21.7370,32.2632,1.42,8.602,56.315,21.3191
12/07/2024 04:07:00.999,21.7369,32.2636,1.42,8.602,56.323,21.3184
12/07/2024 04:08:00.001,21.7383,32.2619,1.42,8.602,56.374,21.3189
12/07/2024 04:09:00.000,21.7359,32.2620,1.42,8.602,56.469,21.3178
12/07/2024 04:10:00.999,21.7332,32.2615,1.42,8.602,56.291,21.3173
12/07/2024 04:11:00.998,21.7333,32.2613,1.43,8.601,56.298,21.3170
12/07/2024 04:12:00.001,21.7306,32.2642,1.42,8.601,56.383,21.3165
12/07/2024 04:13:00.000,21.7339,32.2629,1.42,8.602,56.419,21.3166
12/07/2024 04:14:00.999,21.7335,32.2643,1.42,8.602,56.403,21.3158
12/07/2024 04:15:00.002,21.7345,32.2625,1.43,8.602,56.406,21.3159
12/07/2024 04:16:00.001,21.7322,32.2606,1.43,8.602,56.496,21.3150
12/07/2024 04:17:00.000,21.7285,32.2609,1.43,8.602,56.279,21.3148
12/07/2024 04:18:00.999,21.7285,32.2609,1.42,8.602,56.304,21.3135
12/07/2024 04:19:00.001,21.7284,32.2647,1.42,8.602,56.376,21.3141
12/07/2024 04:20:00.000,21.7304,32.2610,1.43,8.602,56.244,21.3135
12/07/2024 04:21:00.000,21.7299,32.2656,1.42,8.602,56.368,21.3127
12/07/2024 04:22:00.999,21.7341,32.2611,1.42,8.601,56.346,21.3133
12/07/2024 04:23:00.001,21.7324,32.2634,1.42,8.601,56.347,21.3125
12/07/2024 04:24:00.000,21.7294,32.2615,1.42,8.601,56.290,21.3111
12/07/2024 04:25:00.999,21.7271,32.2614,1.42,8.601,56.415,21.3103
12/07/2024 04:26:00.998,21.7272,32.2639,1.42,8.601,56.302,21.3109
12/07/2024 04:27:00.001,21.7273,32.2626,1.42,8.600,56.419,21.3101
12/07/2024 04:28:00.000,21.7265,32.2628,1.42,8.600,56.324,21.3102
12/07/2024 04:29:00.999,21.7240,32.2632,1.43,8.600,56.380,21.3101
12/07/2024 04:30:00.002,21.7251,32.2640,1.42,8.600,56.331,21.3093
12/07/2024 04:31:00.001,21.7225,32.2639,1.42,8.599,56.324,21.3089
12/07/2024 04:32:00.000,21.7260,32.2639,1.41,8.599,56.369,21.3067
12/07/2024 04:33:00.999,21.7222,32.2624,1.42,8.599,56.324,21.3062
12/07/2024 04:34:00.001,21.7196,32.2620,1.42,8.598,56.273,21.3073
12/07/2024 04:35:00.000,21.7188,32.2650,1.42,8.598,56.349,21.3070
12/07/2024 04:36:00.000,21.7185,32.2623,1.43,8.598,56.268,21.3063
12/07/2024 04:37:00.999,21.7153,32.2629,1.42,8.598,56.235,21.3056
12/07/2024 04:38:00.001,21.7159,32.2637,1.41,8.598,56.325,21.3051
12/07/2024 04:39:00.000,21.7162,32.2673,1.43,8.598,56.191,21.3053
12/07/2024 04:40:00.999,21.7179,32.2624,1.43,8.598,56.342,21.3049
12/07/2024 04:41:00.998,21.7159,32.2660,1.43,8.597,56.230,21.3046
12/07/2024 04:42:00.001,21.7184,32.2664,1.44,8.597,56.283,21.3030
12/07/2024 04:43:00.000,21.7170,32.2635,1.42,8.597,56.118,21.3035
12/07/2024 04:44:00.999,21.7143,32.2636,1.43,8.597,56.213,21.3035
12/07/2024 04:45:00.002,21.7127,32.2670,1.42,8.597,56.206,21.3024
12/07/2024 04:46:00.001,21.7166,32.2635,1.43,8.597,56.293,21.3018
12/07/2024 04:47:00.000,21.7129,32.2647,1.43,8.597,56.400,21.3020
12/07/2024 04:48:00.999,21.7146,32.2644,1.42,8.597,56.306,21.3015
12/07/2024 04:49:00.001,21.7144,32.2644,1.42,8.597,56.276,21.3010
12/07/2024 04:50:00.000,21.7126,32.2626,1.43,8.597,56.398,21.3007
12/07/2024 04:51:00.000,21.7091,32.2664,1.42,8.597,56.270,21.3004
12/07/2024 04:52:00.999,21.7116,32.2673,1.42,8.597,56.375,21.2987
12/07/2024 04:53:00.001,21.7156,32.2679,1.42,8.597,56.294,21.2999
12/07/2024 04:54:00.000,21.7146,32.2642,1.42,8.597,56.305,21.2992
12/07/2024 04:55:00.999,21.7106,32.2646,1.43,8.597,56.323,21.2981
12/07/2024 04:56:00.998,21.7102,32.2649,1.42,8.597,56.238,21.2983
12/07/2024 04:57:00.001,21.7071,32.2639,1.42,8.597,56.293,21.2977
12/07/2024 04:58:00.000,21.7059,32.2647,1.43,8.597,56.393,21.2977
12/07/2024 04:59:00.999,21.7042,32.2684,1.42,8.597,56.386,21.2964
12/07/2024 05:00:00.002,21.7056,32.2636,1.42,8.597,56.378,21.2965
12/07/2024 05:01:00.001,21.7023,32.2671,1.42,8.597,56.321,21.2958
12/07/2024 05:02:00.000,21.7017,32.2660,1.42,8.597,56.422,21.2947
12/07/2024 05:03:00.999,21.7053,32.2667,1.42,8.597,56.303,21.2942
12/07/2024 05:04:00.001,21.7052,32.2681,1.43,8.597,56.348,21.2944
12/07/2024 05:05:00.000,21.7038,32.2657,1.42,8.597,56.237,21.2942
12/07/2024 05:06:00.000,21.7013,32.2643,1.42,8.597,56.367,21.2938
12/07/2024 05:07:00.999,21.6977,32.2698,1.42,8.597,56.273,21.2911
12/07/2024 05:08:00.001,21.7054,32.2677,1.43,8.597,56.388,21.2919
12/07/2024 05:09:00.000,21.7032,32.2641,1.42,8.597,56.281,21.2910
12/07/2024 05:10:00.999,21.6980,32.2658,1.42,8.596,56.249,21.2917
12/07/2024 05:11:00.998,21.6958,32.2676,1.42,8.596,56.253,21.2888
12/07/2024 05:12:00.001,21.6981,32.2673,1.42,8.596,56.237,21.2898
12/07/2024 05:13:00.000,21.6986,32.2656,1.42,8.596,56.219,21.2896
12/07/2024 05:14:00.999,21.6985,32.2673,1.43,8.596,56.333,21.2890
12/07/2024 05:15:00.002,21.6963,32.2654,1.42,8.596,56.250,21.2884
12/07/2024 05:16:00.001,21.6929,32.2660,1.43,8.596,56.386,21.2881
12/07/2024 05:17:00.000,21.6915,32.2675,1.42,8.595,56.434,21.2883
12/07/2024 05:18:00.999,21.6933,32.2664,1.42,8.595,56.381,21.2881
12/07/2024 05:19:00.001,21.6926,32.2669,1.43,8.595,56.431,21.2879
12/07/2024 05:20:00.000,21.6923,32.2672,1.42,8.595,56.368,21.2879
12/07/2024 05:21:00.000,21.6907,32.2683,1.41,8.595,56.314,21.2875
12/07/2024 05:22:00.999,21.6928,32.2713,1.43,8.595,56.340,21.2861
12/07/2024 05:23:00.001,21.6978,32.2672,1.42,8.594,56.320,21.2856
12/07/2024 05:24:00.000,21.6962,32.2664,1.42,8.594,56.411,21.2856
12/07/2024 05:25:00.999,21.6976,32.2669,1.42,8.594,56.389,21.2850
12/07/2024 05:26:00.998,21.7000,32.2692,1.42,8.594,56.376,21.2839
12/07/2024 05:27:00.001,21.7013,32.2638,1.42,8.594,56.317,21.2844
12/07/2024 05:28:00.000,21.6945,32.2663,1.44,8.594,56.415,21.2833
12/07/2024 05:29:00.999,21.6940,32.2682,1.43,8.594,56.364,21.2830
12/07/2024 05:30:00.002,21.6943,32.2682,1.43,8.594,56.277,21.2830
12/07/2024 05:31:00.001,21.6981,32.2655,1.44,8.594,56.337,21.2813
12/07/2024 05:32:00.000,21.6941,32.2653,1.42,8.594,56.351,21.2808
12/07/2024 05:33:00.999,21.6900,32.2656,1.42,8.594,56.367,21.2818
12/07/2024 05:34:00.001,21.6896,32.2658,1.43,8.594,56.258,21.2812
12/07/2024 05:35:00.000,21.6868,32.2687,1.43,8.594,56.392,21.2808
12/07/2024 05:36:00.000,21.6875,32.2696,1.43,8.594,56.359,21.2800
12/07/2024 05:37:00.999,21.6888,32.2660,1.43,8.594,56.441,21.2799
12/07/2024 05:38:00.001,21.6870,32.2673,1.43,8.594,56.409,21.2791
12/07/2024 05:39:00.000,21.6845,32.2687,1.44,8.594,56.474,21.2790
12/07/2024 05:40:00.999,21.6876,32.2656,1.43,8.594,56.366,21.2773
12/07/2024 05:41:00.998,21.6839,32.2660,1.43,8.594,56.450,21.2779
12/07/2024 05:42:00.001,21.6871,32.2704,1.43,8.594,56.422,21.2781
12/07/2024 05:43:00.000,21.6867,32.2680,1.43,8.594,56.443,21.2768
12/07/2024 05:44:00.999,21.6879,32.2676,1.43,8.594,56.303,21.2766
12/07/2024 05:45:00.002,21.6889,32.2675,1.43,8.594,56.257,21.2760
12/07/2024 05:46:00.001,21.6873,32.2651,1.43,8.595,56.306,21.2766
12/07/2024 05:47:00.000,21.6828,32.2667,1.43,8.595,56.319,21.2756
12/07/2024 05:48:00.999,21.6793,32.2665,1.43,8.595,56.453,21.2739
12/07/2024 05:49:00.001,21.6766,32.2652,1.44,8.595,56.363,21.2732
12/07/2024 05:50:00.000,21.6736,32.2671,1.43,8.595,56.321,21.2735
12/07/2024 05:51:00.000,21.6757,32.2669,1.42,8.596,56.316,21.2731
12/07/2024 05:52:00.999,21.6733,32.2702,1.43,8.596,56.319,21.2723
12/07/2024 05:53:00.001,21.6799,32.2697,1.43,8.596,56.210,21.2719
12/07/2024 05:54:00.000,21.6810,32.2678,1.41,8.597,56.217,21.2714
12/07/2024 05:55:00.999,21.6815,32.2668,1.42,8.597,56.196,21.2716
12/07/2024 05:56:00.998,21.6822,32.2692,1.43,8.598,56.265,21.2695
12/07/2024 05:57:00.001,21.6820,32.2681,1.43,8.598,56.310,21.2693
12/07/2024 05:58:00.000,21.6788,32.2665,1.42,8.599,56.314,21.2708
12/07/2024 05:59:00.999,21.6749,32.2674,1.43,8.599,56.307,21.2697
12/07/2024 06:00:00.002,21.6735,32.2691,1.43,8.600,56.296,21.2692
12/07/2024 06:01:00.001,21.6720,32.2701,1.44,8.600,56.408,21.2687
12/07/2024 06:02:00.000,21.6726,32.2711,1.42,8.600,56.286,21.2682
12/07/2024 06:03:00.999,21.6731,32.2695,1.43,8.601,56.293,21.2682
12/07/2024 06:04:00.001,21.6750,32.2713,1.42,8.601,56.326,21.2669
12/07/2024 06:05:00.000,21.6792,32.2716,1.42,8.601,56.276,21.2670
12/07/2024 06:06:00.000,21.6788,32.2716,1.41,8.602,56.394,21.2671
12/07/2024 06:07:00.999,21.6785,32.2667,1.42,8.602,56.326,21.2669
12/07/2024 06:08:00.001,21.6718,32.2688,1.43,8.602,56.408,21.2654
12/07/2024 06:09:00.000,21.6701,32.2699,1.42,8.602,56.499,21.2661
12/07/2024 06:10:00.999,21.6722,32.2724,1.42,8.603,56.320,21.2652
12/07/2024 06:11:00.998,21.6766,32.2711,1.43,8.603,56.251,21.2651
12/07/2024 06:12:00.001,21.6741,32.2679,1.43,8.603,56.341,21.2649
12/07/2024 06:13:00.000,21.6719,32.2685,1.43,8.603,56.381,21.2646
12/07/2024 06:14:00.999,21.6683,32.2690,1.43,8.603,56.244,21.2642
12/07/2024 06:15:00.002,21.6679,32.2722,1.43,8.604,56.345,21.2621
12/07/2024 06:16:00.001,21.6716,32.2697,1.42,8.604,56.301,21.2628
12/07/2024 06:17:00.000,21.6694,32.2695,1.42,8.604,56.233,21.2609
12/07/2024 06:18:00.999,21.6722,32.2692,1.43,8.604,56.411,21.2624
12/07/2024 06:19:00.001,21.6676,32.2712,1.43,8.605,56.262,21.2618
12/07/2024 06:20:00.000,21.6667,32.2676,1.43,8.605,56.233,21.2608
12/07/2024 06:21:00.000,21.6650,32.2700,1.42,8.605,56.383,21.2610
12/07/2024 06:22:00.999,21.6630,32.2680,1.43,8.605,56.324,21.2602
12/07/2024 06:23:00.001,21.6619,32.2692,1.43,8.605,56.301,21.2601
12/07/2024 06:24:00.000,21.6640,32.2735,1.42,8.605,56.274,21.2599
12/07/2024 06:25:00.999,21.6680,32.2724,1.43,8.605,56.343,21.2581
12/07/2024 06:26:00.998,21.6690,32.2690,1.43,8.606,56.255,21.2590
12/07/2024 06:27:00.001,21.6659,32.2696,1.43,8.606,56.264,21.2583
12/07/2024 06:28:00.000,21.6683,32.2694,1.43,8.606,56.265,21.2578
12/07/2024 06:29:00.999,21.6683,32.2724,1.42,8.606,56.241,21.2572
12/07/2024 06:30:00.002,21.6674,32.2700,1.42,8.606,56.243,21.2565
12/07/2024 06:31:00.001,21.6666,32.2705,1.42,8.606,56.304,21.2568
12/07/2024 06:32:00.000,21.6666,32.2716,1.42,8.606,56.216,21.2548
12/07/2024 06:33:00.999,21.6688,32.2710,1.42,8.607,56.217,21.2554
12/07/2024 06:34:00.001,21.6674,32.2704,1.42,8.607,56.337,21.2554
12/07/2024 06:35:00.000,21.6698,32.2728,1.43,8.607,56.174,21.2551
12/07/2024 06:36:00.000,21.6700,32.2708,1.43,8.607,56.294,21.2550
12/07/2024 06:37:00.999,21.6674,32.2697,1.43,8.607,56.319,21.2541
12/07/2024 06:38:00.001,21.6662,32.2677,1.43,8.607,56.218,21.2535
12/07/2024 06:39:00.000,21.6631,32.2720,1.42,8.607,56.267,21.2536
12/07/2024 06:40:00.999,21.6611,32.2671,1.43,8.607,56.310,21.2530
12/07/2024 06:41:00.998,21.6562,32.2721,1.42,8.607,56.291,21.2525
12/07/2024 06:42:00.001,21.6560,32.2718,1.43,8.607,56.287,21.2527
12/07/2024 06:43:00.000,21.6562,32.2720,1.43,8.607,56.254,21.2519
12/07/2024 06:44:00.999,21.6565,32.2743,1.43,8.607,56.263,21.2519
12/07/2024 06:45:00.002,21.6571,32.2718,1.42,8.607,56.260,21.2506
12/07/2024 06:46:00.001,21.6597,32.2697,1.43,8.607,56.394,21.2508
12/07/2024 06:47:00.000,21.6593,32.2726,1.43,8.607,56.288,21.2507
12/07/2024 06:48:00.999,21.6610,32.2714,1.43,8.607,56.356,21.2499
12/07/2024 06:49:00.001,21.6641,32.2727,1.42,8.607,56.269,21.2496
12/07/2024 06:50:00.000,21.6645,32.2693,1.43,8.607,56.198,21.2492
12/07/2024 06:51:00.000,21.6640,32.2720,1.43,8.606,56.210,21.2489
12/07/2024 06:52:00.999,21.6607,32.2690,1.43,8.606,56.183,21.2483
12/07/2024 06:53:00.001,21.6571,32.2706,1.42,8.606,56.244,21.2471
12/07/2024 06:54:00.000,21.6555,32.2733,1.43,8.606,56.328,21.2462
12/07/2024 06:55:00.999,21.6577,32.2717,1.43,8.605,56.301,21.2469
12/07/2024 06:56:00.998,21.6595,32.2709,1.42,8.605,56.237,21.2474
12/07/2024 06:57:00.001,21.6574,32.2715,1.43,8.604,56.360,21.2464
12/07/2024 06:58:00.000,21.6563,32.2712,1.42,8.604,56.364,21.2462
12/07/2024 06:59:00.999,21.6559,32.2710,1.43,8.604,56.313,21.2454
12/07/2024 07:00:00.998,21.6553,32.2718,1.43,8.603,56.305,21.2456
12/07/2024 07:01:00.997,21.6548,32.2710,1.43,8.603,56.322,21.2452
12/07/2024 07:02:00.003,21.6524,32.2704,1.42,8.602,56.241,21.2442
12/07/2024 07:03:00.002,21.6513,32.2714,1.43,8.602,56.352,21.2443
12/07/2024 07:04:00.001,21.6522,32.2719,1.44,8.602,56.189,21.2434
12/07/2024 07:05:00.000,21.6513,32.2715,1.43,8.601,56.281,21.2423
12/07/2024 07:06:00.000,21.6518,32.2716,1.43,8.601,56.278,21.2426
12/07/2024 07:07:00.999,21.6541,32.2734,1.43,8.600,56.282,21.2424
12/07/2024 07:08:00.998,21.6563,32.2724,1.43,8.600,56.333,21.2421
12/07/2024 07:09:00.997,21.6585,32.2734,1.43,8.599,56.341,21.2414
12/07/2024 07:10:00.003,21.6576,32.2747,1.42,8.598,56.337,21.2414
12/07/2024 07:11:00.002,21.6627,32.2745,1.43,8.598,56.389,21.2405
12/07/2024 07:12:00.001,21.6611,32.2709,1.44,8.597,56.404,21.2405
12/07/2024 07:13:00.000,21.6567,32.2722,1.43,8.597,56.318,21.2400
12/07/2024 07:14:00.999,21.6578,32.2720,1.44,8.597,56.320,21.2394
12/07/2024 07:15:00.998,21.6540,32.2723,1.44,8.596,56.436,21.2394
12/07/2024 07:16:00.997,21.6536,32.2715,1.44,8.596,56.368,21.2392
12/07/2024 07:17:00.003,21.6537,32.2745,1.44,8.596,56.350,21.2384
12/07/2024 07:18:00.002,21.6564,32.2741,1.43,8.595,56.361,21.2379
12/07/2024 07:19:00.001,21.6606,32.2748,1.42,8.595,56.415,21.2377
12/07/2024 07:20:00.000,21.6599,32.2702,1.43,8.595,56.235,21.2370
12/07/2024 07:21:00.000,21.6580,32.2726,1.43,8.594,56.264,21.2357
12/07/2024 07:22:00.999,21.6558,32.2707,1.43,8.594,56.287,21.2354
12/07/2024 07:23:00.998,21.6513,32.2719,1.43,8.594,56.413,21.2361
12/07/2024 07:24:00.997,21.6474,32.2727,1.43,8.593,56.328,21.2358
12/07/2024 07:25:00.003,21.6494,32.2736,1.43,8.593,56.545,21.2357
12/07/2024 07:26:00.002,21.6488,32.2711,1.44,8.592,56.379,21.2354
12/07/2024 07:27:00.001,21.6482,32.2751,1.43,8.592,56.210,21.2346
12/07/2024 07:28:00.000,21.6470,32.2722,1.43,8.591,56.373,21.2345
12/07/2024 07:29:00.999,21.6489,32.2722,1.43,8.591,56.324,21.2339
12/07/2024 07:30:00.998,21.6488,32.2725,1.43,8.590,56.331,21.2314
12/07/2024 07:31:00.997,21.6495,32.2747,1.42,8.590,56.431,21.2332
12/07/2024 07:32:00.003,21.6470,32.2718,1.43,8.590,56.397,21.2325
12/07/2024 07:33:00.002,21.6494,32.2776,1.43,8.589,56.317,21.2320
12/07/2024 07:34:00.001,21.6527,32.2750,1.43,8.589,56.461,21.2314
12/07/2024 07:35:00.000,21.6524,32.2729,1.43,8.588,56.445,21.2312
12/07/2024 07:36:00.000,21.6502,32.2730,1.44,8.588,56.308,21.2310
12/07/2024 07:37:00.999,21.6509,32.2738,1.43,8.588,56.438,21.2307
12/07/2024 07:38:00.998,21.6494,32.2733,1.43,8.587,56.368,21.2292
12/07/2024 07:39:00.997,21.6496,32.2771,1.43,8.587,56.390,21.2298
12/07/2024 07:40:00.003,21.6528,32.2749,1.44,8.587,56.427,21.2296
12/07/2024 07:41:00.002,21.6501,32.2715,1.43,8.586,56.484,21.2281
12/07/2024 07:42:00.001,21.6460,32.2735,1.43,8.586,56.541,21.2294
12/07/2024 07:43:00.000,21.6454,32.2717,1.43,8.586,56.345,21.2286
12/07/2024 07:44:00.999,21.6434,32.2753,1.43,8.586,56.395,21.2283
12/07/2024 07:45:00.998,21.6456,32.2716,1.44,8.586,56.367,21.2282
12/07/2024 07:46:00.997,21.6436,32.2721,1.43,8.586,56.309,21.2273
12/07/2024 07:47:00.003,21.6433,32.2745,1.43,8.586,56.442,21.2266
12/07/2024 07:48:00.002,21.6464,32.2752,1.44,8.586,56.447,21.2270
12/07/2024 07:49:00.001,21.6483,32.2760,1.43,8.586,56.438,21.2255
12/07/2024 07:50:00.000,21.6499,32.2742,1.43,8.586,56.442,21.2259
12/07/2024 07:51:00.000,21.6499,32.2737,1.43,8.586,56.240,21.2256
12/07/2024 07:52:00.999,21.6494,32.2732,1.44,8.586,56.464,21.2252
12/07/2024 07:53:00.998,21.6456,32.2727,1.43,8.586,56.432,21.2243
12/07/2024 07:54:00.997,21.6418,32.2724,1.44,8.586,56.476,21.2245
12/07/2024 07:55:00.003,21.6418,32.2753,1.44,8.586,56.487,21.2236
12/07/2024 07:56:00.002,21.6447,32.2744,1.43,8.586,56.439,21.2233
12/07/2024 07:57:00.001,21.6445,32.2725,1.43,8.586,56.326,21.2234
12/07/2024 07:58:00.000,21.6440,32.2739,1.43,8.586,56.438,21.2227
12/07/2024 07:59:00.999,21.6439,32.2739,1.43,8.586,56.514,21.2229
12/07/2024 08:00:00.998,21.6430,32.2752,1.44,8.586,56.403,21.2212
12/07/2024 08:01:00.997,21.6442,32.2753,1.44,8.586,56.486,21.2217
12/07/2024 08:02:00.003,21.6457,32.2760,1.44,8.586,56.422,21.2216
12/07/2024 08:03:00.002,21.6468,32.2759,1.44,8.586,56.384,21.2215
12/07/2024 08:04:00.001,21.6496,32.2745,1.43,8.586,56.363,21.2213
12/07/2024 08:05:00.000,21.6500,32.2730,1.43,8.586,56.329,21.2210
12/07/2024 08:06:00.000,21.6445,32.2737,1.43,8.586,56.398,21.2203
12/07/2024 08:07:00.999,21.6421,32.2724,1.44,8.586,56.388,21.2186
12/07/2024 08:08:00.998,21.6402,32.2745,1.44,8.586,56.381,21.2183
12/07/2024 08:09:00.997,21.6402,32.2738,1.43,8.586,56.276,21.2170
12/07/2024 08:10:00.003,21.6384,32.2752,1.43,8.587,56.274,21.2178
12/07/2024 08:11:00.002,21.6403,32.2769,1.45,8.587,56.279,21.2173
12/07/2024 08:12:00.001,21.6435,32.2785,1.44,8.587,56.329,21.2170
12/07/2024 08:13:00.000,21.6512,32.2777,1.44,8.587,56.404,21.2167
12/07/2024 08:14:00.999,21.6522,32.2740,1.44,8.587,56.276,21.2155
12/07/2024 08:15:00.998,21.6473,32.2737,1.45,8.588,56.333,21.2155
12/07/2024 08:16:00.997,21.6454,32.2727,1.43,8.588,56.329,21.2156
12/07/2024 08:17:00.003,21.6423,32.2762,1.44,8.588,56.342,21.2143
12/07/2024 08:18:00.002,21.6463,32.2763,1.44,8.589,56.384,21.2164
12/07/2024 08:19:00.001,21.6463,32.2772,1.44,8.589,56.422,21.2162
12/07/2024 08:20:00.000,21.6476,32.2753,1.44,8.589,56.286,21.2155
12/07/2024 08:21:00.000,21.6488,32.2736,1.43,8.590,56.341,21.2147
12/07/2024 08:22:00.999,21.6497,32.2786,1.43,8.590,56.339,21.2150
12/07/2024 08:23:00.998,21.6500,32.2748,1.43,8.590,56.351,21.2150
12/07/2024 08:24:00.997,21.6497,32.2753,1.43,8.590,56.341,21.2145
12/07/2024 08:25:00.003,21.6467,32.2747,1.43,8.590,56.408,21.2141
12/07/2024 08:26:00.002,21.6436,32.2723,1.44,8.591,56.332,21.2139
12/07/2024 08:27:00.001,21.6399,32.2747,1.45,8.591,56.294,21.2140
12/07/2024 08:28:00.000,21.6390,32.2774,1.43,8.591,56.328,21.2129
12/07/2024 08:29:00.999,21.6382,32.2770,1.42,8.591,56.370,21.2132
12/07/2024 08:30:00.998,21.6410,32.2789,1.43,8.591,56.307,21.2126
12/07/2024 08:31:00.997,21.6428,32.2755,1.44,8.590,56.501,21.2124
12/07/2024 08:32:00.003,21.6447,32.2791,1.44,8.590,56.467,21.2115
12/07/2024 08:33:00.002,21.6512,32.2780,1.43,8.590,56.479,21.2115
12/07/2024 08:34:00.001,21.6509,32.2775,1.44,8.591,56.388,21.2110
12/07/2024 08:35:00.000,21.6456,32.2740,1.43,8.590,56.499,21.2112
12/07/2024 08:36:00.000,21.6420,32.2774,1.44,8.590,56.422,21.2099
12/07/2024 08:37:00.999,21.6427,32.2772,1.44,8.590,56.444,21.2093
12/07/2024 08:38:00.998,21.6463,32.2783,1.43,8.590,56.392,21.2102
12/07/2024 08:39:00.997,21.6481,32.2760,1.44,8.590,56.301,21.2096
12/07/2024 08:40:00.003,21.6479,32.2765,1.43,8.590,56.433,21.2095
12/07/2024 08:41:00.002,21.6483,32.2734,1.44,8.590,56.318,21.2091
12/07/2024 08:42:00.001,21.6446,32.2746,1.44,8.590,56.382,21.2089
12/07/2024 08:43:00.000,21.6420,32.2744,1.43,8.590,56.150,21.2086
12/07/2024 08:44:00.999,21.6415,32.2759,1.43,8.590,56.270,21.2072
12/07/2024 08:45:00.998,21.6408,32.2755,1.43,8.590,56.245,21.2053
12/07/2024 08:46:00.997,21.6406,32.2774,1.43,8.590,56.412,21.2071
12/07/2024 08:47:00.003,21.6404,32.2772,1.44,8.590,56.385,21.2063
12/07/2024 08:48:00.002,21.6432,32.2776,1.43,8.590,56.564,21.2055
12/07/2024 08:49:00.001,21.6417,32.2750,1.43,8.591,56.483,21.2059
12/07/2024 08:50:00.000,21.6433,32.2769,1.43,8.591,56.312,21.2055
12/07/2024 08:51:00.000,21.6484,32.2767,1.43,8.591,56.508,21.2051
12/07/2024 08:52:00.999,21.6479,32.2771,1.43,8.591,56.502,21.2041
12/07/2024 08:53:00.998,21.6489,32.2756,1.43,8.591,56.350,21.2036
12/07/2024 08:54:00.997,21.6466,32.2765,1.43,8.591,56.318,21.2031
12/07/2024 08:55:00.003,21.6460,32.2798,1.43,8.591,56.371,21.2029
12/07/2024 08:56:00.002,21.6500,32.2792,1.43,8.591,56.322,21.2014
12/07/2024 08:57:00.001,21.6495,32.2757,1.43,8.592,56.445,21.2021
12/07/2024 08:58:00.000,21.6481,32.2774,1.42,8.592,56.298,21.2025
12/07/2024 08:59:00.999,21.6483,32.2747,1.43,8.592,56.343,21.2018
12/07/2024 09:00:00.998,21.6483,32.2766,1.43,8.592,56.413,21.2015
12/07/2024 09:01:00.997,21.6465,32.2787,1.43,8.593,56.259,21.2013
12/07/2024 09:02:00.003,21.6514,32.2777,1.43,8.593,56.272,21.2013
12/07/2024 09:03:00.002,21.6515,32.2768,1.43,8.593,56.402,21.2008
12/07/2024 09:04:00.001,21.6520,32.2767,1.43,8.593,56.381,21.1998
12/07/2024 09:05:00.000,21.6518,32.2789,1.43,8.593,56.340,21.2001
12/07/2024 09:06:00.000,21.6534,32.2746,1.43,8.593,56.356,21.2006
12/07/2024 09:07:00.999,21.6503,32.2775,1.43,8.594,56.366,21.2005
12/07/2024 09:08:00.998,21.6514,32.2770,1.43,8.594,56.422,21.2000
12/07/2024 09:09:00.997,21.6536,32.2793,1.43,8.594,56.409,21.1997
12/07/2024 09:10:00.003,21.6526,32.2761,1.43,8.594,56.486,21.1990
12/07/2024 09:11:00.002,21.6543,32.2803,1.43,8.595,56.411,21.1990
12/07/2024 09:12:00.001,21.6577,32.2773,1.43,8.595,56.428,21.1992
12/07/2024 09:13:00.000,21.6573,32.2787,1.44,8.595,56.440,21.1999
12/07/2024 09:14:00.999,21.6569,32.2751,1.43,8.595,56.321,21.2000
12/07/2024 09:15:00.998,21.6536,32.2782,1.43,8.595,56.368,21.1990
12/07/2024 09:16:00.997,21.6580,32.2787,1.43,8.595,56.410,21.0645
12/07/2024 09:17:00.003,21.6601,32.2784,1.43,8.595,56.316,21.1015
12/07/2024 09:18:00.002,21.6577,32.2749,1.42,8.595,56.314,21.1003
12/07/2024 09:19:00.001,21.6556,32.2782,1.43,8.595,56.342,21.0980
12/07/2024 09:20:00.000,21.6586,32.2775,1.43,8.595,56.258,21.1074
12/07/2024 09:21:00.000,21.6586,32.2776,1.42,8.595,56.216,21.0989
12/07/2024 09:22:00.999,21.6581,32.2774,1.43,8.595,56.304,21.0839
12/07/2024 09:23:00.998,21.6582,32.2790,1.43,8.596,56.273,21.0803
12/07/2024 09:24:00.997,21.6581,32.2746,1.43,8.596,56.350,21.0831
12/07/2024 09:25:00.003,21.6591,32.2803,1.43,8.596,56.185,21.0768
12/07/2024 09:26:00.002,21.6637,32.2795,1.43,8.596,56.385,21.0765
12/07/2024 09:27:00.001,21.6670,32.2798,1.43,8.596,56.250,21.0759
12/07/2024 09:28:00.000,21.6673,32.2763,1.43,8.596,56.297,21.0741
12/07/2024 09:29:00.999,21.6659,32.2772,1.43,8.596,56.314,21.0665
12/07/2024 09:30:00.998,21.6651,32.2798,1.44,8.596,56.327,21.0674
12/07/2024 09:31:00.997,21.6677,32.2785,1.43,8.596,56.350,21.0709
12/07/2024 09:32:00.003,21.6706,32.2776,1.43,8.596,56.300,21.0723
12/07/2024 09:33:00.002,21.6661,32.2765,1.44,8.596,56.269,21.0700
12/07/2024 09:34:00.001,21.6626,32.2764,1.44,8.596,56.391,21.0691
12/07/2024 09:35:00.000,21.6595,32.2769,1.44,8.596,56.174,21.0640
12/07/2024 09:36:00.000,21.6598,32.2815,1.43,8.596,56.312,21.0535
12/07/2024 09:37:00.999,21.6624,32.2785,1.43,8.596,56.411,21.0580
12/07/2024 09:38:00.998,21.6665,32.2807,1.43,8.597,56.401,21.0714
12/07/2024 09:39:00.997,21.6690,32.2802,1.43,8.597,56.359,21.0749
12/07/2024 09:40:00.003,21.6707,32.2781,1.43,8.597,56.271,21.0732
12/07/2024 09:41:00.002,21.6705,32.2793,1.43,8.597,56.354,21.0733
12/07/2024 09:42:00.001,21.6699,32.2779,1.43,8.597,56.332,21.0707
12/07/2024 09:43:00.000,21.6675,32.2785,1.43,8.597,56.276,21.0570
12/07/2024 09:44:00.999,21.6671,32.2779,1.43,8.597,56.265,21.0584
12/07/2024 09:45:00.998,21.6662,32.2794,1.44,8.596,56.348,21.0841
12/07/2024 09:46:00.997,21.6678,32.2775,1.43,8.596,56.364,21.0756
12/07/2024 09:47:00.003,21.6686,32.2777,1.42,8.596,56.289,21.0716
12/07/2024 09:48:00.002,21.6686,32.2790,1.43,8.596,56.398,21.0623
12/07/2024 09:49:00.001,21.6688,32.2768,1.43,8.596,56.289,21.0615
12/07/2024 09:50:00.000,21.6676,32.2770,1.43,8.596,56.216,21.0695
12/07/2024 09:51:00.000,21.6651,32.2796,1.43,8.597,56.337,21.0716
12/07/2024 09:52:00.999,21.6665,32.2793,1.43,8.597,56.335,21.0679
12/07/2024 09:53:00.998,21.6674,32.2803,1.43,8.597,56.272,21.0635
12/07/2024 09:54:00.997,21.6696,32.2777,1.43,8.597,56.276,21.0690
12/07/2024 09:55:00.003,21.6704,32.2810,1.43,8.598,56.447,21.0730
12/07/2024 09:56:00.002,21.6744,32.2790,1.44,8.598,56.430,21.0772
12/07/2024 09:57:00.001,21.6745,32.2776,1.44,8.598,56.342,21.0865
12/07/2024 09:58:00.000,21.6723,32.2773,1.44,8.598,56.401,21.0901
12/07/2024 09:59:00.999,21.6697,32.2807,1.44,8.599,56.394,21.0824
12/07/2024 10:00:00.998,21.6721,32.2787,1.44,8.599,56.473,21.0823
12/07/2024 10:01:00.997,21.6685,32.2782,1.43,8.599,56.357,21.0824
