Cruise namePNNL Tank
cast nameCast 186
cruise start date15/08/2023
cruise end date15/08/2023
22/07/2024 14:58:18.000,21.8766,32.9207,1.25,7.921,55.324,21.7331
22/07/2024 14:59:18.000,21.8773,32.9200,1.24,7.973,55.258,21.7323
22/07/2024 15:00:18.000,21.8769,32.9200,1.23,8.003,55.154,21.7334
22/07/2024 15:01:18.000,21.8777,32.9206,1.23,8.022,55.088,21.7281
22/07/2024 15:02:18.000,21.8780,32.9202,1.24,8.037,55.110,21.7266
22/07/2024 15:03:18.000,21.8780,32.9197,1.24,8.048,55.236,21.7246
22/07/2024 15:04:18.000,21.8753,32.9201,1.24,8.057,55.200,21.7290
22/07/2024 15:05:18.000,21.8742,32.9201,1.24,8.064,55.175,21.7268
22/07/2024 15:06:18.000,21.8749,32.9192,1.23,8.070,55.109,21.7287
22/07/2024 15:07:18.000,21.8739,32.9185,1.23,8.075,55.129,21.7273
22/07/2024 15:08:18.000,21.8734,32.9193,1.22,8.079,55.115,21.7256
22/07/2024 15:09:18.000,21.8733,32.9194,1.23,8.083,55.172,21.7321
22/07/2024 15:10:18.000,21.8730,32.9204,1.23,8.086,55.096,21.7354
22/07/2024 15:11:18.000,21.8735,32.9199,1.23,8.089,55.054,21.7408
22/07/2024 15:12:18.000,21.8725,32.9200,1.23,8.092,55.161,21.7392
22/07/2024 15:13:18.000,21.8730,32.9196,1.23,8.093,55.158,21.7361
22/07/2024 15:14:18.000,21.8732,32.9206,1.22,8.095,55.034,21.7362
22/07/2024 15:15:18.000,21.8724,32.9210,1.24,8.097,55.100,21.7353
22/07/2024 15:16:18.000,21.8720,32.9211,1.23,8.099,55.080,21.7352
22/07/2024 15:17:18.000,21.8713,32.9208,1.22,8.100,55.033,21.7359
22/07/2024 15:18:18.000,21.8714,32.9206,1.23,8.101,55.068,21.7359
22/07/2024 15:19:18.000,21.8707,32.9199,1.22,8.103,54.921,21.7366
22/07/2024 15:20:18.000,21.8703,32.9204,1.22,8.104,55.025,21.7363
22/07/2024 15:21:18.000,21.8700,32.9215,1.22,8.105,54.926,21.7365
22/07/2024 15:22:18.000,21.8702,32.9209,1.22,8.106,55.019,21.7369
22/07/2024 15:23:18.000,21.8703,32.9210,1.22,8.106,54.909,21.7370
22/07/2024 15:24:18.000,21.8702,32.9213,1.22,8.107,55.019,21.7372
22/07/2024 15:25:18.000,21.8703,32.9214,1.22,8.108,55.109,21.7363
22/07/2024 15:26:18.000,21.8698,32.9217,1.21,8.108,55.108,21.7378
22/07/2024 15:27:18.000,21.8711,32.9219,1.22,8.109,55.068,21.7376
22/07/2024 15:28:18.000,21.8727,32.9220,1.23,8.110,55.161,21.7383
22/07/2024 15:29:18.000,21.8730,32.9222,1.23,8.111,55.148,21.7386
22/07/2024 15:30:18.000,21.8751,32.9218,1.22,8.111,55.056,21.7387
22/07/2024 15:31:18.000,21.8767,32.9214,1.21,8.112,55.073,21.7385
22/07/2024 15:32:18.000,21.8782,32.9211,1.21,8.112,55.134,21.7389
22/07/2024 15:33:18.000,21.8790,32.9220,1.21,8.112,55.112,21.7385
22/07/2024 15:34:18.000,21.8807,32.9208,1.21,8.113,55.151,21.7391
22/07/2024 15:35:18.000,21.8824,32.9211,1.21,8.113,55.083,21.7388
22/07/2024 15:36:18.000,21.8835,32.9211,1.21,8.114,55.212,21.7390
22/07/2024 15:37:18.000,21.8845,32.9214,1.21,8.114,55.119,21.7399
22/07/2024 15:38:18.000,21.8851,32.9211,1.21,8.114,55.109,21.7397
22/07/2024 15:39:18.000,21.8864,32.9220,1.22,8.115,55.275,21.7402
22/07/2024 15:40:18.000,21.8862,32.9218,1.22,8.115,55.171,21.7403
22/07/2024 15:41:18.000,21.8863,32.9203,1.22,8.116,55.173,21.7405
22/07/2024 15:42:18.000,21.8864,32.9222,1.22,8.117,55.281,21.7391
22/07/2024 15:43:18.000,21.8870,32.9215,1.22,8.117,55.219,21.7397
22/07/2024 15:44:18.000,21.8878,32.9215,1.21,8.118,55.217,21.7407
22/07/2024 15:45:18.000,21.8887,32.9202,1.21,8.118,55.123,21.7411
22/07/2024 15:46:18.000,21.8880,32.9218,1.22,8.118,55.094,21.7407
22/07/2024 15:47:18.000,21.8886,32.9208,1.21,8.118,55.159,21.7404
22/07/2024 15:48:18.000,21.8892,32.9223,1.22,8.119,55.189,21.7456
22/07/2024 15:49:18.000,21.8898,32.9206,1.21,8.120,54.977,21.7457
22/07/2024 15:50:18.000,21.8900,32.9215,1.22,8.120,55.141,21.7461
22/07/2024 15:51:18.000,21.8902,32.9219,1.23,8.120,55.163,21.7462
22/07/2024 15:52:18.000,21.8907,32.9225,1.21,8.120,55.122,21.7469
22/07/2024 15:53:18.000,21.8916,32.9220,1.22,8.120,55.198,21.7469
22/07/2024 15:54:18.000,21.8922,32.9214,1.21,8.120,55.058,21.7472
22/07/2024 15:55:18.000,21.8928,32.9227,1.21,8.120,55.080,21.7472
22/07/2024 15:56:18.000,21.8931,32.9215,1.21,8.120,55.056,21.7478
22/07/2024 15:57:18.000,21.8926,32.9223,1.21,8.120,55.160,21.7474
22/07/2024 15:58:18.000,21.8939,32.9217,1.21,8.121,55.060,21.7476
22/07/2024 15:59:18.000,21.8946,32.9211,1.22,8.121,55.228,21.7476
22/07/2024 16:00:18.000,21.8960,32.9214,1.22,8.121,55.075,21.7481
22/07/2024 16:01:18.000,21.8955,32.9222,1.22,8.121,55.149,21.7488
22/07/2024 16:02:18.000,21.8959,32.9233,1.22,8.121,55.116,21.7486
22/07/2024 16:03:18.000,21.8965,32.9226,1.23,8.121,55.158,21.7482
22/07/2024 16:04:18.000,21.8965,32.9235,1.22,8.121,55.181,21.7488
22/07/2024 16:05:18.000,21.8961,32.9235,1.21,8.121,55.087,21.7490
22/07/2024 16:06:18.000,21.8966,32.9223,1.21,8.122,55.021,21.7494
22/07/2024 16:07:18.000,21.8968,32.9224,1.21,8.122,55.136,21.7485
22/07/2024 16:08:18.000,21.8967,32.9227,1.21,8.122,55.150,21.7489
22/07/2024 16:09:18.000,21.8960,32.9216,1.23,8.122,55.107,21.7490
22/07/2024 16:10:18.000,21.8945,32.9226,1.21,8.122,55.083,21.7501
22/07/2024 16:11:18.000,21.8936,32.9216,1.20,8.122,55.081,21.7500
22/07/2024 16:12:18.000,21.8912,32.9242,1.21,8.122,55.116,21.7499
22/07/2024 16:13:18.000,21.8891,32.9227,1.21,8.122,55.290,21.7497
22/07/2024 16:14:18.000,21.8881,32.9236,1.21,8.122,55.138,21.7505
22/07/2024 16:15:18.000,21.8861,32.9225,1.22,8.122,55.113,21.7501
22/07/2024 16:16:18.000,21.8848,32.9230,1.21,8.122,55.294,21.7503
22/07/2024 16:17:18.000,21.8833,32.9228,1.21,8.122,55.199,21.7504
22/07/2024 16:18:18.000,21.8824,32.9234,1.21,8.122,55.314,21.7507
22/07/2024 16:19:18.000,21.8829,32.9215,1.20,8.123,55.204,21.7502
22/07/2024 16:20:18.000,21.8806,32.9228,1.21,8.123,55.225,21.7491
22/07/2024 16:21:18.000,21.8787,32.9242,1.20,8.123,55.180,21.7506
22/07/2024 16:22:18.000,21.8779,32.9222,1.21,8.123,55.190,21.7500
22/07/2024 16:23:18.000,21.8768,32.9241,1.21,8.123,55.220,21.7481
22/07/2024 16:24:18.000,21.8764,32.9238,1.20,8.124,55.252,21.7482
22/07/2024 16:25:18.000,21.8765,32.9238,1.20,8.124,55.214,21.7482
22/07/2024 16:26:18.000,21.8774,32.9241,1.20,8.125,55.117,21.7490
22/07/2024 16:27:18.000,21.8777,32.9240,1.21,8.125,55.166,21.7489
22/07/2024 16:28:18.000,21.8787,32.9242,1.21,8.125,55.145,21.7484
22/07/2024 16:29:18.000,21.8804,32.9260,1.22,8.125,55.252,21.7486
22/07/2024 16:30:18.000,21.8814,32.9238,1.22,8.125,55.250,21.7490
22/07/2024 16:31:18.000,21.8830,32.9244,1.22,8.125,55.174,21.7487
22/07/2024 16:32:18.000,21.8845,32.9259,1.23,8.125,55.258,21.7492
22/07/2024 16:33:18.000,21.8856,32.9242,1.22,8.125,55.217,21.7482
22/07/2024 16:34:18.000,21.8870,32.9247,1.22,8.125,55.253,21.7487
22/07/2024 16:35:18.000,21.8876,32.9247,1.22,8.125,55.211,21.7492
22/07/2024 16:36:18.000,21.8883,32.9238,1.22,8.125,55.243,21.7490
22/07/2024 16:37:18.000,21.8889,32.9242,1.23,8.125,55.183,21.7491
22/07/2024 16:38:18.000,21.8884,32.9243,1.22,8.125,55.132,21.7493
22/07/2024 16:39:18.000,21.8893,32.9245,1.22,8.125,55.230,21.7492
22/07/2024 16:40:18.000,21.8897,32.9246,1.22,8.125,55.291,21.7514
22/07/2024 16:41:18.000,21.8905,32.9244,1.22,8.125,55.146,21.7520
22/07/2024 16:42:18.000,21.8907,32.9236,1.23,8.125,55.264,21.7524
22/07/2024 16:43:18.000,21.8898,32.9246,1.22,8.125,55.278,21.7515
22/07/2024 16:44:18.000,21.8901,32.9246,1.22,8.125,55.238,21.7508
22/07/2024 16:45:18.000,21.8909,32.9238,1.23,8.125,55.187,21.7509
22/07/2024 16:46:18.000,21.8912,32.9246,1.21,8.125,55.217,21.7514
22/07/2024 16:47:18.000,21.8915,32.9242,1.22,8.125,55.230,21.7502
22/07/2024 16:48:18.000,21.8909,32.9249,1.22,8.125,55.222,21.7499
22/07/2024 16:49:18.000,21.8911,32.9247,1.22,8.126,55.233,21.7516
22/07/2024 16:50:18.000,21.8914,32.9240,1.22,8.126,55.251,21.7505
22/07/2024 16:51:18.000,21.8910,32.9249,1.22,8.127,55.265,21.7512
22/07/2024 16:52:18.000,21.8906,32.9249,1.23,8.128,55.250,21.7519
22/07/2024 16:53:18.000,21.8915,32.9256,1.22,8.128,55.141,21.7508
22/07/2024 16:54:18.000,21.8917,32.9251,1.24,8.128,55.174,21.7521
22/07/2024 16:55:18.000,21.8919,32.9254,1.23,8.129,55.201,21.7490
22/07/2024 16:56:18.000,21.8931,32.9262,1.23,8.129,55.254,21.7517
22/07/2024 16:57:18.000,21.8933,32.9248,1.24,8.130,55.154,21.7518
22/07/2024 16:58:18.000,21.8930,32.9244,1.23,8.129,55.295,21.7521
22/07/2024 16:59:18.000,21.8926,32.9247,1.23,8.129,55.171,21.7520
22/07/2024 17:00:18.000,21.8924,32.9250,1.22,8.129,55.125,21.7514
22/07/2024 17:01:18.000,21.8929,32.9259,1.23,8.129,55.165,21.7518
22/07/2024 17:02:18.000,21.8932,32.9254,1.22,8.129,55.125,21.7527
22/07/2024 17:03:18.000,21.8941,32.9253,1.22,8.129,55.164,21.7525
22/07/2024 17:04:18.000,21.8941,32.9263,1.23,8.129,55.112,21.7513
22/07/2024 17:05:18.000,21.8949,32.9255,1.23,8.129,55.122,21.7533
22/07/2024 17:06:18.000,21.8946,32.9270,1.23,8.129,55.159,21.7504
22/07/2024 17:07:18.000,21.8964,32.9250,1.22,8.129,55.071,21.7519
22/07/2024 17:08:18.000,21.8951,32.9253,1.22,8.129,55.108,21.7516
22/07/2024 17:09:18.000,21.8951,32.9260,1.23,8.129,55.141,21.7516
22/07/2024 17:10:18.000,21.8943,32.9261,1.22,8.129,55.110,21.7522
22/07/2024 17:11:18.000,21.8911,32.9110,1.21,8.129,55.872,21.7507
22/07/2024 17:12:18.000,21.8523,32.9237,1.18,8.129,55.214,21.7458
22/07/2024 17:13:18.000,21.8628,32.9305,1.18,8.129,55.215,21.7467
22/07/2024 17:14:18.000,21.8716,32.9292,1.19,8.130,55.282,21.7461
22/07/2024 17:15:18.000,21.8756,32.9286,1.19,8.129,55.225,21.7479
22/07/2024 17:16:18.000,21.8768,32.9273,1.19,8.129,55.157,21.7474
22/07/2024 17:17:18.000,21.8756,32.9281,1.19,8.128,55.261,21.7487
22/07/2024 17:18:18.000,21.8746,32.9288,1.18,8.128,55.208,21.7486
22/07/2024 17:19:18.000,21.8745,32.9284,1.18,8.128,55.255,21.7491
22/07/2024 17:20:18.000,21.8735,32.9273,1.19,8.128,55.298,21.7483
22/07/2024 17:21:18.000,21.8716,32.9282,1.18,8.128,55.346,21.7481
22/07/2024 17:22:18.000,21.8711,32.9283,1.18,8.127,55.275,21.7486
22/07/2024 17:23:18.000,21.8698,32.9272,1.19,8.127,55.277,21.7487
22/07/2024 17:24:18.000,21.8693,32.9302,1.20,8.127,55.269,21.7477
22/07/2024 17:25:18.000,21.8702,32.9288,1.19,8.127,55.247,21.7480
22/07/2024 17:26:18.000,21.8704,32.9284,1.19,8.127,55.387,21.7484
22/07/2024 17:27:18.000,21.8725,32.9302,1.18,8.127,55.388,21.7484
22/07/2024 17:28:18.000,21.8743,32.9290,1.19,8.127,55.220,21.7482
22/07/2024 17:29:18.000,21.8759,32.9299,1.20,8.127,55.389,21.7483
22/07/2024 17:30:18.000,21.8760,32.9295,1.18,8.127,55.286,21.7481
22/07/2024 17:31:18.000,21.8792,32.9280,1.19,8.127,55.254,21.7482
22/07/2024 17:32:18.000,21.8779,32.9294,1.19,8.127,55.242,21.7468
22/07/2024 17:33:18.000,21.8801,32.9286,1.19,8.127,55.151,21.7464
22/07/2024 17:34:18.000,21.8802,32.9293,1.19,8.127,55.105,21.7450
22/07/2024 17:35:18.000,21.8796,32.9285,1.18,8.127,55.125,21.7460
22/07/2024 17:36:18.000,21.8803,32.9298,1.19,8.127,55.193,21.7460
22/07/2024 17:37:18.000,21.8808,32.9290,1.19,8.127,55.375,21.7458
22/07/2024 17:38:18.000,21.8811,32.9285,1.19,8.127,55.230,21.7479
22/07/2024 17:39:18.000,21.8816,32.9307,1.19,8.127,55.306,21.7476
22/07/2024 17:40:18.000,21.8819,32.9299,1.19,8.127,55.322,21.7480
22/07/2024 17:41:18.000,21.8811,32.9291,1.19,8.127,55.306,21.7466
22/07/2024 17:42:18.000,21.8815,32.9300,1.19,8.127,55.153,21.7463
22/07/2024 17:43:18.000,21.8821,32.9289,1.19,8.127,55.313,21.7448
22/07/2024 17:44:18.000,21.8824,32.9291,1.19,8.127,55.251,21.7464
22/07/2024 17:45:18.000,21.8820,32.9297,1.19,8.127,55.233,21.7480
22/07/2024 17:46:18.000,21.8822,32.9295,1.18,8.127,55.316,21.7483
22/07/2024 17:47:18.000,21.8814,32.9296,1.18,8.127,55.262,21.7477
22/07/2024 17:48:18.000,21.8828,32.9295,1.19,8.127,55.241,21.7481
22/07/2024 17:49:18.000,21.8825,32.9290,1.18,8.127,55.321,21.7479
22/07/2024 17:50:18.000,21.8827,32.9302,1.18,8.127,55.249,21.7479
22/07/2024 17:51:18.000,21.8828,32.9299,1.18,8.127,55.179,21.7477
22/07/2024 17:52:18.000,21.8834,32.9291,1.18,8.127,55.230,21.7482
22/07/2024 17:53:18.000,21.8822,32.9307,1.18,8.127,55.351,21.7482
22/07/2024 17:54:18.000,21.8834,32.9295,1.19,8.127,55.332,21.7489
22/07/2024 17:55:18.000,21.8837,32.9300,1.20,8.127,55.229,21.7489
22/07/2024 17:56:18.000,21.8840,32.9308,1.18,8.127,55.259,21.7486
22/07/2024 17:57:18.000,21.8839,32.9301,1.18,8.128,55.318,21.7486
22/07/2024 17:58:18.000,21.8852,32.9298,1.19,8.128,55.414,21.7485
22/07/2024 17:59:18.000,21.8847,32.9295,1.20,8.128,55.253,21.7487
22/07/2024 18:00:18.000,21.8839,32.9295,1.18,8.128,55.236,21.7481
22/07/2024 18:01:18.000,21.8843,32.9295,1.19,8.128,55.278,21.7485
22/07/2024 18:02:18.000,21.8842,32.9303,1.19,8.128,55.255,21.7483
22/07/2024 18:03:18.000,21.8838,32.9308,1.19,8.128,55.285,21.7478
22/07/2024 18:04:18.000,21.8829,32.9292,1.19,8.128,55.286,21.7490
22/07/2024 18:05:18.000,21.8832,32.9296,1.19,8.128,55.346,21.7488
22/07/2024 18:06:18.000,21.8821,32.9300,1.19,8.128,55.203,21.7482
22/07/2024 18:07:18.000,21.8822,32.9302,1.19,8.128,55.299,21.7486
22/07/2024 18:08:18.000,21.8818,32.9305,1.19,8.129,55.313,21.7484
22/07/2024 18:09:18.000,21.8821,32.9307,1.19,8.128,55.264,21.7491
22/07/2024 18:10:18.000,21.8831,32.9306,1.19,8.129,55.406,21.7493
22/07/2024 18:11:18.000,21.8844,32.9296,1.20,8.129,55.327,21.7485
22/07/2024 18:12:18.000,21.8836,32.9311,1.19,8.129,55.267,21.7482
22/07/2024 18:13:18.000,21.8829,32.9328,1.19,8.129,55.270,21.7482
22/07/2024 18:14:18.000,21.8830,32.9301,1.19,8.129,55.357,21.7487
22/07/2024 18:15:18.000,21.8832,32.9302,1.19,8.129,55.226,21.7484
22/07/2024 18:16:18.000,21.8835,32.9310,1.19,8.129,55.369,21.7481
22/07/2024 18:17:18.000,21.8837,32.9304,1.19,8.129,55.314,21.7485
22/07/2024 18:18:18.000,21.8829,32.9305,1.19,8.129,55.382,21.7482
22/07/2024 18:19:18.000,21.8820,32.9302,1.19,8.129,55.235,21.7484
22/07/2024 18:20:18.000,21.8814,32.9320,1.19,8.129,55.246,21.7480
22/07/2024 18:21:18.000,21.8816,32.9313,1.19,8.129,55.285,21.7480
22/07/2024 18:22:18.000,21.8811,32.9312,1.19,8.129,55.317,21.7483
22/07/2024 18:23:18.000,21.8806,32.9313,1.18,8.129,55.337,21.7479
22/07/2024 18:24:18.000,21.8805,32.9309,1.18,8.129,55.305,21.7487
22/07/2024 18:25:18.000,21.8804,32.9327,1.19,8.129,55.297,21.7480
22/07/2024 18:26:18.000,21.8807,32.9305,1.20,8.129,55.286,21.7482
22/07/2024 18:27:18.000,21.8798,32.9319,1.19,8.130,55.280,21.7479
22/07/2024 18:28:18.000,21.8794,32.9318,1.19,8.130,55.244,21.7480
22/07/2024 18:29:18.000,21.8802,32.9324,1.18,8.130,55.336,21.7460
22/07/2024 18:30:18.000,21.8790,32.9313,1.18,8.130,55.354,21.7484
22/07/2024 18:31:18.000,21.8772,32.9315,1.18,8.130,55.298,21.7484
22/07/2024 18:32:18.000,21.8782,32.9319,1.18,8.130,55.358,21.7479
22/07/2024 18:33:18.000,21.8792,32.9318,1.19,8.130,55.302,21.7480
22/07/2024 18:34:18.000,21.8780,32.9313,1.19,8.130,55.403,21.7473
22/07/2024 18:35:18.000,21.8784,32.9317,1.19,8.130,55.269,21.7472
22/07/2024 18:36:18.000,21.8782,32.9323,1.18,8.130,55.307,21.7480
22/07/2024 18:37:18.000,21.8780,32.9323,1.19,8.130,55.259,21.7483
22/07/2024 18:38:18.000,21.8781,32.9315,1.18,8.130,55.352,21.7479
22/07/2024 18:39:18.000,21.8780,32.9322,1.18,8.130,55.377,21.7470
22/07/2024 18:40:18.000,21.8773,32.9325,1.18,8.130,55.308,21.7473
22/07/2024 18:41:18.000,21.8780,32.9318,1.18,8.130,55.302,21.7472
22/07/2024 18:42:18.000,21.8777,32.9315,1.18,8.130,55.376,21.7478
22/07/2024 18:43:18.000,21.8778,32.9317,1.19,8.130,55.153,21.7472
22/07/2024 18:44:18.000,21.8767,32.9318,1.18,8.130,55.223,21.7465
22/07/2024 18:45:18.000,21.8770,32.9322,1.18,8.130,55.338,21.7476
22/07/2024 18:46:18.000,21.8764,32.9329,1.19,8.130,55.233,21.7471
22/07/2024 18:47:18.000,21.8769,32.9330,1.19,8.130,55.259,21.7470
22/07/2024 18:48:18.000,21.8763,32.9324,1.18,8.130,55.220,21.7469
22/07/2024 18:49:18.000,21.8771,32.9317,1.18,8.130,55.256,21.7471
22/07/2024 18:50:18.000,21.8765,32.9324,1.18,8.130,55.208,21.7469
22/07/2024 18:51:18.000,21.8757,32.9337,1.18,8.130,55.187,21.7465
22/07/2024 18:52:18.000,21.8755,32.9334,1.18,8.131,55.114,21.7464
22/07/2024 18:53:18.000,21.8770,32.9319,1.18,8.131,55.279,21.7466
22/07/2024 18:54:18.000,21.8757,32.9341,1.18,8.131,55.227,21.7467
22/07/2024 18:55:18.000,21.8747,32.9339,1.18,8.131,55.137,21.7466
22/07/2024 18:56:18.000,21.8743,32.9340,1.18,8.131,55.177,21.7464
22/07/2024 18:57:18.000,21.8760,32.9329,1.18,8.130,55.217,21.7462
22/07/2024 18:58:18.001,21.8759,32.9334,1.18,8.130,55.058,21.7462
22/07/2024 18:59:18.000,21.8746,32.9324,1.18,8.130,55.113,21.7465
22/07/2024 19:00:18.001,21.8756,32.9332,1.18,8.130,55.141,21.7457
22/07/2024 19:01:18.000,21.8743,32.9332,1.19,8.130,55.054,21.7458
22/07/2024 19:02:18.001,21.8738,32.9333,1.19,8.130,55.205,21.7459
22/07/2024 19:03:18.000,21.8736,32.9345,1.19,8.130,55.201,21.7461
22/07/2024 19:04:18.000,21.8739,32.9340,1.18,8.130,55.107,21.7459
22/07/2024 19:05:18.000,21.8739,32.9338,1.18,8.130,55.195,21.7447
22/07/2024 19:06:18.000,21.8742,32.9333,1.18,8.130,55.176,21.7456
22/07/2024 19:07:18.999,21.8745,32.9346,1.18,8.130,55.136,21.7441
22/07/2024 19:08:18.000,21.8738,32.9346,1.18,8.130,55.236,21.7447
22/07/2024 19:09:18.999,21.8742,32.9343,1.18,8.130,55.230,21.7455
22/07/2024 19:10:18.000,21.8745,32.9338,1.18,8.130,55.273,21.7459
22/07/2024 19:11:18.999,21.8734,32.9346,1.18,8.129,55.269,21.7454
22/07/2024 19:12:18.000,21.8740,32.9341,1.18,8.129,55.261,21.7454
22/07/2024 19:13:18.001,21.8729,32.9342,1.17,8.129,55.155,21.7449
22/07/2024 19:14:18.000,21.8736,32.9343,1.18,8.129,55.318,21.7452
22/07/2024 19:15:18.001,21.8739,32.9350,1.19,8.129,55.366,21.7450
22/07/2024 19:16:18.000,21.8751,32.9343,1.18,8.129,55.289,21.7453
22/07/2024 19:17:18.001,21.8748,32.9340,1.17,8.129,55.273,21.7441
22/07/2024 19:18:18.000,21.8750,32.9339,1.18,8.129,55.182,21.7449
22/07/2024 19:19:18.000,21.8740,32.9351,1.17,8.129,55.206,21.7447
22/07/2024 19:20:18.000,21.8740,32.9344,1.18,8.129,55.233,21.7446
22/07/2024 19:21:18.000,21.8737,32.9348,1.17,8.129,55.294,21.7445
22/07/2024 19:22:18.999,21.8735,32.9341,1.18,8.129,55.208,21.7450
22/07/2024 19:23:18.000,21.8729,32.9355,1.18,8.129,55.226,21.7446
22/07/2024 19:24:18.999,21.8731,32.9355,1.18,8.130,55.182,21.7448
22/07/2024 19:25:18.000,21.8730,32.9356,1.18,8.129,55.185,21.7431
22/07/2024 19:26:18.999,21.8726,32.9358,1.18,8.129,55.223,21.7446
22/07/2024 19:27:18.000,21.8728,32.9338,1.18,8.129,55.231,21.7441
22/07/2024 19:28:18.001,21.8722,32.9361,1.19,8.129,55.205,21.7445
22/07/2024 19:29:18.000,21.8721,32.9355,1.17,8.129,55.179,21.7442
22/07/2024 19:30:18.001,21.8724,32.9353,1.17,8.129,55.243,21.7447
22/07/2024 19:31:18.000,21.8718,32.9353,1.18,8.129,55.255,21.7445
22/07/2024 19:32:18.001,21.8731,32.9340,1.17,8.129,55.254,21.7442
22/07/2024 19:33:18.000,21.8724,32.9349,1.18,8.129,55.177,21.7442
22/07/2024 19:34:18.000,21.8727,32.9353,1.17,8.129,55.229,21.7442
22/07/2024 19:35:18.000,21.8727,32.9359,1.17,8.129,55.182,21.7438
22/07/2024 19:36:18.000,21.8722,32.9349,1.17,8.130,55.180,21.7439
22/07/2024 19:37:18.999,21.8729,32.9352,1.17,8.133,55.196,21.7439
22/07/2024 19:38:18.000,21.8725,32.9345,1.17,8.133,55.229,21.7433
22/07/2024 19:39:18.999,21.8725,32.9345,1.17,8.133,55.222,21.7440
22/07/2024 19:40:18.000,21.8717,32.9354,1.17,8.133,55.296,21.7434
22/07/2024 19:41:18.999,21.8712,32.9359,1.17,8.133,55.310,21.7432
22/07/2024 19:42:18.000,21.8706,32.9366,1.17,8.133,55.204,21.7432
22/07/2024 19:43:18.001,21.8705,32.9366,1.17,8.133,55.350,21.7435
22/07/2024 19:44:18.000,21.8722,32.9360,1.17,8.133,55.295,21.7436
22/07/2024 19:45:18.001,21.8705,32.9363,1.18,8.133,55.268,21.7428
22/07/2024 19:46:18.000,21.8712,32.9362,1.17,8.133,55.351,21.7430
22/07/2024 19:47:18.001,21.8717,32.9361,1.17,8.133,55.434,21.7436
22/07/2024 19:48:18.000,21.8720,32.9352,1.17,8.133,55.327,21.7432
22/07/2024 19:49:18.000,21.8711,32.9365,1.16,8.133,55.362,21.7428
22/07/2024 19:50:18.000,21.8708,32.9355,1.18,8.133,55.210,21.7435
22/07/2024 19:51:18.000,21.8709,32.9357,1.17,8.133,55.189,21.7434
22/07/2024 19:52:18.999,21.8708,32.9366,1.17,8.132,55.291,21.7416
22/07/2024 19:53:18.000,21.8700,32.9371,1.17,8.132,55.268,21.7427
22/07/2024 19:54:18.999,21.8708,32.9373,1.16,8.132,55.090,21.7428
22/07/2024 19:55:18.000,21.8704,32.9366,1.17,8.132,55.261,21.7424
22/07/2024 19:56:18.999,21.8707,32.9371,1.17,8.131,55.262,21.7428
22/07/2024 19:57:18.000,21.8711,32.9358,1.17,8.131,55.298,21.7422
22/07/2024 19:58:18.001,21.8688,32.9366,1.17,8.131,55.379,21.7419
22/07/2024 19:59:18.000,21.8691,32.9360,1.17,8.131,55.324,21.7426
22/07/2024 20:00:18.001,21.8684,32.9375,1.16,8.133,55.283,21.7427
22/07/2024 20:01:18.000,21.8688,32.9371,1.17,8.133,55.399,21.7421
22/07/2024 20:02:18.001,21.8685,32.9368,1.17,8.132,55.352,21.7423
22/07/2024 20:03:18.000,21.8691,32.9370,1.17,8.132,55.309,21.7416
22/07/2024 20:04:18.000,21.8695,32.9362,1.16,8.132,55.358,21.7407
22/07/2024 20:05:18.000,21.8702,32.9363,1.17,8.132,55.401,21.7419
22/07/2024 20:06:18.000,21.8694,32.9357,1.19,8.132,55.265,21.7407
22/07/2024 20:07:18.999,21.8675,32.9375,1.17,8.132,55.249,21.7410
22/07/2024 20:08:18.000,21.8681,32.9378,1.16,8.131,55.311,21.7404
22/07/2024 20:09:18.999,21.8674,32.9369,1.17,8.131,55.357,21.7400
22/07/2024 20:10:18.000,21.8670,32.9374,1.16,8.131,55.251,21.7403
22/07/2024 20:11:18.999,21.8678,32.9369,1.17,8.131,55.360,21.7403
22/07/2024 20:12:18.000,21.8683,32.9369,1.17,8.131,55.333,21.7402
22/07/2024 20:13:18.001,21.8674,32.9375,1.16,8.131,55.266,21.7396
22/07/2024 20:14:18.000,21.8673,32.9374,1.17,8.131,55.258,21.7397
22/07/2024 20:15:18.001,21.8670,32.9375,1.18,8.131,55.305,21.7395
22/07/2024 20:16:18.000,21.8669,32.9367,1.18,8.131,55.347,21.7397
22/07/2024 20:17:18.001,21.8663,32.9376,1.18,8.132,55.238,21.7405
22/07/2024 20:18:18.000,21.8655,32.9376,1.17,8.132,55.317,21.7406
22/07/2024 20:19:18.000,21.8662,32.9379,1.18,8.132,55.285,21.7406
22/07/2024 20:20:18.000,21.8660,32.9379,1.18,8.132,55.365,21.7403
22/07/2024 20:21:18.000,21.8660,32.9385,1.17,8.132,55.281,21.7400
22/07/2024 20:22:18.999,21.8662,32.9381,1.18,8.132,55.284,21.7400
22/07/2024 20:23:18.000,21.8657,32.9373,1.17,8.132,55.273,21.7394
22/07/2024 20:24:18.999,21.8649,32.9389,1.17,8.132,55.423,21.7393
22/07/2024 20:25:18.000,21.8647,32.9385,1.18,8.132,55.379,21.7397
22/07/2024 20:26:18.999,21.8652,32.9381,1.17,8.132,55.407,21.7398
22/07/2024 20:27:18.000,21.8656,32.9378,1.17,8.132,55.315,21.7393
22/07/2024 20:28:18.001,21.8655,32.9395,1.18,8.132,55.350,21.7390
22/07/2024 20:29:18.000,21.8643,32.9387,1.18,8.132,55.247,21.7387
22/07/2024 20:30:18.001,21.8638,32.9384,1.17,8.131,55.330,21.7384
22/07/2024 20:31:18.000,21.8645,32.9382,1.18,8.131,55.232,21.7386
22/07/2024 20:32:18.001,21.8636,32.9398,1.18,8.131,55.188,21.7390
22/07/2024 20:33:18.000,21.8640,32.9384,1.17,8.131,55.250,21.7390
22/07/2024 20:34:18.000,21.8640,32.9391,1.18,8.131,55.413,21.7387
22/07/2024 20:35:18.000,21.8640,32.9381,1.18,8.131,55.382,21.7387
22/07/2024 20:36:18.000,21.8632,32.9380,1.18,8.131,55.305,21.7382
22/07/2024 20:37:18.999,21.8631,32.9396,1.18,8.131,55.462,21.7384
22/07/2024 20:38:18.000,21.8634,32.9390,1.17,8.130,55.373,21.7378
22/07/2024 20:39:18.999,21.8628,32.9382,1.18,8.130,55.393,21.7375
22/07/2024 20:40:18.000,21.8626,32.9390,1.17,8.130,55.402,21.7373
22/07/2024 20:41:18.999,21.8632,32.9380,1.19,8.130,55.383,21.7375
22/07/2024 20:42:18.000,21.8618,32.9392,1.17,8.130,55.354,21.7372
22/07/2024 20:43:18.001,21.8618,32.9404,1.17,8.130,55.317,21.7368
22/07/2024 20:44:18.000,21.8631,32.9386,1.19,8.130,55.352,21.7364
22/07/2024 20:45:18.001,21.8613,32.9393,1.17,8.130,55.410,21.7367
22/07/2024 20:46:18.000,21.8612,32.9387,1.18,8.130,55.261,21.7365
22/07/2024 20:47:18.001,21.8607,32.9391,1.17,8.130,55.398,21.7366
22/07/2024 20:48:18.000,21.8608,32.9389,1.17,8.130,55.287,21.7366
22/07/2024 20:49:18.000,21.8594,32.9407,1.17,8.130,55.412,21.7364
22/07/2024 20:50:18.000,21.8600,32.9402,1.17,8.130,55.500,21.7354
22/07/2024 20:51:18.000,21.8601,32.9397,1.17,8.131,55.232,21.7358
22/07/2024 20:52:18.999,21.8596,32.9403,1.20,8.131,55.211,21.7352
22/07/2024 20:53:18.000,21.8592,32.9387,1.18,8.131,55.271,21.7356
22/07/2024 20:54:18.999,21.8593,32.9397,1.17,8.131,55.335,21.7355
22/07/2024 20:55:18.000,21.8589,32.9400,1.17,8.131,55.365,21.7348
22/07/2024 20:56:18.999,21.8568,32.9407,1.18,8.131,55.311,21.7353
22/07/2024 20:57:18.000,21.8564,32.9393,1.17,8.131,55.283,21.7346
22/07/2024 20:58:18.001,21.8564,32.9402,1.17,8.131,55.321,21.7348
22/07/2024 20:59:18.000,21.8563,32.9411,1.18,8.131,55.217,21.7341
22/07/2024 21:00:18.001,21.8567,32.9403,1.18,8.131,55.244,21.7346
22/07/2024 21:01:18.000,21.8562,32.9411,1.17,8.131,55.370,21.7332
22/07/2024 21:02:18.001,21.8564,32.9394,1.18,8.132,55.352,21.7336
22/07/2024 21:03:18.000,21.8550,32.9405,1.17,8.132,55.320,21.7340
22/07/2024 21:04:18.000,21.8540,32.9415,1.18,8.132,55.345,21.7337
22/07/2024 21:05:18.000,21.8534,32.9405,1.18,8.132,55.297,21.7340
22/07/2024 21:06:18.000,21.8536,32.9410,1.18,8.132,55.280,21.7337
22/07/2024 21:07:18.999,21.8530,32.9412,1.19,8.132,55.328,21.7323
22/07/2024 21:08:18.000,21.8532,32.9398,1.18,8.132,55.242,21.7312
22/07/2024 21:09:18.999,21.8527,32.9398,1.18,8.132,55.189,21.7321
22/07/2024 21:10:18.000,21.8522,32.9404,1.18,8.132,55.290,21.7334
22/07/2024 21:11:18.999,21.8516,32.9413,1.17,8.133,55.149,21.7336
22/07/2024 21:12:18.000,21.8510,32.9414,1.17,8.133,55.167,21.7325
22/07/2024 21:13:18.001,21.8507,32.9417,1.17,8.134,55.292,21.7329
22/07/2024 21:14:18.000,21.8499,32.9410,1.18,8.134,55.269,21.7329
22/07/2024 21:15:18.001,21.8492,32.9414,1.18,8.134,55.250,21.7325
22/07/2024 21:16:18.000,21.8490,32.9422,1.18,8.135,55.370,21.7318
22/07/2024 21:17:18.001,21.8491,32.9423,1.18,8.138,55.266,21.7323
22/07/2024 21:18:18.000,21.8495,32.9417,1.18,8.138,55.250,21.7319
22/07/2024 21:19:18.000,21.8491,32.9412,1.18,8.138,55.218,21.7310
22/07/2024 21:20:18.000,21.8473,32.9406,1.18,8.138,55.256,21.7316
22/07/2024 21:21:18.000,21.8467,32.9416,1.18,8.138,55.359,21.7309
22/07/2024 21:22:18.999,21.8451,32.9420,1.17,8.138,55.335,21.7312
22/07/2024 21:23:18.000,21.8456,32.9413,1.17,8.138,55.155,21.7309
22/07/2024 21:24:18.999,21.8461,32.9415,1.17,8.138,55.299,21.7307
22/07/2024 21:25:18.000,21.8449,32.9413,1.18,8.138,55.287,21.7308
22/07/2024 21:26:18.999,21.8456,32.9418,1.18,8.138,55.307,21.7308
22/07/2024 21:27:18.000,21.8453,32.9420,1.18,8.138,55.311,21.7305
22/07/2024 21:28:18.001,21.8453,32.9422,1.18,8.138,55.353,21.7302
22/07/2024 21:29:18.000,21.8452,32.9424,1.18,8.138,55.259,21.7297
22/07/2024 21:30:18.001,21.8456,32.9416,1.18,8.138,55.292,21.7297
22/07/2024 21:31:18.000,21.8439,32.9421,1.18,8.138,55.216,21.7300
22/07/2024 21:32:18.001,21.8437,32.9424,1.17,8.139,55.311,21.7297
22/07/2024 21:33:18.000,21.8432,32.9423,1.18,8.139,55.220,21.7295
22/07/2024 21:34:18.000,21.8426,32.9430,1.18,8.139,55.265,21.7291
22/07/2024 21:35:18.000,21.8432,32.9417,1.18,8.139,55.220,21.7292
22/07/2024 21:36:18.000,21.8421,32.9435,1.18,8.139,55.281,21.7286
22/07/2024 21:37:18.999,21.8419,32.9416,1.17,8.139,55.220,21.7286
22/07/2024 21:38:18.000,21.8412,32.9421,1.18,8.138,55.221,21.7283
22/07/2024 21:39:18.999,21.8414,32.9425,1.17,8.138,55.228,21.7279
22/07/2024 21:40:18.000,21.8407,32.9428,1.18,8.138,55.329,21.7282
22/07/2024 21:41:18.999,21.8406,32.9413,1.18,8.138,55.199,21.7280
22/07/2024 21:42:18.000,21.8393,32.9420,1.18,8.138,55.327,21.7277
22/07/2024 21:43:18.001,21.8393,32.9423,1.18,8.138,55.172,21.7278
22/07/2024 21:44:18.000,21.8397,32.9418,1.18,8.138,55.201,21.7273
22/07/2024 21:45:18.001,21.8387,32.9437,1.18,8.138,55.243,21.7273
22/07/2024 21:46:18.000,21.8383,32.9428,1.19,8.138,55.306,21.7265
22/07/2024 21:47:18.001,21.8380,32.9431,1.18,8.138,55.207,21.7268
22/07/2024 21:48:18.000,21.8377,32.9438,1.18,8.138,55.290,21.7273
22/07/2024 21:49:18.000,21.8383,32.9419,1.19,8.138,55.261,21.7264
22/07/2024 21:50:18.000,21.8369,32.9439,1.19,8.138,55.317,21.7262
22/07/2024 21:51:18.000,21.8366,32.9437,1.18,8.138,55.298,21.7260
22/07/2024 21:52:18.999,21.8368,32.9441,1.18,8.138,55.335,21.7260
22/07/2024 21:53:18.000,21.8357,32.9437,1.17,8.138,55.212,21.7253
22/07/2024 21:54:18.999,21.8361,32.9437,1.18,8.139,55.206,21.7261
22/07/2024 21:55:18.000,21.8359,32.9437,1.20,8.139,55.315,21.7258
22/07/2024 21:56:18.999,21.8353,32.9439,1.18,8.139,55.322,21.7259
22/07/2024 21:57:18.000,21.8353,32.9444,1.18,8.139,55.247,21.7255
22/07/2024 21:58:18.001,21.8353,32.9442,1.18,8.139,55.255,21.7246
22/07/2024 21:59:18.000,21.8356,32.9440,1.19,8.139,55.359,21.7250
22/07/2024 22:00:18.001,21.8341,32.9443,1.18,8.140,55.276,21.7248
22/07/2024 22:01:18.000,21.8339,32.9437,1.19,8.139,55.298,21.7242
22/07/2024 22:02:18.001,21.8327,32.9442,1.18,8.139,55.285,21.7235
22/07/2024 22:03:18.000,21.8321,32.9449,1.18,8.139,55.254,21.7235
22/07/2024 22:04:18.000,21.8328,32.9430,1.18,8.139,55.312,21.7217
22/07/2024 22:05:18.000,21.8329,32.9440,1.18,8.139,55.247,21.7234
22/07/2024 22:06:18.000,21.8313,32.9447,1.19,8.138,55.249,21.7235
22/07/2024 22:07:18.999,21.8330,32.9440,1.19,8.138,55.299,21.7234
22/07/2024 22:08:18.000,21.8319,32.9444,1.18,8.138,55.289,21.7226
22/07/2024 22:09:18.999,21.8310,32.9446,1.19,8.137,55.268,21.7228
22/07/2024 22:10:18.000,21.8302,32.9449,1.19,8.137,55.267,21.7223
22/07/2024 22:11:18.999,21.8299,32.9444,1.17,8.137,55.185,21.7220
22/07/2024 22:12:18.000,21.8292,32.9440,1.19,8.137,55.320,21.7219
22/07/2024 22:13:18.001,21.8282,32.9450,1.18,8.137,55.203,21.7215
22/07/2024 22:14:18.000,21.8282,32.9441,1.19,8.137,55.268,21.7211
22/07/2024 22:15:18.001,21.8283,32.9449,1.19,8.137,55.205,21.7213
22/07/2024 22:16:18.000,21.8275,32.9458,1.20,8.136,55.141,21.7214
22/07/2024 22:17:18.001,21.8271,32.9448,1.21,8.136,55.215,21.7209
22/07/2024 22:18:18.000,21.8274,32.9443,1.21,8.136,55.238,21.7206
22/07/2024 22:19:18.000,21.8271,32.9440,1.19,8.136,55.348,21.7205
22/07/2024 22:20:18.000,21.8261,32.9449,1.19,8.136,55.236,21.7202
22/07/2024 22:21:18.000,21.8259,32.9454,1.18,8.136,55.090,21.7196
22/07/2024 22:22:18.999,21.8258,32.9443,1.18,8.136,55.317,21.7196
22/07/2024 22:23:18.000,21.8254,32.9460,1.18,8.136,55.369,21.7194
22/07/2024 22:24:18.999,21.8243,32.9457,1.18,8.136,55.241,21.7191
22/07/2024 22:25:18.000,21.8239,32.9466,1.18,8.136,55.287,21.7189
22/07/2024 22:26:18.999,21.8236,32.9452,1.18,8.136,55.222,21.7194
22/07/2024 22:27:18.000,21.8244,32.9447,1.18,8.137,55.313,21.7183
22/07/2024 22:28:18.001,21.8234,32.9466,1.17,8.137,55.295,21.7180
22/07/2024 22:29:18.000,21.8233,32.9455,1.19,8.137,55.318,21.7171
22/07/2024 22:30:18.001,21.8221,32.9458,1.19,8.137,55.268,21.7175
22/07/2024 22:31:18.000,21.8217,32.9460,1.19,8.137,55.317,21.7160
22/07/2024 22:32:18.001,21.8215,32.9464,1.19,8.137,55.331,21.7173
22/07/2024 22:33:18.000,21.8212,32.9454,1.19,8.137,55.238,21.7169
22/07/2024 22:34:18.000,21.8209,32.9458,1.19,8.137,55.272,21.7166
22/07/2024 22:35:18.000,21.8200,32.9455,1.19,8.137,55.259,21.7164
22/07/2024 22:36:18.000,21.8200,32.9457,1.19,8.137,55.252,21.7162
22/07/2024 22:37:18.999,21.8200,32.9462,1.21,8.137,55.302,21.7156
22/07/2024 22:38:18.000,21.8189,32.9463,1.19,8.137,55.282,21.7158
22/07/2024 22:39:18.999,21.8197,32.9465,1.18,8.137,55.324,21.7160
22/07/2024 22:40:18.000,21.8196,32.9464,1.19,8.138,55.350,21.7150
22/07/2024 22:41:18.999,21.8181,32.9453,1.19,8.138,55.280,21.7149
22/07/2024 22:42:18.000,21.8176,32.9466,1.18,8.138,55.272,21.7145
22/07/2024 22:43:18.001,21.8169,32.9469,1.18,8.138,55.296,21.7141
22/07/2024 22:44:18.000,21.8167,32.9465,1.18,8.138,55.331,21.7140
22/07/2024 22:45:18.001,21.8167,32.9465,1.18,8.138,55.276,21.7138
22/07/2024 22:46:18.000,21.8160,32.9464,1.18,8.138,55.434,21.7135
22/07/2024 22:47:18.001,21.8147,32.9468,1.18,8.137,55.341,21.7130
22/07/2024 22:48:18.000,21.8151,32.9469,1.18,8.137,55.431,21.7129
22/07/2024 22:49:18.000,21.8151,32.9467,1.19,8.137,55.369,21.7127
22/07/2024 22:50:18.000,21.8137,32.9461,1.19,8.137,55.343,21.7121
22/07/2024 22:51:18.000,21.8132,32.9473,1.19,8.136,55.384,21.7127
22/07/2024 22:52:18.999,21.8137,32.9460,1.19,8.136,55.333,21.7116
22/07/2024 22:53:18.000,21.8135,32.9458,1.18,8.136,55.367,21.7118
22/07/2024 22:54:18.999,21.8120,32.9468,1.18,8.136,55.273,21.7111
22/07/2024 22:55:18.000,21.8125,32.9482,1.18,8.135,55.341,21.7115
22/07/2024 22:56:18.999,21.8113,32.9481,1.18,8.135,55.345,21.7111
22/07/2024 22:57:18.000,21.8120,32.9467,1.19,8.135,55.281,21.7109
22/07/2024 22:58:18.999,21.8115,32.9488,1.19,8.135,55.230,21.7102
22/07/2024 22:59:18.002,21.8108,32.9469,1.18,8.135,55.253,21.7101
22/07/2024 23:00:18.001,21.8086,32.9475,1.19,8.135,55.324,21.7095
22/07/2024 23:01:18.000,21.8086,32.9484,1.19,8.135,55.264,21.7099
22/07/2024 23:02:18.999,21.8076,32.9486,1.19,8.134,55.232,21.7091
22/07/2024 23:03:18.001,21.8079,32.9473,1.19,8.134,55.315,21.7082
22/07/2024 23:04:18.000,21.8075,32.9482,1.18,8.134,55.225,21.7087
22/07/2024 23:05:18.000,21.8069,32.9477,1.18,8.134,55.170,21.7088
22/07/2024 23:06:18.999,21.8060,32.9479,1.19,8.134,55.267,21.7085
22/07/2024 23:07:18.001,21.8058,32.9479,1.19,8.133,55.311,21.7070
22/07/2024 23:08:18.000,21.8058,32.9482,1.18,8.133,55.327,21.7058
22/07/2024 23:09:18.999,21.8051,32.9481,1.18,8.133,55.388,21.7049
22/07/2024 23:10:18.998,21.8044,32.9482,1.17,8.133,55.286,21.7064
22/07/2024 23:11:18.001,21.8036,32.9490,1.19,8.133,55.317,21.7063
22/07/2024 23:12:18.000,21.8023,32.9481,1.18,8.133,55.319,21.7056
22/07/2024 23:13:18.999,21.8027,32.9484,1.20,8.132,55.221,21.7051
22/07/2024 23:14:18.002,21.8027,32.9483,1.19,8.132,55.323,21.7050
22/07/2024 23:15:18.001,21.8038,32.9476,1.19,8.132,55.350,21.7045
22/07/2024 23:16:18.000,21.8024,32.9487,1.20,8.132,55.444,21.7047
22/07/2024 23:17:18.999,21.8023,32.9481,1.19,8.132,55.442,21.7037
22/07/2024 23:18:18.001,21.8020,32.9482,1.20,8.132,55.355,21.7051
22/07/2024 23:19:18.000,21.8007,32.9482,1.19,8.132,55.308,21.7048
22/07/2024 23:20:18.000,21.8007,32.9481,1.19,8.132,55.275,21.7044
22/07/2024 23:21:18.999,21.7997,32.9496,1.19,8.132,55.352,21.7039
22/07/2024 23:22:18.001,21.8009,32.9486,1.19,8.132,55.346,21.7040
22/07/2024 23:23:18.000,21.8000,32.9495,1.20,8.132,55.318,21.7035
22/07/2024 23:24:18.999,21.7994,32.9492,1.20,8.132,55.372,21.7027
22/07/2024 23:25:18.998,21.7979,32.9494,1.19,8.132,55.365,21.7028
22/07/2024 23:26:18.001,21.7977,32.9494,1.20,8.131,55.256,21.7019
22/07/2024 23:27:18.000,21.7978,32.9486,1.20,8.131,55.338,21.7026
22/07/2024 23:28:18.999,21.7973,32.9498,1.20,8.131,55.361,21.7018
22/07/2024 23:29:18.002,21.7967,32.9496,1.18,8.131,55.355,21.7015
22/07/2024 23:30:18.001,21.7966,32.9492,1.18,8.131,55.365,21.7009
22/07/2024 23:31:18.000,21.7958,32.9493,1.19,8.131,55.279,21.7007
22/07/2024 23:32:18.999,21.7957,32.9489,1.18,8.131,55.243,21.7004
22/07/2024 23:33:18.001,21.7938,32.9508,1.18,8.131,55.246,21.7004
22/07/2024 23:34:18.000,21.7945,32.9484,1.19,8.131,55.318,21.7005
22/07/2024 23:35:18.000,21.7937,32.9498,1.18,8.131,55.313,21.7000
22/07/2024 23:36:18.999,21.7940,32.9490,1.18,8.131,55.190,21.7001
22/07/2024 23:37:18.001,21.7939,32.9492,1.19,8.131,55.227,21.6987
22/07/2024 23:38:18.000,21.7926,32.9504,1.18,8.131,55.206,21.6993
22/07/2024 23:39:18.999,21.7934,32.9491,1.18,8.131,55.236,21.6986
22/07/2024 23:40:18.998,21.7923,32.9500,1.18,8.131,55.330,21.6981
22/07/2024 23:41:18.001,21.7913,32.9515,1.19,8.131,55.315,21.6983
22/07/2024 23:42:18.000,21.7919,32.9502,1.19,8.131,55.308,21.6978
22/07/2024 23:43:18.999,21.7905,32.9499,1.18,8.132,55.280,21.6975
22/07/2024 23:44:18.002,21.7900,32.9503,1.18,8.132,55.245,21.6976
22/07/2024 23:45:18.001,21.7883,32.9502,1.18,8.132,55.295,21.6966
22/07/2024 23:46:18.000,21.7880,32.9506,1.19,8.132,55.261,21.6958
22/07/2024 23:47:18.999,21.7881,32.9509,1.18,8.132,55.240,21.6964
22/07/2024 23:48:18.001,21.7873,32.9508,1.18,8.132,55.333,21.6963
22/07/2024 23:49:18.000,21.7874,32.9512,1.18,8.132,55.255,21.6957
22/07/2024 23:50:18.000,21.7874,32.9501,1.18,8.132,55.293,21.6954
22/07/2024 23:51:18.999,21.7869,32.9519,1.18,8.132,55.333,21.6953
22/07/2024 23:52:18.001,21.7866,32.9510,1.19,8.132,55.402,21.6944
22/07/2024 23:53:18.000,21.7861,32.9506,1.18,8.131,55.205,21.6946
22/07/2024 23:54:18.999,21.7859,32.9514,1.18,8.131,55.343,21.6936
22/07/2024 23:55:18.998,21.7856,32.9518,1.18,8.132,55.213,21.6938
22/07/2024 23:56:18.001,21.7853,32.9515,1.18,8.131,55.299,21.6933
22/07/2024 23:57:18.000,21.7846,32.9511,1.17,8.131,55.349,21.6928
22/07/2024 23:58:18.999,21.7841,32.9514,1.18,8.131,55.279,21.6924
22/07/2024 23:59:18.002,21.7839,32.9498,1.18,8.131,55.294,21.6924
23/07/2024 00:00:18.001,21.7840,32.9508,1.17,8.131,55.190,21.6918
23/07/2024 00:01:18.000,21.7837,32.9510,1.18,8.131,55.329,21.6914
23/07/2024 00:02:18.999,21.7829,32.9502,1.18,8.131,55.325,21.6911
23/07/2024 00:03:18.001,21.7828,32.9496,1.17,8.131,55.248,21.6908
23/07/2024 00:04:18.000,21.7812,32.9511,1.18,8.130,55.295,21.6907
23/07/2024 00:05:18.000,21.7811,32.9514,1.18,8.130,55.390,21.6893
23/07/2024 00:06:18.999,21.7797,32.9531,1.19,8.130,55.389,21.6903
23/07/2024 00:07:18.001,21.7809,32.9509,1.18,8.130,55.360,21.6898
23/07/2024 00:08:18.000,21.7789,32.9516,1.18,8.130,55.357,21.6886
23/07/2024 00:09:18.999,21.7785,32.9517,1.19,8.130,55.333,21.6889
23/07/2024 00:10:18.998,21.7779,32.9516,1.17,8.130,55.456,21.6887
23/07/2024 00:11:18.001,21.7780,32.9508,1.17,8.130,55.296,21.6887
23/07/2024 00:12:18.000,21.7770,32.9522,1.18,8.130,55.419,21.6884
23/07/2024 00:13:18.999,21.7769,32.9518,1.18,8.129,55.313,21.6881
23/07/2024 00:14:18.002,21.7762,32.9525,1.18,8.129,55.288,21.6870
23/07/2024 00:15:18.001,21.7765,32.9524,1.18,8.129,55.295,21.6856
23/07/2024 00:16:18.000,21.7763,32.9530,1.19,8.129,55.260,21.6856
23/07/2024 00:17:18.999,21.7764,32.9522,1.18,8.128,55.297,21.6873
23/07/2024 00:18:18.001,21.7756,32.9523,1.18,8.128,55.351,21.6849
23/07/2024 00:19:18.000,21.7746,32.9519,1.17,8.128,55.380,21.6859
23/07/2024 00:20:18.000,21.7748,32.9522,1.18,8.128,55.308,21.6853
23/07/2024 00:21:18.999,21.7737,32.9515,1.18,8.128,55.347,21.6848
23/07/2024 00:22:18.001,21.7728,32.9529,1.18,8.128,55.361,21.6849
23/07/2024 00:23:18.000,21.7720,32.9538,1.18,8.128,55.447,21.6830
23/07/2024 00:24:18.999,21.7732,32.9529,1.18,8.127,55.237,21.6820
23/07/2024 00:25:18.998,21.7720,32.9536,1.18,8.127,55.322,21.6823
23/07/2024 00:26:18.001,21.7719,32.9518,1.17,8.127,55.314,21.6837
23/07/2024 00:27:18.000,21.7700,32.9526,1.18,8.127,55.350,21.6828
23/07/2024 00:28:18.999,21.7691,32.9523,1.17,8.127,55.333,21.6831
23/07/2024 00:29:18.002,21.7695,32.9527,1.19,8.127,55.261,21.6825
23/07/2024 00:30:18.001,21.7688,32.9537,1.18,8.127,55.220,21.6823
23/07/2024 00:31:18.000,21.7673,32.9541,1.19,8.127,55.293,21.6821
23/07/2024 00:32:18.999,21.7681,32.9528,1.18,8.127,55.296,21.6821
23/07/2024 00:33:18.001,21.7676,32.9523,1.18,8.127,55.368,21.6796
23/07/2024 00:34:18.000,21.7672,32.9530,1.17,8.126,55.257,21.6783
23/07/2024 00:35:18.000,21.7668,32.9531,1.17,8.126,55.303,21.6790
23/07/2024 00:36:18.999,21.7657,32.9530,1.17,8.126,55.320,21.6794
23/07/2024 00:37:18.001,21.7652,32.9539,1.17,8.126,55.366,21.6790
23/07/2024 00:38:18.000,21.7648,32.9534,1.18,8.126,55.356,21.6791
23/07/2024 00:39:18.999,21.7636,32.9530,1.18,8.126,55.238,21.6785
23/07/2024 00:40:18.998,21.7624,32.9539,1.17,8.126,55.384,21.6780
23/07/2024 00:41:18.001,21.7623,32.9539,1.18,8.126,55.354,21.6781
23/07/2024 00:42:18.000,21.7625,32.9539,1.18,8.126,55.377,21.6776
23/07/2024 00:43:18.999,21.7618,32.9537,1.18,8.126,55.363,21.6759
23/07/2024 00:44:18.002,21.7613,32.9542,1.17,8.126,55.344,21.6753
23/07/2024 00:45:18.001,21.7605,32.9531,1.18,8.125,55.288,21.6764
23/07/2024 00:46:18.000,21.7606,32.9538,1.17,8.125,55.269,21.6762
23/07/2024 00:47:18.999,21.7601,32.9536,1.18,8.125,55.315,21.6761
23/07/2024 00:48:18.001,21.7592,32.9546,1.19,8.125,55.408,21.6752
23/07/2024 00:49:18.000,21.7600,32.9544,1.18,8.125,55.400,21.6751
23/07/2024 00:50:18.000,21.7589,32.9555,1.17,8.125,55.314,21.6750
23/07/2024 00:51:18.999,21.7592,32.9552,1.17,8.125,55.280,21.6740
23/07/2024 00:52:18.001,21.7593,32.9543,1.17,8.125,55.305,21.6739
23/07/2024 00:53:18.000,21.7580,32.9537,1.19,8.125,55.355,21.6736
23/07/2024 00:54:18.999,21.7575,32.9544,1.17,8.125,55.308,21.6714
23/07/2024 00:55:18.998,21.7575,32.9536,1.18,8.125,55.356,21.6719
23/07/2024 00:56:18.001,21.7563,32.9539,1.17,8.125,55.261,21.6724
23/07/2024 00:57:18.000,21.7560,32.9539,1.17,8.125,55.306,21.6721
23/07/2024 00:58:18.999,21.7554,32.9556,1.17,8.125,55.309,21.6714
23/07/2024 00:59:18.002,21.7554,32.9540,1.18,8.125,55.431,21.6704
23/07/2024 01:00:18.001,21.7545,32.9555,1.18,8.125,55.370,21.6706
23/07/2024 01:01:18.000,21.7535,32.9553,1.17,8.125,55.324,21.6701
23/07/2024 01:02:18.999,21.7542,32.9549,1.18,8.125,55.307,21.6699
23/07/2024 01:03:18.001,21.7534,32.9553,1.18,8.125,55.479,21.6677
23/07/2024 01:04:18.000,21.7539,32.9547,1.18,8.125,55.222,21.6692
23/07/2024 01:05:18.000,21.7528,32.9557,1.17,8.125,55.350,21.6689
23/07/2024 01:06:18.999,21.7529,32.9545,1.17,8.125,55.335,21.6688
23/07/2024 01:07:18.001,21.7529,32.9541,1.18,8.125,55.367,21.6681
23/07/2024 01:08:18.000,21.7509,32.9551,1.18,8.125,55.338,21.6678
23/07/2024 01:09:18.999,21.7507,32.9552,1.18,8.126,55.417,21.6671
23/07/2024 01:10:18.998,21.7501,32.9568,1.17,8.126,55.346,21.6671
23/07/2024 01:11:18.001,21.7507,32.9559,1.18,8.127,55.370,21.6664
23/07/2024 01:12:18.000,21.7499,32.9554,1.18,8.128,55.356,21.6646
23/07/2024 01:13:18.999,21.7498,32.9561,1.17,8.128,55.322,21.6655
23/07/2024 01:14:18.002,21.7496,32.9549,1.18,8.129,55.351,21.6653
23/07/2024 01:15:18.001,21.7489,32.9559,1.18,8.129,55.290,21.6649
23/07/2024 01:16:18.000,21.7475,32.9552,1.18,8.130,55.302,21.6640
23/07/2024 01:17:18.999,21.7468,32.9552,1.18,8.130,55.335,21.6637
23/07/2024 01:18:18.001,21.7457,32.9561,1.17,8.130,55.414,21.6638
23/07/2024 01:19:18.000,21.7466,32.9553,1.17,8.130,55.278,21.6629
23/07/2024 01:20:18.000,21.7450,32.9569,1.17,8.130,55.305,21.6626
23/07/2024 01:21:18.999,21.7437,32.9562,1.18,8.130,55.410,21.6618
23/07/2024 01:22:18.001,21.7434,32.9559,1.18,8.129,55.314,21.6621
23/07/2024 01:23:18.000,21.7434,32.9564,1.18,8.130,55.326,21.6611
23/07/2024 01:24:18.999,21.7442,32.9561,1.18,8.129,55.252,21.6597
23/07/2024 01:25:18.998,21.7434,32.9571,1.17,8.129,55.488,21.6605
23/07/2024 01:26:18.001,21.7437,32.9553,1.18,8.129,55.395,21.6603
23/07/2024 01:27:18.000,21.7433,32.9560,1.17,8.129,55.378,21.6596
23/07/2024 01:28:18.999,21.7432,32.9566,1.18,8.129,55.238,21.6577
23/07/2024 01:29:18.002,21.7423,32.9577,1.18,8.129,55.171,21.6571
23/07/2024 01:30:18.001,21.7413,32.9563,1.16,8.129,55.105,21.6570
23/07/2024 01:31:18.000,21.7417,32.9564,1.17,8.128,55.155,21.6566
23/07/2024 01:32:18.999,21.7409,32.9565,1.18,8.128,55.138,21.6578
23/07/2024 01:33:18.001,21.7403,32.9555,1.18,8.128,55.395,21.6576
23/07/2024 01:34:18.000,21.7394,32.9583,1.17,8.127,55.128,21.6560
23/07/2024 01:35:18.000,21.7386,32.9576,1.18,8.127,55.304,21.6559
23/07/2024 01:36:18.999,21.7383,32.9583,1.17,8.127,55.127,21.6562
23/07/2024 01:37:18.001,21.7380,32.9576,1.18,8.127,55.237,21.6546
23/07/2024 01:38:18.000,21.7374,32.9573,1.18,8.127,55.150,21.6545
23/07/2024 01:39:18.999,21.7368,32.9589,1.17,8.127,55.158,21.6547
23/07/2024 01:40:18.998,21.7372,32.9568,1.17,8.126,55.193,21.6541
23/07/2024 01:41:18.001,21.7359,32.9566,1.18,8.126,55.307,21.6536
23/07/2024 01:42:18.000,21.7349,32.9583,1.18,8.126,55.382,21.6520
23/07/2024 01:43:18.999,21.7350,32.9571,1.18,8.126,55.245,21.6536
23/07/2024 01:44:18.002,21.7340,32.9586,1.18,8.126,55.261,21.6531
23/07/2024 01:45:18.001,21.7344,32.9572,1.18,8.125,55.378,21.6522
23/07/2024 01:46:18.000,21.7328,32.9576,1.17,8.125,55.326,21.6517
23/07/2024 01:47:18.999,21.7316,32.9580,1.18,8.126,55.242,21.6518
23/07/2024 01:48:18.001,21.7314,32.9576,1.18,8.125,55.233,21.6493
23/07/2024 01:49:18.000,21.7331,32.9584,1.18,8.125,55.220,21.6484
23/07/2024 01:50:18.000,21.7318,32.9587,1.18,8.125,55.134,21.6486
23/07/2024 01:51:18.999,21.7308,32.9581,1.18,8.125,55.239,21.6496
23/07/2024 01:52:18.001,21.7306,32.9570,1.18,8.125,55.194,21.6486
23/07/2024 01:53:18.000,21.7299,32.9588,1.17,8.125,55.246,21.6482
23/07/2024 01:54:18.999,21.7309,32.9584,1.17,8.125,55.387,21.6482
23/07/2024 01:55:18.998,21.7298,32.9578,1.17,8.124,55.350,21.6480
23/07/2024 01:56:18.001,21.7286,32.9586,1.18,8.124,55.371,21.6478
23/07/2024 01:57:18.000,21.7273,32.9580,1.17,8.124,55.220,21.6452
23/07/2024 01:58:18.999,21.7264,32.9578,1.17,8.124,55.226,21.6453
23/07/2024 01:59:18.002,21.7244,32.9599,1.17,8.124,55.324,21.6466
23/07/2024 02:00:18.001,21.7256,32.9583,1.17,8.124,55.281,21.6463
23/07/2024 02:01:18.000,21.7260,32.9586,1.18,8.124,55.260,21.6455
23/07/2024 02:02:18.999,21.7260,32.9581,1.18,8.124,55.371,21.6450
23/07/2024 02:03:18.001,21.7245,32.9586,1.17,8.124,55.417,21.6449
23/07/2024 02:04:18.000,21.7232,32.9597,1.18,8.124,55.305,21.6434
23/07/2024 02:05:18.000,21.7230,32.9586,1.18,8.123,55.322,21.6428
23/07/2024 02:06:18.999,21.7229,32.9587,1.17,8.123,55.349,21.6419
23/07/2024 02:07:18.001,21.7227,32.9597,1.17,8.123,55.266,21.6429
23/07/2024 02:08:18.000,21.7223,32.9606,1.18,8.123,55.401,21.6418
23/07/2024 02:09:18.999,21.7209,32.9592,1.17,8.123,55.254,21.6405
23/07/2024 02:10:18.998,21.7196,32.9603,1.17,8.123,55.430,21.6395
23/07/2024 02:11:18.001,21.7188,32.9596,1.17,8.123,55.314,21.6405
23/07/2024 02:12:18.000,21.7193,32.9589,1.18,8.123,55.414,21.6403
23/07/2024 02:13:18.999,21.7177,32.9597,1.18,8.123,55.417,21.6390
23/07/2024 02:14:18.002,21.7170,32.9591,1.17,8.123,55.341,21.6390
23/07/2024 02:15:18.001,21.7163,32.9598,1.18,8.123,55.269,21.6390
23/07/2024 02:16:18.000,21.7164,32.9595,1.18,8.123,55.358,21.6363
23/07/2024 02:17:18.999,21.7150,32.9594,1.18,8.123,55.300,21.6367
23/07/2024 02:18:18.001,21.7148,32.9599,1.19,8.123,55.262,21.6381
23/07/2024 02:19:18.000,21.7148,32.9598,1.18,8.123,55.203,21.6377
23/07/2024 02:20:18.000,21.7135,32.9600,1.18,8.123,55.370,21.6362
23/07/2024 02:21:18.999,21.7121,32.9602,1.17,8.123,55.204,21.6360
23/07/2024 02:22:18.001,21.7112,32.9587,1.17,8.123,55.293,21.6360
23/07/2024 02:23:18.000,21.7099,32.9598,1.18,8.123,55.339,21.6351
23/07/2024 02:24:18.999,21.7087,32.9602,1.18,8.123,55.224,21.6350
23/07/2024 02:25:18.998,21.7090,32.9614,1.18,8.123,55.318,21.6341
23/07/2024 02:26:18.001,21.7083,32.9604,1.18,8.123,55.327,21.6340
23/07/2024 02:27:18.000,21.7067,32.9607,1.18,8.122,55.288,21.6332
23/07/2024 02:28:18.999,21.7061,32.9617,1.18,8.122,55.292,21.6315
23/07/2024 02:29:18.002,21.7053,32.9604,1.18,8.122,55.292,21.6320
23/07/2024 02:30:18.001,21.7035,32.9615,1.18,8.122,55.367,21.6319
23/07/2024 02:31:18.000,21.7045,32.9610,1.18,8.122,55.341,21.6317
23/07/2024 02:32:18.999,21.7045,32.9617,1.17,8.122,55.265,21.6305
23/07/2024 02:33:18.001,21.7026,32.9612,1.18,8.122,55.407,21.6298
23/07/2024 02:34:18.000,21.7022,32.9606,1.18,8.122,55.293,21.6279
23/07/2024 02:35:18.000,21.7015,32.9613,1.18,8.122,55.277,21.6293
23/07/2024 02:36:18.999,21.7009,32.9615,1.18,8.122,55.352,21.6292
23/07/2024 02:37:18.001,21.7012,32.9612,1.18,8.122,55.330,21.6288
23/07/2024 02:38:18.000,21.7008,32.9600,1.19,8.122,55.306,21.6278
23/07/2024 02:39:18.999,21.7001,32.9597,1.19,8.122,55.357,21.6275
23/07/2024 02:40:18.998,21.6993,32.9622,1.18,8.122,55.264,21.6272
23/07/2024 02:41:18.001,21.6982,32.9624,1.18,8.122,55.292,21.6269
23/07/2024 02:42:18.000,21.6968,32.9608,1.18,8.121,55.297,21.6239
23/07/2024 02:43:18.999,21.6963,32.9611,1.19,8.121,55.317,21.6256
23/07/2024 02:44:18.002,21.6955,32.9615,1.17,8.121,55.326,21.6239
23/07/2024 02:45:18.001,21.6958,32.9618,1.18,8.121,55.385,21.6249
23/07/2024 02:46:18.000,21.6948,32.9618,1.19,8.121,55.285,21.6242
23/07/2024 02:47:18.999,21.6943,32.9609,1.18,8.121,55.251,21.6236
23/07/2024 02:48:18.001,21.6933,32.9617,1.18,8.121,55.314,21.6231
23/07/2024 02:49:18.000,21.6926,32.9621,1.19,8.121,55.367,21.6227
23/07/2024 02:50:18.000,21.6914,32.9610,1.19,8.121,55.244,21.6224
23/07/2024 02:51:18.999,21.6903,32.9622,1.17,8.121,55.273,21.6219
23/07/2024 02:52:18.001,21.6903,32.9610,1.18,8.121,55.362,21.6210
23/07/2024 02:53:18.000,21.6894,32.9625,1.17,8.121,55.328,21.6205
23/07/2024 02:54:18.999,21.6887,32.9621,1.17,8.121,55.195,21.6185
23/07/2024 02:55:18.998,21.6870,32.9621,1.18,8.121,55.333,21.6195
23/07/2024 02:56:18.001,21.6868,32.9629,1.18,8.121,55.369,21.6183
23/07/2024 02:57:18.000,21.6859,32.9624,1.18,8.121,55.312,21.6191
23/07/2024 02:58:18.999,21.6846,32.9626,1.17,8.121,55.304,21.6182
23/07/2024 02:59:18.002,21.6842,32.9629,1.18,8.121,55.232,21.6179
23/07/2024 03:00:18.001,21.6847,32.9618,1.18,8.121,55.231,21.6176
23/07/2024 03:01:18.000,21.6838,32.9627,1.18,8.121,55.311,21.6167
23/07/2024 03:02:18.999,21.6831,32.9620,1.17,8.121,55.375,21.6162
23/07/2024 03:03:18.001,21.6826,32.9626,1.17,8.121,55.345,21.6131
23/07/2024 03:04:18.000,21.6805,32.9638,1.17,8.121,55.395,21.6133
23/07/2024 03:05:18.000,21.6810,32.9621,1.17,8.121,55.504,21.6143
23/07/2024 03:06:18.999,21.6795,32.9637,1.17,8.121,55.331,21.6139
23/07/2024 03:07:18.001,21.6789,32.9635,1.17,8.121,55.320,21.6136
23/07/2024 03:08:18.000,21.6785,32.9644,1.18,8.121,55.380,21.6131
23/07/2024 03:09:18.999,21.6785,32.9631,1.18,8.121,55.367,21.6127
23/07/2024 03:10:18.998,21.6773,32.9632,1.18,8.122,55.386,21.6127
23/07/2024 03:11:18.001,21.6779,32.9632,1.17,8.122,55.413,21.6119
23/07/2024 03:12:18.000,21.6752,32.9640,1.18,8.122,55.395,21.6104
23/07/2024 03:13:18.999,21.6754,32.9631,1.17,8.122,55.339,21.6105
23/07/2024 03:14:18.002,21.6741,32.9634,1.19,8.122,55.349,21.6099
23/07/2024 03:15:18.001,21.6739,32.9633,1.18,8.121,55.323,21.6090
23/07/2024 03:16:18.000,21.6727,32.9636,1.18,8.121,55.406,21.6087
23/07/2024 03:17:18.999,21.6706,32.9632,1.17,8.121,55.404,21.6082
23/07/2024 03:18:18.001,21.6715,32.9635,1.17,8.121,55.368,21.6065
23/07/2024 03:19:18.000,21.6702,32.9649,1.18,8.121,55.354,21.6069
23/07/2024 03:20:18.000,21.6687,32.9632,1.18,8.121,55.359,21.6051
23/07/2024 03:21:18.999,21.6674,32.9618,1.18,8.121,55.396,21.6054
23/07/2024 03:22:18.001,21.6662,32.9646,1.18,8.121,55.220,21.6049
23/07/2024 03:23:18.000,21.6661,32.9651,1.18,8.120,55.355,21.6031
23/07/2024 03:24:18.999,21.6684,32.9643,1.17,8.120,55.214,21.6029
23/07/2024 03:25:18.998,21.6689,32.9645,1.18,8.120,55.340,21.6027
23/07/2024 03:26:18.001,21.6684,32.9655,1.18,8.120,55.193,21.6032
23/07/2024 03:27:18.000,21.6677,32.9642,1.19,8.120,55.321,21.6024
23/07/2024 03:28:18.999,21.6670,32.9637,1.18,8.120,55.361,21.6019
23/07/2024 03:29:18.002,21.6672,32.9652,1.18,8.120,55.477,21.6011
23/07/2024 03:30:18.001,21.6667,32.9648,1.18,8.120,55.381,21.5996
23/07/2024 03:31:18.000,21.6651,32.9627,1.18,8.120,55.302,21.5985
23/07/2024 03:32:18.999,21.6624,32.9645,1.18,8.119,55.389,21.5999
23/07/2024 03:33:18.001,21.6608,32.9646,1.18,8.119,55.346,21.5991
23/07/2024 03:34:18.000,21.6613,32.9642,1.18,8.119,55.401,21.5981
23/07/2024 03:35:18.000,21.6620,32.9651,1.18,8.119,55.456,21.5984
23/07/2024 03:36:18.999,21.6621,32.9662,1.18,8.119,55.350,21.5984
23/07/2024 03:37:18.001,21.6634,32.9651,1.18,8.119,55.358,21.5976
23/07/2024 03:38:18.000,21.6649,32.9641,1.18,8.119,55.259,21.5974
23/07/2024 03:39:18.999,21.6621,32.9656,1.20,8.119,55.445,21.5972
23/07/2024 03:40:18.998,21.6608,32.9649,1.18,8.119,55.421,21.5950
23/07/2024 03:41:18.001,21.6606,32.9666,1.18,8.119,55.410,21.5959
23/07/2024 03:42:18.000,21.6589,32.9649,1.17,8.119,55.490,21.5948
23/07/2024 03:43:18.999,21.6581,32.9644,1.18,8.119,55.349,21.5933
23/07/2024 03:44:18.002,21.6564,32.9652,1.18,8.119,55.412,21.5935
23/07/2024 03:45:18.001,21.6550,32.9654,1.18,8.119,55.377,21.5926
23/07/2024 03:46:18.000,21.6556,32.9654,1.18,8.119,55.350,21.5930
23/07/2024 03:47:18.999,21.6575,32.9658,1.17,8.119,55.402,21.5924
23/07/2024 03:48:18.001,21.6576,32.9661,1.18,8.119,55.523,21.5920
23/07/2024 03:49:18.000,21.6577,32.9667,1.17,8.119,55.375,21.5914
23/07/2024 03:50:18.000,21.6581,32.9658,1.18,8.119,55.434,21.5914
23/07/2024 03:51:18.999,21.6560,32.9665,1.17,8.119,55.368,21.5880
23/07/2024 03:52:18.001,21.6560,32.9663,1.18,8.119,55.429,21.5895
23/07/2024 03:53:18.000,21.6549,32.9657,1.18,8.119,55.442,21.5887
23/07/2024 03:54:18.999,21.6533,32.9646,1.17,8.118,55.490,21.5885
23/07/2024 03:55:18.998,21.6510,32.9653,1.18,8.119,55.431,21.5879
23/07/2024 03:56:18.001,21.6506,32.9660,1.18,8.119,55.503,21.5877
23/07/2024 03:57:18.000,21.6511,32.9672,1.18,8.118,55.442,21.5870
23/07/2024 03:58:18.999,21.6531,32.9657,1.18,8.119,55.413,21.5860
23/07/2024 03:59:18.002,21.6519,32.9670,1.17,8.119,55.436,21.5844
23/07/2024 04:00:18.001,21.6529,32.9665,1.18,8.119,55.452,21.5856
23/07/2024 04:01:18.000,21.6526,32.9658,1.18,8.119,55.424,21.5851
23/07/2024 04:02:18.999,21.6507,32.9655,1.18,8.119,55.475,21.5847
23/07/2024 04:03:18.001,21.6488,32.9665,1.18,8.119,55.496,21.5839
23/07/2024 04:04:18.000,21.6483,32.9665,1.17,8.119,55.342,21.5832
23/07/2024 04:05:18.000,21.6476,32.9668,1.18,8.119,55.481,21.5829
23/07/2024 04:06:18.999,21.6459,32.9667,1.18,8.119,55.365,21.5818
23/07/2024 04:07:18.001,21.6453,32.9658,1.18,8.119,55.385,21.5819
23/07/2024 04:08:18.000,21.6433,32.9667,1.18,8.119,55.391,21.5817
23/07/2024 04:09:18.999,21.6438,32.9669,1.18,8.118,55.300,21.5821
23/07/2024 04:10:18.998,21.6441,32.9670,1.18,8.119,55.321,21.5793
23/07/2024 04:11:18.001,21.6457,32.9678,1.17,8.118,55.348,21.5797
23/07/2024 04:12:18.000,21.6459,32.9672,1.18,8.118,55.285,21.5787
23/07/2024 04:13:18.999,21.6455,32.9675,1.19,8.118,55.284,21.5792
23/07/2024 04:14:18.002,21.6458,32.9669,1.19,8.118,55.375,21.5790
23/07/2024 04:15:18.001,21.6441,32.9671,1.18,8.118,55.292,21.5782
23/07/2024 04:16:18.000,21.6423,32.9669,1.19,8.118,55.331,21.5769
23/07/2024 04:17:18.999,21.6408,32.9664,1.19,8.118,55.441,21.5767
23/07/2024 04:18:18.001,21.6394,32.9683,1.18,8.118,55.339,21.5756
23/07/2024 04:19:18.000,21.6404,32.9672,1.19,8.118,55.311,21.5759
23/07/2024 04:20:18.000,21.6386,32.9671,1.18,8.118,55.369,21.5739
23/07/2024 04:21:18.999,21.6376,32.9672,1.18,8.118,55.376,21.5737
23/07/2024 04:22:18.001,21.6374,32.9662,1.18,8.118,55.364,21.5740
23/07/2024 04:23:18.000,21.6362,32.9686,1.18,8.118,55.397,21.5736
23/07/2024 04:24:18.999,21.6382,32.9680,1.18,8.118,55.395,21.5734
23/07/2024 04:25:18.998,21.6381,32.9672,1.18,8.118,55.346,21.5724
23/07/2024 04:26:18.001,21.6371,32.9675,1.18,8.118,55.452,21.5705
23/07/2024 04:27:18.000,21.6363,32.9668,1.18,8.118,55.386,21.5712
23/07/2024 04:28:18.999,21.6338,32.9670,1.18,8.118,55.424,21.5709
23/07/2024 04:29:18.002,21.6331,32.9674,1.18,8.118,55.474,21.5700
23/07/2024 04:30:18.001,21.6310,32.9683,1.18,8.118,55.454,21.5692
23/07/2024 04:31:18.000,21.6302,32.9673,1.18,8.118,55.435,21.5689
23/07/2024 04:32:18.999,21.6291,32.9687,1.18,8.118,55.535,21.5692
23/07/2024 04:33:18.001,21.6306,32.9690,1.18,8.118,55.398,21.5688
23/07/2024 04:34:18.000,21.6315,32.9687,1.18,8.118,55.407,21.5676
23/07/2024 04:35:18.000,21.6300,32.9693,1.18,8.118,55.305,21.5660
23/07/2024 04:36:18.999,21.6295,32.9684,1.18,8.117,55.360,21.5670
23/07/2024 04:37:18.001,21.6293,32.9692,1.18,8.117,55.391,21.5659
23/07/2024 04:38:18.000,21.6271,32.9675,1.18,8.117,55.319,21.5631
23/07/2024 04:39:18.999,21.6258,32.9695,1.18,8.118,55.359,21.5644
23/07/2024 04:40:18.998,21.6250,32.9675,1.18,8.118,55.385,21.5641
23/07/2024 04:41:18.001,21.6225,32.9695,1.18,8.118,55.321,21.5635
23/07/2024 04:42:18.000,21.6231,32.9707,1.18,8.117,55.401,21.5628
23/07/2024 04:43:18.999,21.6242,32.9691,1.18,8.116,55.460,21.5626
23/07/2024 04:44:18.002,21.6231,32.9696,1.18,8.116,55.372,21.5625
23/07/2024 04:45:18.001,21.6219,32.9694,1.17,8.116,55.283,21.5621
23/07/2024 04:46:18.000,21.6223,32.9682,1.18,8.116,55.398,21.5591
23/07/2024 04:47:18.999,21.6206,32.9701,1.18,8.116,55.483,21.5589
23/07/2024 04:48:18.001,21.6196,32.9704,1.18,8.116,55.331,21.5585
23/07/2024 04:49:18.000,21.6191,32.9692,1.18,8.116,55.373,21.5594
23/07/2024 04:50:18.000,21.6171,32.9693,1.18,8.116,55.294,21.5586
23/07/2024 04:51:18.999,21.6158,32.9696,1.18,8.116,55.364,21.5575
23/07/2024 04:52:18.001,21.6136,32.9694,1.18,8.116,55.444,21.5570
23/07/2024 04:53:18.000,21.6132,32.9693,1.18,8.116,55.425,21.5564
23/07/2024 04:54:18.999,21.6136,32.9701,1.18,8.115,55.406,21.5568
23/07/2024 04:55:18.998,21.6136,32.9702,1.18,8.115,55.426,21.5562
23/07/2024 04:56:18.001,21.6127,32.9705,1.18,8.115,55.394,21.5556
23/07/2024 04:57:18.000,21.6118,32.9708,1.18,8.115,55.757,21.5545
23/07/2024 04:58:18.999,21.6110,32.9705,1.18,8.115,55.309,21.5525
23/07/2024 04:59:18.002,21.6104,32.9721,1.18,8.115,55.370,21.5526
23/07/2024 05:00:18.001,21.6118,32.9682,1.18,8.115,55.469,21.5526
23/07/2024 05:01:18.000,21.6093,32.9699,1.18,8.115,55.403,21.5523
23/07/2024 05:02:18.999,21.6084,32.9707,1.18,8.115,55.490,21.5516
23/07/2024 05:03:18.001,21.6064,32.9700,1.18,8.115,55.483,21.5499
23/07/2024 05:04:18.000,21.6068,32.9704,1.18,8.116,55.511,21.5488
23/07/2024 05:05:18.000,21.6068,32.9708,1.18,8.116,55.483,21.5486
23/07/2024 05:06:18.999,21.6076,32.9710,1.19,8.115,55.586,21.5495
23/07/2024 05:07:18.001,21.6078,32.9707,1.19,8.115,55.479,21.5490
23/07/2024 05:08:18.000,21.6076,32.9703,1.18,8.115,55.602,21.5477
23/07/2024 05:09:18.999,21.6048,32.9703,1.18,8.115,55.461,21.5475
23/07/2024 05:10:18.998,21.6038,32.9702,1.18,8.115,55.371,21.5462
23/07/2024 05:11:18.001,21.6020,32.9700,1.18,8.115,55.439,21.5456
23/07/2024 05:12:18.000,21.6005,32.9719,1.18,8.115,55.396,21.5449
23/07/2024 05:13:18.999,21.5998,32.9709,1.18,8.114,55.480,21.5442
23/07/2024 05:14:18.002,21.6003,32.9714,1.18,8.114,55.353,21.5447
23/07/2024 05:15:18.001,21.6017,32.9702,1.18,8.114,55.395,21.5419
23/07/2024 05:16:18.000,21.6014,32.9730,1.18,8.114,55.418,21.5416
23/07/2024 05:17:18.999,21.6008,32.9713,1.19,8.114,55.489,21.5426
23/07/2024 05:18:18.001,21.6009,32.9711,1.18,8.114,55.357,21.5427
23/07/2024 05:19:18.000,21.6002,32.9709,1.18,8.114,55.434,21.5420
23/07/2024 05:20:18.000,21.5997,32.9714,1.18,8.114,55.420,21.5405
23/07/2024 05:21:18.999,21.5993,32.9705,1.18,8.114,55.471,21.5400
23/07/2024 05:22:18.001,21.5974,32.9703,1.18,8.114,55.416,21.5393
23/07/2024 05:23:18.000,21.5956,32.9707,1.18,8.114,55.485,21.5392
23/07/2024 05:24:18.999,21.5948,32.9719,1.18,8.114,55.410,21.5384
23/07/2024 05:25:18.998,21.5944,32.9723,1.19,8.114,55.384,21.5387
23/07/2024 05:26:18.001,21.5963,32.9715,1.18,8.114,55.472,21.5382
23/07/2024 05:27:18.000,21.5963,32.9719,1.18,8.114,55.357,21.5363
23/07/2024 05:28:18.999,21.5966,32.9716,1.18,8.114,55.486,21.5360
23/07/2024 05:29:18.002,21.5957,32.9709,1.19,8.114,55.371,21.5361
23/07/2024 05:30:18.001,21.5928,32.9718,1.19,8.114,55.476,21.5353
23/07/2024 05:31:18.000,21.5921,32.9723,1.18,8.113,55.499,21.5337
23/07/2024 05:32:18.999,21.5919,32.9717,1.18,8.113,55.377,21.5325
23/07/2024 05:33:18.001,21.5914,32.9699,1.19,8.113,55.319,21.5334
23/07/2024 05:34:18.000,21.5891,32.9723,1.18,8.113,55.454,21.5330
23/07/2024 05:35:18.000,21.5889,32.9733,1.18,8.113,55.495,21.5334
23/07/2024 05:36:18.999,21.5897,32.9730,1.18,8.113,55.560,21.5324
23/07/2024 05:37:18.001,21.5900,32.9726,1.18,8.113,55.404,21.5311
23/07/2024 05:38:18.000,21.5904,32.9725,1.18,8.113,55.421,21.5302
23/07/2024 05:39:18.999,21.5904,32.9730,1.18,8.113,55.397,21.5309
23/07/2024 05:40:18.998,21.5900,32.9722,1.19,8.113,55.483,21.5291
23/07/2024 05:41:18.001,21.5882,32.9725,1.19,8.113,55.485,21.5275
23/07/2024 05:42:18.000,21.5857,32.9735,1.19,8.113,55.609,21.5267
23/07/2024 05:43:18.999,21.5850,32.9721,1.19,8.113,55.625,21.5260
23/07/2024 05:44:18.002,21.5845,32.9716,1.19,8.113,55.538,21.5257
23/07/2024 05:45:18.001,21.5837,32.9730,1.18,8.113,55.608,21.5272
23/07/2024 05:46:18.000,21.5842,32.9727,1.18,8.113,55.609,21.5263
23/07/2024 05:47:18.999,21.5845,32.9733,1.18,8.113,55.491,21.5256
23/07/2024 05:48:18.001,21.5845,32.9739,1.19,8.113,55.488,21.5253
23/07/2024 05:49:18.000,21.5855,32.9747,1.19,8.113,55.594,21.5246
23/07/2024 05:50:18.000,21.5845,32.9738,1.18,8.112,55.503,21.5240
23/07/2024 05:51:18.999,21.5836,32.9720,1.19,8.112,55.426,21.5229
23/07/2024 05:52:18.001,21.5810,32.9735,1.18,8.112,55.492,21.5226
23/07/2024 05:53:18.000,21.5808,32.9729,1.18,8.112,55.484,21.5219
23/07/2024 05:54:18.999,21.5793,32.9732,1.18,8.112,55.431,21.5216
23/07/2024 05:55:18.998,21.5779,32.9732,1.18,8.112,55.431,21.5209
23/07/2024 05:56:18.001,21.5788,32.9735,1.18,8.112,55.452,21.5205
23/07/2024 05:57:18.000,21.5789,32.9743,1.19,8.112,55.354,21.5202
23/07/2024 05:58:18.999,21.5792,32.9737,1.18,8.112,55.307,21.5195
23/07/2024 05:59:18.002,21.5802,32.9729,1.18,8.112,55.431,21.5189
23/07/2024 06:00:18.001,21.5800,32.9734,1.18,8.112,55.500,21.5168
23/07/2024 06:01:18.000,21.5782,32.9739,1.18,8.112,55.437,21.5188
23/07/2024 06:02:18.999,21.5765,32.9738,1.18,8.112,55.390,21.5174
23/07/2024 06:03:18.001,21.5752,32.9737,1.18,8.112,55.516,21.5171
23/07/2024 06:04:18.000,21.5730,32.9749,1.18,8.112,55.367,21.5170
23/07/2024 06:05:18.000,21.5723,32.9736,1.18,8.112,55.408,21.5162
23/07/2024 06:06:18.999,21.5711,32.9733,1.18,8.112,55.551,21.5159
23/07/2024 06:07:18.001,21.5717,32.9743,1.18,8.112,55.565,21.5152
23/07/2024 06:08:18.000,21.5709,32.9754,1.18,8.112,55.491,21.5152
23/07/2024 06:09:18.999,21.5735,32.9733,1.19,8.112,55.386,21.5129
23/07/2024 06:10:18.998,21.5728,32.9735,1.19,8.112,55.332,21.5142
23/07/2024 06:11:18.001,21.5722,32.9752,1.18,8.112,55.357,21.5134
23/07/2024 06:12:18.000,21.5709,32.9742,1.19,8.112,55.503,21.5129
23/07/2024 06:13:18.999,21.5706,32.9739,1.19,8.112,55.363,21.5120
23/07/2024 06:14:18.002,21.5703,32.9757,1.18,8.112,55.260,21.5109
23/07/2024 06:15:18.001,21.5687,32.9752,1.18,8.112,55.416,21.5110
23/07/2024 06:16:18.000,21.5679,32.9752,1.18,8.112,55.322,21.5104
23/07/2024 06:17:18.999,21.5668,32.9745,1.19,8.111,55.400,21.5092
23/07/2024 06:18:18.001,21.5630,32.9748,1.19,8.111,55.423,21.5078
23/07/2024 06:19:18.000,21.5631,32.9752,1.19,8.111,55.451,21.5068
23/07/2024 06:20:18.000,21.5632,32.9741,1.19,8.111,55.444,21.5063
23/07/2024 06:21:18.999,21.5624,32.9762,1.19,8.111,55.337,21.5074
23/07/2024 06:22:18.001,21.5618,32.9741,1.19,8.111,55.433,21.5067
23/07/2024 06:23:18.000,21.5609,32.9759,1.19,8.111,55.188,21.5059
23/07/2024 06:24:18.999,21.5605,32.9760,1.19,8.111,55.429,21.5058
23/07/2024 06:25:18.998,21.5620,32.9759,1.19,8.111,55.329,21.5048
23/07/2024 06:26:18.001,21.5613,32.9746,1.19,8.111,55.403,21.5055
23/07/2024 06:27:18.000,21.5603,32.9742,1.19,8.111,55.346,21.5042
23/07/2024 06:28:18.999,21.5581,32.9760,1.19,8.111,55.394,21.5040
23/07/2024 06:29:18.002,21.5575,32.9758,1.18,8.111,55.422,21.5036
23/07/2024 06:30:18.001,21.5564,32.9762,1.19,8.112,55.472,21.5010
23/07/2024 06:31:18.000,21.5567,32.9769,1.19,8.113,55.405,21.5012
23/07/2024 06:32:18.999,21.5570,32.9757,1.19,8.113,55.420,21.5014
23/07/2024 06:33:18.001,21.5558,32.9768,1.19,8.114,55.465,21.5008
23/07/2024 06:34:18.000,21.5558,32.9759,1.19,8.114,55.455,21.5003
23/07/2024 06:35:18.000,21.5562,32.9763,1.19,8.114,55.313,21.4994
23/07/2024 06:36:18.999,21.5551,32.9757,1.19,8.114,55.330,21.4991
23/07/2024 06:37:18.001,21.5555,32.9755,1.19,8.115,55.475,21.4987
23/07/2024 06:38:18.000,21.5545,32.9761,1.19,8.115,55.338,21.4966
23/07/2024 06:39:18.999,21.5542,32.9764,1.19,8.115,55.458,21.4952
23/07/2024 06:40:18.998,21.5558,32.9776,1.19,8.115,55.239,21.4961
23/07/2024 06:41:18.001,21.5556,32.9755,1.19,8.115,55.338,21.4960
23/07/2024 06:42:18.000,21.5539,32.9763,1.19,8.115,55.320,21.4956
23/07/2024 06:43:18.999,21.5531,32.9759,1.19,8.115,55.403,21.4949
23/07/2024 06:44:18.002,21.5535,32.9774,1.19,8.114,55.366,21.4943
23/07/2024 06:45:18.001,21.5531,32.9767,1.19,8.114,55.266,21.4946
23/07/2024 06:46:18.000,21.5515,32.9771,1.19,8.114,55.387,21.4927
23/07/2024 06:47:18.999,21.5511,32.9783,1.19,8.114,55.309,21.4912
23/07/2024 06:48:18.001,21.5515,32.9773,1.19,8.114,55.332,21.4923
23/07/2024 06:49:18.000,21.5525,32.9772,1.19,8.114,55.321,21.4919
23/07/2024 06:50:18.000,21.5515,32.9766,1.19,8.113,55.372,21.4916
23/07/2024 06:51:18.999,21.5504,32.9769,1.19,8.113,55.392,21.4905
23/07/2024 06:52:18.001,21.5488,32.9776,1.19,8.113,55.391,21.4906
23/07/2024 06:53:18.000,21.5498,32.9780,1.19,8.113,55.357,21.4900
23/07/2024 06:54:18.999,21.5488,32.9772,1.19,8.113,55.359,21.4887
23/07/2024 06:55:18.998,21.5473,32.9785,1.19,8.113,55.443,21.4893
23/07/2024 06:56:18.001,21.5489,32.9783,1.19,8.113,55.383,21.4883
23/07/2024 06:57:18.000,21.5483,32.9778,1.19,8.113,55.318,21.4876
23/07/2024 06:58:18.999,21.5489,32.9776,1.18,8.112,55.306,21.4874
23/07/2024 06:59:18.998,21.5490,32.9774,1.19,8.112,55.308,21.4871
23/07/2024 07:00:18.997,21.5484,32.9771,1.19,8.112,55.436,21.4854
23/07/2024 07:01:18.003,21.5489,32.9767,1.19,8.112,55.250,21.4857
23/07/2024 07:02:18.002,21.5480,32.9773,1.19,8.112,55.382,21.4857
23/07/2024 07:03:18.001,21.5480,32.9771,1.19,8.112,55.350,21.4855
23/07/2024 07:04:18.000,21.5484,32.9792,1.19,8.112,55.398,21.4838
23/07/2024 07:05:18.000,21.5487,32.9774,1.19,8.112,55.416,21.4826
23/07/2024 07:06:18.999,21.5467,32.9780,1.18,8.112,55.337,21.4838
23/07/2024 07:07:18.998,21.5472,32.9780,1.19,8.112,55.290,21.4833
23/07/2024 07:08:18.997,21.5470,32.9784,1.19,8.112,55.310,21.4831
23/07/2024 07:09:18.003,21.5471,32.9781,1.19,8.112,55.277,21.4825
23/07/2024 07:10:18.002,21.5466,32.9770,1.19,8.112,55.351,21.4819
23/07/2024 07:11:18.001,21.5457,32.9783,1.19,8.111,55.429,21.4814
23/07/2024 07:12:18.000,21.5460,32.9781,1.19,8.111,55.453,21.4809
23/07/2024 07:13:18.999,21.5448,32.9786,1.19,8.111,55.367,21.4795
23/07/2024 07:14:18.998,21.5442,32.9777,1.19,8.111,55.515,21.4795
23/07/2024 07:15:18.997,21.5435,32.9787,1.19,8.111,55.390,21.4791
23/07/2024 07:16:18.003,21.5437,32.9782,1.19,8.111,55.368,21.4769
23/07/2024 07:17:18.002,21.5420,32.9785,1.19,8.111,55.520,21.4766
23/07/2024 07:18:18.001,21.5424,32.9786,1.19,8.111,55.362,21.4778
23/07/2024 07:19:18.000,21.5431,32.9778,1.19,8.111,55.591,21.4775
23/07/2024 07:20:18.000,21.5415,32.9792,1.19,8.111,55.477,21.4780
23/07/2024 07:21:18.999,21.5428,32.9789,1.19,8.111,55.508,21.4764
23/07/2024 07:22:18.998,21.5428,32.9784,1.19,8.111,55.513,21.4763
23/07/2024 07:23:18.997,21.5427,32.9785,1.19,8.111,55.472,21.4744
23/07/2024 07:24:18.003,21.5420,32.9790,1.19,8.110,55.321,21.4730
23/07/2024 07:25:18.002,21.5418,32.9793,1.20,8.110,55.420,21.4749
23/07/2024 07:26:18.001,21.5429,32.9785,1.19,8.110,55.436,21.4745
23/07/2024 07:27:18.000,21.5414,32.9799,1.19,8.110,55.423,21.4743
23/07/2024 07:28:18.999,21.5421,32.9793,1.19,8.110,55.465,21.4737
23/07/2024 07:29:18.998,21.5410,32.9791,1.19,8.110,55.351,21.4733
23/07/2024 07:30:18.997,21.5397,32.9790,1.19,8.110,55.359,21.4732
23/07/2024 07:31:18.003,21.5409,32.9792,1.19,8.110,55.503,21.4720
23/07/2024 07:32:18.002,21.5401,32.9798,1.19,8.110,55.567,21.4719
23/07/2024 07:33:18.001,21.5413,32.9799,1.19,8.111,55.395,21.4720
23/07/2024 07:34:18.000,21.5399,32.9800,1.19,8.111,55.362,21.4716
23/07/2024 07:35:18.000,21.5412,32.9790,1.19,8.110,55.434,21.4705
23/07/2024 07:36:18.999,21.5405,32.9796,1.19,8.110,55.386,21.4698
23/07/2024 07:37:18.998,21.5402,32.9801,1.19,8.110,55.361,21.4699
23/07/2024 07:38:18.997,21.5399,32.9802,1.19,8.111,55.472,21.4684
23/07/2024 07:39:18.003,21.5397,32.9795,1.19,8.111,55.398,21.4690
23/07/2024 07:40:18.002,21.5405,32.9806,1.19,8.111,55.481,21.4686
23/07/2024 07:41:18.001,21.5402,32.9784,1.19,8.111,55.429,21.4682
23/07/2024 07:42:18.000,21.5403,32.9794,1.19,8.111,55.463,21.4666
23/07/2024 07:43:18.999,21.5400,32.9810,1.19,8.110,55.476,21.4654
23/07/2024 07:44:18.998,21.5406,32.9806,1.19,8.111,55.368,21.4652
23/07/2024 07:45:18.997,21.5413,32.9792,1.19,8.110,55.386,21.4655
23/07/2024 07:46:18.003,21.5410,32.9798,1.19,8.110,55.445,21.4665
23/07/2024 07:47:18.002,21.5404,32.9799,1.19,8.110,55.439,21.4662
23/07/2024 07:48:18.001,21.5402,32.9810,1.19,8.110,55.436,21.4655
23/07/2024 07:49:18.000,21.5397,32.9801,1.19,8.110,55.373,21.4652
23/07/2024 07:50:18.000,21.5398,32.9810,1.19,8.110,55.388,21.4653
23/07/2024 07:51:18.999,21.5401,32.9802,1.19,8.110,55.486,21.4641
23/07/2024 07:52:18.998,21.5400,32.9802,1.19,8.110,55.454,21.4641
23/07/2024 07:53:18.997,21.5393,32.9804,1.19,8.110,55.506,21.4636
23/07/2024 07:54:18.003,21.5392,32.9802,1.19,8.109,55.514,21.4641
23/07/2024 07:55:18.002,21.5402,32.9786,1.20,8.109,55.463,21.4632
23/07/2024 07:56:18.001,21.5399,32.9796,1.19,8.109,55.363,21.4619
23/07/2024 07:57:18.000,21.5389,32.9809,1.19,8.109,55.323,21.4631
23/07/2024 07:58:18.999,21.5385,32.9806,1.19,8.109,55.388,21.4623
23/07/2024 07:59:18.998,21.5387,32.9818,1.19,8.109,55.411,21.4621
23/07/2024 08:00:18.997,21.5395,32.9812,1.19,8.109,55.453,21.4622
23/07/2024 08:01:18.003,21.5389,32.9804,1.19,8.109,55.433,21.4608
23/07/2024 08:02:18.002,21.5391,32.9812,1.19,8.109,55.549,21.4598
23/07/2024 08:03:18.001,21.5387,32.9811,1.19,8.109,55.597,21.4598
23/07/2024 08:04:18.000,21.5383,32.9811,1.19,8.109,55.398,21.4609
23/07/2024 08:05:18.000,21.5387,32.9829,1.19,8.109,55.463,21.4609
23/07/2024 08:06:18.999,21.5394,32.9805,1.19,8.109,55.495,21.4599
23/07/2024 08:07:18.998,21.5386,32.9809,1.19,8.109,55.427,21.4591
23/07/2024 08:08:18.997,21.5387,32.9810,1.19,8.109,55.352,21.4592
23/07/2024 08:09:18.003,21.5387,32.9818,1.19,8.109,55.513,21.4588
23/07/2024 08:10:18.002,21.5388,32.9805,1.19,8.109,55.543,21.4585
23/07/2024 08:11:18.001,21.5390,32.9809,1.19,8.109,55.577,21.4579
23/07/2024 08:12:18.000,21.5386,32.9802,1.19,8.109,55.543,21.4579
23/07/2024 08:13:18.999,21.5385,32.9824,1.19,8.109,55.374,21.4564
23/07/2024 08:14:18.998,21.5400,32.9826,1.19,8.109,55.450,21.4569
23/07/2024 08:15:18.997,21.5399,32.9810,1.19,8.109,55.536,21.4569
23/07/2024 08:16:18.003,21.5414,32.9826,1.19,8.109,55.417,21.4565
23/07/2024 08:17:18.002,21.5414,32.9820,1.19,8.109,55.445,21.4572
23/07/2024 08:18:18.001,21.5410,32.9813,1.19,8.109,55.455,21.4567
23/07/2024 08:19:18.000,21.5419,32.9811,1.19,8.109,55.414,21.4562
23/07/2024 08:20:18.000,21.5422,32.9822,1.19,8.109,55.461,21.4559
23/07/2024 08:21:18.999,21.5429,32.9808,1.19,8.108,55.538,21.4463
23/07/2024 08:22:18.998,21.5422,32.9808,1.19,8.109,55.481,21.4466
23/07/2024 08:23:18.997,21.5411,32.9823,1.20,8.109,55.528,21.4484
23/07/2024 08:24:18.003,21.5414,32.9813,1.19,8.109,55.531,21.4476
23/07/2024 08:25:18.002,21.5416,32.9820,1.19,8.109,55.534,21.4479
23/07/2024 08:26:18.001,21.5424,32.9830,1.19,8.108,55.469,21.4472
23/07/2024 08:27:18.000,21.5439,32.9803,1.19,8.108,55.462,21.4472
23/07/2024 08:28:18.999,21.5443,32.9816,1.19,8.108,55.551,21.4468
23/07/2024 08:29:18.998,21.5453,32.9817,1.19,8.108,55.521,21.4470
23/07/2024 08:30:18.997,21.5445,32.9812,1.19,8.108,55.441,21.4460
23/07/2024 08:31:18.003,21.5451,32.9815,1.19,8.108,55.351,21.4462
23/07/2024 08:32:18.002,21.5451,32.9808,1.19,8.108,55.428,21.4464
23/07/2024 08:33:18.001,21.5456,32.9825,1.19,8.108,55.318,21.4448
23/07/2024 08:34:18.000,21.5458,32.9821,1.19,8.108,55.538,21.4450
23/07/2024 08:35:18.000,21.5468,32.9821,1.19,8.108,55.428,21.4455
23/07/2024 08:36:18.999,21.5473,32.9827,1.19,8.108,55.450,21.4454
23/07/2024 08:37:18.998,21.5460,32.9826,1.19,8.108,55.420,21.4454
23/07/2024 08:38:18.997,21.5474,32.9818,1.19,8.108,55.459,21.4454
23/07/2024 08:39:18.003,21.5477,32.9821,1.19,8.108,55.421,21.4452
23/07/2024 08:40:18.002,21.5472,32.9825,1.19,8.108,55.491,21.4445
23/07/2024 08:41:18.001,21.5486,32.9816,1.19,8.111,55.402,21.4432
23/07/2024 08:42:18.000,21.5482,32.9822,1.19,8.110,55.487,21.4437
23/07/2024 08:43:18.999,21.5479,32.9825,1.19,8.109,55.394,21.4448
23/07/2024 08:44:18.998,21.5478,32.9830,1.19,8.109,55.398,21.4441
23/07/2024 08:45:18.997,21.5490,32.9829,1.19,8.109,55.455,21.4443
23/07/2024 08:46:18.003,21.5497,32.9819,1.19,8.109,55.290,21.4425
23/07/2024 08:47:18.002,21.5498,32.9827,1.19,8.108,55.502,21.4421
23/07/2024 08:48:18.001,21.5482,32.9826,1.19,8.108,55.387,21.4422
23/07/2024 08:49:18.000,21.5489,32.9821,1.19,8.108,55.452,21.4421
23/07/2024 08:50:18.000,21.5493,32.9828,1.19,8.108,55.473,21.4422
23/07/2024 08:51:18.999,21.5500,32.9834,1.19,8.108,55.421,21.4412
23/07/2024 08:52:18.998,21.5505,32.9821,1.19,8.108,55.480,21.4424
23/07/2024 08:53:18.997,21.5513,32.9818,1.19,8.108,55.357,21.4414
23/07/2024 08:54:18.003,21.5507,32.9832,1.19,8.108,55.390,21.4416
23/07/2024 08:55:18.002,21.5511,32.9828,1.19,8.108,55.492,21.4415
23/07/2024 08:56:18.001,21.5514,32.9834,1.19,8.108,55.435,21.4414
23/07/2024 08:57:18.000,21.5505,32.9838,1.19,8.108,55.431,21.4413
23/07/2024 08:58:18.999,21.5513,32.9830,1.19,8.108,55.335,21.4416
23/07/2024 08:59:18.998,21.5502,32.9815,1.19,8.108,55.304,21.4404
23/07/2024 09:00:18.997,21.5499,32.9823,1.19,8.108,55.486,21.4406
23/07/2024 09:01:18.003,21.5505,32.9843,1.19,8.108,55.403,21.4404
23/07/2024 09:02:18.002,21.5506,32.9838,1.19,8.108,55.324,21.4408
23/07/2024 09:03:18.001,21.5507,32.9827,1.19,8.108,55.425,21.4398
23/07/2024 09:04:18.000,21.5514,32.9831,1.19,8.108,55.399,21.4409
23/07/2024 09:05:18.000,21.5511,32.9838,1.19,8.108,55.426,21.4403
23/07/2024 09:06:18.999,21.5515,32.9828,1.19,8.108,55.414,21.4392
23/07/2024 09:07:18.998,21.5509,32.9842,1.19,8.107,55.356,21.4410
23/07/2024 09:08:18.997,21.5522,32.9841,1.19,8.107,55.351,21.4403
23/07/2024 09:09:18.003,21.5526,32.9829,1.19,8.107,55.446,21.4401
23/07/2024 09:10:18.002,21.5530,32.9829,1.19,8.107,55.348,21.4381
23/07/2024 09:11:18.001,21.5528,32.9832,1.19,8.108,55.368,21.4386
23/07/2024 09:12:18.000,21.5541,32.9830,1.19,8.108,55.349,21.4389
23/07/2024 09:13:18.999,21.5532,32.9836,1.20,8.107,55.338,21.4388
23/07/2024 09:14:18.998,21.5541,32.9842,1.19,8.109,55.505,21.4381
23/07/2024 09:15:18.997,21.5550,32.9841,1.19,8.108,55.413,21.4382
23/07/2024 09:16:18.003,21.5555,32.9843,1.19,8.108,55.437,21.4374
23/07/2024 09:17:18.002,21.5562,32.9840,1.19,8.108,55.464,21.4367
23/07/2024 09:18:18.001,21.5566,32.9837,1.19,8.108,55.399,21.4368
23/07/2024 09:19:18.000,21.5572,32.9841,1.19,8.108,55.436,21.4378
23/07/2024 09:20:18.000,21.5569,32.9848,1.19,8.108,55.368,21.4378
23/07/2024 09:21:18.999,21.5568,32.9834,1.19,8.108,55.322,21.4370
23/07/2024 09:22:18.998,21.5583,32.9832,1.19,8.108,55.461,21.4375
23/07/2024 09:23:18.997,21.5584,32.9835,1.19,8.109,55.488,21.4373
23/07/2024 09:24:18.003,21.5586,32.9848,1.19,8.108,55.503,21.4378
23/07/2024 09:25:18.002,21.5605,32.9840,1.19,8.108,55.469,21.4382
23/07/2024 09:26:18.001,21.5612,32.9832,1.19,8.108,55.485,21.4370
23/07/2024 09:27:18.000,21.5608,32.9852,1.19,8.108,55.426,21.4365
23/07/2024 09:28:18.999,21.5610,32.9844,1.19,8.108,55.502,21.4363
23/07/2024 09:29:18.998,21.5612,32.9834,1.19,8.110,55.557,21.4353
23/07/2024 09:30:18.997,21.5607,32.9851,1.19,8.109,55.452,21.4355
23/07/2024 09:31:18.003,21.5614,32.9841,1.20,8.109,55.388,21.4368
23/07/2024 09:32:18.002,21.5618,32.9839,1.19,8.109,55.339,21.4438
23/07/2024 09:33:18.001,21.5621,32.9838,1.19,8.109,55.285,21.4357
23/07/2024 09:34:18.000,21.5622,32.9855,1.19,8.109,55.382,21.4365
23/07/2024 09:35:18.000,21.5626,32.9847,1.20,8.109,55.537,21.4350
23/07/2024 09:36:18.999,21.5638,32.9839,1.19,8.109,55.415,21.4334
23/07/2024 09:37:18.998,21.5630,32.9844,1.19,8.109,55.449,21.4341
23/07/2024 09:38:18.997,21.5633,32.9844,1.20,8.109,55.426,21.4356
23/07/2024 09:39:18.003,21.5638,32.9858,1.20,8.109,55.392,21.4357
23/07/2024 09:40:18.002,21.5647,32.9849,1.19,8.109,55.432,21.4355
23/07/2024 09:41:18.001,21.5653,32.9840,1.19,8.109,55.389,21.4357
23/07/2024 09:42:18.000,21.5651,32.9853,1.19,8.108,55.466,21.4357
23/07/2024 09:43:18.999,21.5668,32.9845,1.19,8.108,55.325,21.4340
23/07/2024 09:44:18.998,21.5666,32.9865,1.19,8.108,55.413,21.4336
23/07/2024 09:45:18.997,21.5675,32.9842,1.19,8.108,55.335,21.4344
23/07/2024 09:46:18.003,21.5670,32.9847,1.19,8.109,55.351,21.4322
23/07/2024 09:47:18.002,21.5669,32.9833,1.19,8.109,55.339,21.4331
23/07/2024 09:48:18.001,21.5653,32.9841,1.19,8.109,55.390,21.4338
23/07/2024 09:49:18.000,21.5632,32.9850,1.19,8.109,55.331,21.4339
23/07/2024 09:50:18.000,21.5612,32.9849,1.19,8.109,55.397,21.4342
23/07/2024 09:51:18.999,21.5606,32.9835,1.19,8.109,55.452,21.4343
23/07/2024 09:52:18.998,21.5596,32.9848,1.19,8.109,55.422,21.4336
23/07/2024 09:53:18.997,21.5586,32.9853,1.19,8.109,55.479,21.4332
23/07/2024 09:54:18.003,21.5591,32.9841,1.19,8.109,55.420,21.4339
23/07/2024 09:55:18.002,21.5583,32.9849,1.19,8.109,55.412,21.4337
23/07/2024 09:56:18.001,21.5589,32.9851,1.19,8.109,55.383,21.4337
23/07/2024 09:57:18.000,21.5583,32.9858,1.19,8.109,55.369,21.4330
23/07/2024 09:58:18.999,21.5574,32.9849,1.20,8.108,55.360,21.4329
23/07/2024 09:59:18.998,21.5560,32.9860,1.20,8.108,55.412,21.4327
23/07/2024 10:00:18.997,21.5564,32.9858,1.19,8.108,55.503,21.4326
23/07/2024 10:01:18.003,21.5548,32.9859,1.19,8.108,55.435,21.4323
23/07/2024 10:02:18.002,21.5551,32.9857,1.19,8.109,55.314,21.4412
23/07/2024 10:03:18.001,21.5550,32.9855,1.19,8.108,55.260,21.4413
23/07/2024 10:04:18.000,21.5538,32.9860,1.20,8.108,55.385,21.4397
23/07/2024 10:05:18.000,21.5539,32.9857,1.18,8.109,55.353,28.9541
23/07/2024 10:06:18.999,21.5526,32.9855,1.17,8.108,55.352,26.9020
23/07/2024 10:07:18.998,21.5524,32.9851,1.17,8.109,55.317,26.8898
23/07/2024 10:08:18.997,21.5527,32.9856,1.17,8.109,55.459,27.4068
23/07/2024 10:09:18.003,21.5522,32.9857,1.17,8.109,55.383,27.9164
23/07/2024 10:10:18.002,21.5515,32.9872,1.17,8.109,55.390,27.9339
23/07/2024 10:11:18.001,21.5510,32.9864,1.17,8.109,55.279,28.2366
23/07/2024 10:12:18.000,21.5497,32.9861,1.17,8.109,55.349,28.0465
23/07/2024 10:13:18.999,21.5502,32.9862,1.17,8.109,55.307,28.0123
23/07/2024 10:14:18.998,21.5493,32.9862,1.17,8.109,55.312,28.8219
23/07/2024 10:15:18.997,21.5502,32.9864,1.17,8.109,55.300,28.0686
23/07/2024 10:16:18.003,21.5498,32.9867,1.17,8.109,55.277,27.9917
