Cruise namePNNL Tank
cast nameCast 194
cruise start date15/08/2023
cruise end date15/08/2023
29/07/2024 14:28:10.000,21.1264,33.4103,1.28,8.074,55.449,21.0304
29/07/2024 14:29:10.000,21.1264,33.4117,1.27,8.073,55.392,21.0311
29/07/2024 14:30:10.000,21.1273,33.4101,1.27,8.073,55.361,21.0313
29/07/2024 14:31:10.000,21.1285,33.4113,1.27,8.072,55.442,21.0310
29/07/2024 14:32:10.000,21.1294,33.4114,1.28,8.071,55.417,21.0305
29/07/2024 14:33:10.000,21.1298,33.4115,1.28,8.071,55.464,21.0316
29/07/2024 14:34:10.000,21.1315,33.4107,1.27,8.070,55.435,21.0321
29/07/2024 14:35:10.000,21.1328,33.4119,1.28,8.069,55.429,21.0324
29/07/2024 14:36:10.000,21.1346,33.4115,1.29,8.069,55.467,21.0319
29/07/2024 14:37:10.000,21.1376,33.4111,1.28,8.068,55.319,21.0318
29/07/2024 14:38:10.000,21.1388,33.4116,1.29,8.068,55.444,21.0316
29/07/2024 14:39:10.000,21.1402,33.4107,1.28,8.068,55.391,21.0322
29/07/2024 14:40:10.000,21.1408,33.4108,1.28,8.067,55.567,21.0321
29/07/2024 14:41:10.000,21.1407,33.4114,1.28,8.067,55.473,21.0322
29/07/2024 14:42:10.000,21.1426,33.4104,1.28,8.067,55.558,21.0322
29/07/2024 14:43:10.000,21.1432,33.4100,1.29,8.067,55.582,21.0313
29/07/2024 14:44:10.000,21.1427,33.4106,1.28,8.066,55.609,21.0331
29/07/2024 14:45:10.000,21.1434,33.4114,1.29,8.066,55.514,21.0323
29/07/2024 14:46:10.000,21.1460,33.4106,1.29,8.066,55.573,21.0327
29/07/2024 14:47:10.000,21.1468,33.4109,1.29,8.066,55.484,21.0330
29/07/2024 14:48:10.000,21.1471,33.4112,1.29,8.066,55.506,21.0341
29/07/2024 14:49:10.000,21.1474,33.4113,1.30,8.066,55.530,21.0342
29/07/2024 14:50:10.000,21.1486,33.4111,1.29,8.066,55.488,21.0342
29/07/2024 14:51:10.000,21.1495,33.4118,1.29,8.066,55.575,21.0342
29/07/2024 14:52:10.000,21.1496,33.4107,1.29,8.066,55.509,21.0342
29/07/2024 14:53:10.000,21.1507,33.4113,1.29,8.067,55.518,21.0344
29/07/2024 14:54:10.000,21.1512,33.4114,1.29,8.068,55.556,21.0340
29/07/2024 14:55:10.000,21.1524,33.4112,1.29,8.069,55.484,21.0351
29/07/2024 14:56:10.000,21.1523,33.4123,1.30,8.070,55.460,21.0358
29/07/2024 14:57:10.000,21.1530,33.4107,1.30,8.071,55.442,21.0348
29/07/2024 14:58:10.000,21.1539,33.4125,1.30,8.072,55.484,21.0361
29/07/2024 14:59:10.000,21.1552,33.4109,1.29,8.073,55.468,21.0356
29/07/2024 15:00:10.000,21.1562,33.4113,1.29,8.073,55.450,21.0355
29/07/2024 15:01:10.000,21.1579,33.4113,1.30,8.073,55.393,21.0362
29/07/2024 15:02:10.000,21.1583,33.4104,1.30,8.072,55.498,21.0352
29/07/2024 15:03:10.000,21.1578,33.4107,1.30,8.072,55.478,21.0380
29/07/2024 15:04:10.000,21.1585,33.4122,1.30,8.072,55.485,21.0372
29/07/2024 15:05:10.000,21.1610,33.4121,1.30,8.071,55.472,21.0383
29/07/2024 15:06:10.000,21.1625,33.4117,1.30,8.071,55.424,21.0334
29/07/2024 15:07:10.000,21.1645,33.4119,1.30,8.071,55.441,21.0326
29/07/2024 15:08:10.000,21.1644,33.4120,1.30,8.070,55.534,21.0372
29/07/2024 15:09:10.000,21.1650,33.4121,1.29,8.070,55.541,21.0375
29/07/2024 15:10:10.000,21.1671,33.4111,1.30,8.070,55.478,21.0352
29/07/2024 15:11:10.000,21.1681,33.4107,1.30,8.070,55.473,21.0369
29/07/2024 15:12:10.000,21.1688,33.4116,1.30,8.070,55.453,21.0379
29/07/2024 15:13:10.000,21.1691,33.4109,1.31,8.070,55.464,21.0374
29/07/2024 15:14:10.000,21.1685,33.4118,1.31,8.070,55.463,21.0375
29/07/2024 15:15:10.000,21.1674,33.4111,1.30,8.070,55.456,21.0386
29/07/2024 15:16:10.000,21.1659,33.4129,1.31,8.070,55.492,21.0386
29/07/2024 15:17:10.000,21.1649,33.4113,1.31,8.071,55.444,21.0393
29/07/2024 15:18:10.000,21.1639,33.4124,1.30,8.071,55.471,21.0395
29/07/2024 15:19:10.000,21.1631,33.4111,1.30,8.071,55.438,21.0445
29/07/2024 15:20:10.000,21.1606,33.4126,1.31,8.071,55.374,21.0447
29/07/2024 15:21:10.000,21.1604,33.4128,1.30,8.072,55.520,21.0446
29/07/2024 15:22:10.000,21.1595,33.4129,1.30,8.072,55.528,21.0388
29/07/2024 15:23:10.000,21.1599,33.4135,1.31,8.072,55.532,21.0386
29/07/2024 15:24:10.000,21.1603,33.4118,1.32,8.073,55.520,21.0406
29/07/2024 15:25:10.000,21.1595,33.4126,1.30,8.073,55.431,21.0402
29/07/2024 15:26:10.000,21.1591,33.4118,1.31,8.074,55.499,21.0412
29/07/2024 15:27:10.000,21.1589,33.4129,1.32,8.075,55.481,21.0421
29/07/2024 15:28:10.000,21.1589,33.4136,1.31,8.075,55.385,21.0438
29/07/2024 15:29:10.000,21.1592,33.4130,1.31,8.076,55.435,21.0419
29/07/2024 15:30:10.000,21.1598,33.4113,1.31,8.077,55.379,21.0439
29/07/2024 15:31:10.000,21.1594,33.4121,1.32,8.078,55.406,21.0433
29/07/2024 15:32:10.000,21.1593,33.4125,1.31,8.078,55.378,21.0431
29/07/2024 15:33:10.000,21.1577,33.4125,1.31,8.079,55.417,21.0427
29/07/2024 15:34:10.000,21.1560,33.4127,1.32,8.079,55.311,21.0434
29/07/2024 15:35:10.000,21.1571,33.4120,1.31,8.080,55.450,21.0440
29/07/2024 15:36:10.000,21.1562,33.4130,1.31,8.080,55.463,21.0440
29/07/2024 15:37:10.000,21.1572,33.4131,1.32,8.080,55.416,21.0439
29/07/2024 15:38:10.000,21.1563,33.4143,1.31,8.080,55.448,21.0441
29/07/2024 15:39:10.000,21.1554,33.4129,1.31,8.081,55.451,21.0437
29/07/2024 15:40:10.000,21.1559,33.4133,1.32,8.081,55.400,21.0448
29/07/2024 15:41:10.000,21.1554,33.4131,1.32,8.081,55.563,21.0442
29/07/2024 15:42:10.000,21.1550,33.4128,1.31,8.081,55.475,21.0430
29/07/2024 15:43:10.000,21.1547,33.4130,1.31,8.082,55.423,21.0445
29/07/2024 15:44:10.000,21.1541,33.4125,1.31,8.082,55.452,21.0438
29/07/2024 15:45:10.000,21.1544,33.4136,1.31,8.082,55.548,21.0441
29/07/2024 15:46:10.000,21.1551,33.4139,1.32,8.082,55.578,21.0441
29/07/2024 15:47:10.000,21.1548,33.4135,1.31,8.082,55.474,21.0442
29/07/2024 15:48:10.000,21.1543,33.4122,1.31,8.083,55.485,21.0454
29/07/2024 15:49:10.000,21.1535,33.4130,1.32,8.083,55.345,21.0452
29/07/2024 15:50:10.000,21.1530,33.4129,1.32,8.084,55.482,21.0445
29/07/2024 15:51:10.000,21.1520,33.4127,1.31,8.085,55.502,21.0445
29/07/2024 15:52:10.000,21.1513,33.4137,1.32,8.085,55.477,21.0516
29/07/2024 15:53:10.000,21.1519,33.4134,1.32,8.086,55.417,21.0517
29/07/2024 15:54:10.000,21.1526,33.4135,1.32,8.086,55.466,21.0517
29/07/2024 15:55:10.000,21.1544,33.4144,1.32,8.087,55.385,21.0518
29/07/2024 15:56:10.000,21.1556,33.4151,1.32,8.086,55.546,21.0517
29/07/2024 15:57:10.000,21.1573,33.4144,1.32,8.087,55.528,21.0509
29/07/2024 15:58:10.000,21.1580,33.4154,1.32,8.087,55.482,21.0520
29/07/2024 15:59:10.000,21.1592,33.4145,1.31,8.087,55.427,21.0526
29/07/2024 16:00:10.000,21.1606,33.4150,1.32,8.087,55.515,21.0513
29/07/2024 16:01:10.000,21.1629,33.4140,1.33,8.087,55.608,21.0518
29/07/2024 16:02:10.000,21.1635,33.4149,1.32,8.087,55.454,21.0521
29/07/2024 16:03:10.000,21.1647,33.4124,1.32,8.087,55.556,21.0534
29/07/2024 16:04:10.000,21.1659,33.4132,1.32,8.087,55.487,21.0536
29/07/2024 16:05:10.000,21.1677,33.4137,1.31,8.087,55.455,21.0543
29/07/2024 16:06:10.000,21.1675,33.4151,1.32,8.087,55.535,21.0532
29/07/2024 16:07:10.000,21.1684,33.4149,1.31,8.086,55.432,21.0536
29/07/2024 16:08:10.000,21.1686,33.4151,1.32,8.086,55.501,21.0536
29/07/2024 16:09:10.000,21.1696,33.4137,1.32,8.086,55.518,21.0544
29/07/2024 16:10:10.000,21.1690,33.4150,1.31,8.086,55.471,21.0538
29/07/2024 16:11:10.000,21.1698,33.4139,1.31,8.085,55.442,21.0541
29/07/2024 16:12:10.000,21.1695,33.4148,1.32,8.085,55.477,21.0552
29/07/2024 16:13:10.000,21.1696,33.4140,1.32,8.086,55.465,21.0558
29/07/2024 16:14:10.000,21.1698,33.4137,1.33,8.085,55.556,21.0556
29/07/2024 16:15:10.000,21.1711,33.4142,1.31,8.086,55.474,21.0556
29/07/2024 16:16:10.000,21.1708,33.4148,1.32,8.086,55.519,21.0560
29/07/2024 16:17:10.000,21.1718,33.4138,1.32,8.086,55.481,21.0557
29/07/2024 16:18:10.000,21.1725,33.4154,1.32,8.086,55.375,21.0564
29/07/2024 16:19:10.000,21.1717,33.4152,1.32,8.086,55.537,21.0562
29/07/2024 16:20:10.000,21.1736,33.4153,1.32,8.086,55.476,21.0574
29/07/2024 16:21:10.000,21.1737,33.4145,1.32,8.086,55.468,21.0564
29/07/2024 16:22:10.000,21.1758,33.4145,1.32,8.086,55.502,21.0576
29/07/2024 16:23:10.000,21.1762,33.4137,1.31,8.086,55.473,21.0577
29/07/2024 16:24:10.000,21.1764,33.4149,1.31,8.086,55.547,21.0577
29/07/2024 16:25:10.000,21.1767,33.4140,1.32,8.086,55.430,21.0586
29/07/2024 16:26:10.000,21.1781,33.4157,1.31,8.087,55.448,21.0583
29/07/2024 16:27:10.000,21.1781,33.4153,1.32,8.087,55.528,21.0592
29/07/2024 16:28:10.000,21.1788,33.4145,1.31,8.087,55.498,21.0588
29/07/2024 16:29:10.000,21.1795,33.4137,1.32,8.088,55.486,21.0595
29/07/2024 16:30:10.000,21.1792,33.4157,1.31,8.088,55.437,21.0587
29/07/2024 16:31:10.000,21.1788,33.4147,1.31,8.088,55.485,21.0595
29/07/2024 16:32:10.000,21.1784,33.4142,1.31,8.088,55.418,21.0597
29/07/2024 16:33:10.000,21.1768,33.4137,1.31,8.089,55.288,21.0600
29/07/2024 16:34:10.000,21.1758,33.4142,1.31,8.089,55.397,21.0607
29/07/2024 16:35:10.000,21.1742,33.4148,1.32,8.089,55.375,21.0576
29/07/2024 16:36:10.000,21.1721,33.4143,1.31,8.089,55.340,21.0609
29/07/2024 16:37:10.000,21.1703,33.4149,1.31,8.090,55.468,21.0597
29/07/2024 16:38:10.000,21.1697,33.4151,1.32,8.090,55.415,21.0611
29/07/2024 16:39:10.000,21.1684,33.4147,1.32,8.090,55.525,21.0612
29/07/2024 16:40:10.000,21.1677,33.4147,1.31,8.091,55.495,21.0615
29/07/2024 16:41:10.000,21.1675,33.4147,1.31,8.091,55.477,21.0618
29/07/2024 16:42:10.000,21.1665,33.4160,1.32,8.092,55.487,21.0621
29/07/2024 16:43:10.000,21.1668,33.4156,1.31,8.092,55.442,21.0621
29/07/2024 16:44:10.000,21.1643,33.4157,1.31,8.092,55.475,21.0622
29/07/2024 16:45:10.000,21.1648,33.4139,1.32,8.092,55.495,21.0623
29/07/2024 16:46:10.000,21.1646,33.4133,1.32,8.093,55.407,21.0628
29/07/2024 16:47:10.000,21.1641,33.4155,1.31,8.093,55.436,21.0627
29/07/2024 16:48:10.000,21.1638,33.4158,1.31,8.093,55.452,21.0629
29/07/2024 16:49:10.000,21.1635,33.4157,1.31,8.094,55.477,21.0628
29/07/2024 16:50:10.000,21.1631,33.4153,1.31,8.094,55.517,21.0625
29/07/2024 16:51:10.000,21.1628,33.4167,1.31,8.094,55.530,21.0631
29/07/2024 16:52:10.000,21.1635,33.4155,1.32,8.094,55.493,21.0630
29/07/2024 16:53:10.000,21.1623,33.4156,1.31,8.094,55.435,21.0635
29/07/2024 16:54:10.000,21.1624,33.4156,1.31,8.095,55.475,21.0633
29/07/2024 16:55:10.000,21.1633,33.4159,1.31,8.095,55.548,21.0619
29/07/2024 16:56:10.000,21.1622,33.4169,1.32,8.096,55.481,21.0641
29/07/2024 16:57:10.000,21.1618,33.4169,1.32,8.096,55.421,21.0641
29/07/2024 16:58:10.000,21.1618,33.4155,1.31,8.096,55.415,21.0644
29/07/2024 16:59:10.000,21.1615,33.4158,1.31,8.097,55.506,21.0645
29/07/2024 17:00:10.000,21.1613,33.4170,1.32,8.097,55.521,21.0643
29/07/2024 17:01:10.000,21.1602,33.4180,1.31,8.097,55.595,21.0647
29/07/2024 17:02:10.000,21.1611,33.4160,1.31,8.097,55.584,21.0642
29/07/2024 17:03:10.000,21.1602,33.4159,1.32,8.097,55.658,21.0648
29/07/2024 17:04:10.000,21.1598,33.4166,1.32,8.098,55.473,21.0632
29/07/2024 17:05:10.000,21.1598,33.4166,1.31,8.098,55.497,21.0632
29/07/2024 17:06:10.000,21.1589,33.4172,1.31,8.098,55.433,21.0646
29/07/2024 17:07:10.000,21.1599,33.4170,1.32,8.098,55.362,21.0608
29/07/2024 17:08:10.000,21.1596,33.4160,1.31,8.098,55.446,21.0601
29/07/2024 17:09:10.000,21.1594,33.4172,1.31,8.098,55.487,21.0608
29/07/2024 17:10:10.000,21.1569,33.4162,1.31,8.098,55.491,21.0607
29/07/2024 17:11:10.000,21.1563,33.4175,1.31,8.099,55.346,21.0613
29/07/2024 17:12:10.000,21.1579,33.4156,1.31,8.099,55.400,21.0616
29/07/2024 17:13:10.000,21.1573,33.4165,1.31,8.099,55.402,21.0617
29/07/2024 17:14:10.000,21.1571,33.4181,1.31,8.099,55.491,21.0617
29/07/2024 17:15:10.000,21.1583,33.4171,1.31,8.100,55.352,21.0603
29/07/2024 17:16:10.000,21.1579,33.4179,1.31,8.100,55.406,21.0614
29/07/2024 17:17:10.000,21.1587,33.4167,1.30,8.100,55.461,21.0646
29/07/2024 17:18:10.000,21.1588,33.4169,1.31,8.101,55.423,21.0649
29/07/2024 17:19:10.000,21.1581,33.4176,1.31,8.101,55.395,21.0654
29/07/2024 17:20:10.000,21.1573,33.4157,1.31,8.101,55.441,21.0636
29/07/2024 17:21:10.000,21.1566,33.4177,1.31,8.102,55.556,21.0654
29/07/2024 17:22:10.000,21.1554,33.4175,1.31,8.102,55.517,21.0658
29/07/2024 17:23:10.000,21.1564,33.4180,1.31,8.102,55.459,21.0663
29/07/2024 17:24:10.000,21.1577,33.4178,1.31,8.102,55.341,21.0653
29/07/2024 17:25:10.000,21.1602,33.4184,1.31,8.103,55.281,21.0632
29/07/2024 17:26:10.000,21.1631,33.4184,1.31,8.103,55.359,21.0664
29/07/2024 17:27:10.000,21.1651,33.4176,1.30,8.103,55.372,21.0666
29/07/2024 17:28:10.000,21.1664,33.4173,1.31,8.103,55.333,21.0664
29/07/2024 17:29:10.000,21.1679,33.4185,1.31,8.103,55.465,21.0664
29/07/2024 17:30:10.000,21.1700,33.4183,1.31,8.103,55.438,21.0667
29/07/2024 17:31:10.000,21.1709,33.4182,1.31,8.103,55.532,21.0670
29/07/2024 17:32:10.000,21.1712,33.4186,1.31,8.103,55.490,21.0673
29/07/2024 17:33:10.000,21.1728,33.4188,1.31,8.103,55.480,21.0677
29/07/2024 17:34:10.000,21.1748,33.4172,1.31,8.103,55.515,21.0676
29/07/2024 17:35:10.000,21.1757,33.4175,1.31,8.103,55.522,21.0676
29/07/2024 17:36:10.000,21.1762,33.4177,1.31,8.102,55.566,21.0681
29/07/2024 17:37:10.000,21.1759,33.4194,1.31,8.102,55.503,21.0679
29/07/2024 17:38:10.000,21.1768,33.4173,1.31,8.102,55.567,21.0680
29/07/2024 17:39:10.000,21.1783,33.4174,1.30,8.102,55.568,21.0693
29/07/2024 17:40:10.000,21.1796,33.4183,1.31,8.101,55.394,21.0687
29/07/2024 17:41:10.000,21.1802,33.4170,1.31,8.101,55.561,21.0692
29/07/2024 17:42:10.000,21.1797,33.4182,1.31,8.101,55.394,21.0695
29/07/2024 17:43:10.000,21.1808,33.4179,1.32,8.101,55.454,21.0694
29/07/2024 17:44:10.000,21.1810,33.4182,1.31,8.100,55.364,21.0689
29/07/2024 17:45:10.000,21.1810,33.4197,1.31,8.100,55.366,21.0696
29/07/2024 17:46:10.000,21.1827,33.4179,1.32,8.099,55.433,21.0695
29/07/2024 17:47:10.000,21.1835,33.4186,1.32,8.099,55.459,21.0702
29/07/2024 17:48:10.000,21.1838,33.4177,1.31,8.098,55.324,21.0708
29/07/2024 17:49:10.000,21.1829,33.4179,1.31,8.097,55.445,21.0707
29/07/2024 17:50:10.000,21.1827,33.4189,1.31,8.097,55.550,21.0705
29/07/2024 17:51:10.000,21.1837,33.4186,1.31,8.096,55.454,21.0713
29/07/2024 17:52:10.000,21.1843,33.4182,1.31,8.096,55.506,21.0712
29/07/2024 17:53:10.000,21.1840,33.4180,1.32,8.095,55.466,21.0716
29/07/2024 17:54:10.000,21.1847,33.4172,1.31,8.095,55.486,21.0706
29/07/2024 17:55:10.000,21.1827,33.4180,1.30,8.094,55.423,21.0715
29/07/2024 17:56:10.000,21.1807,33.4193,1.31,8.094,55.531,21.0724
29/07/2024 17:57:10.000,21.1797,33.4173,1.31,8.093,55.443,21.0719
29/07/2024 17:58:10.000,21.1781,33.4184,1.31,8.093,55.513,21.0730
29/07/2024 17:59:10.000,21.1761,33.4175,1.31,8.092,55.536,21.0725
29/07/2024 18:00:10.000,21.1739,33.4180,1.31,8.092,55.581,21.0721
29/07/2024 18:01:10.000,21.1735,33.4180,1.31,8.092,55.456,21.0728
29/07/2024 18:02:10.000,21.1717,33.4194,1.31,8.092,55.494,21.0732
29/07/2024 18:03:10.000,21.1712,33.4190,1.31,8.091,55.528,21.0724
29/07/2024 18:04:10.000,21.1708,33.4192,1.30,8.091,55.438,21.0727
29/07/2024 18:05:10.000,21.1701,33.4174,1.31,8.091,55.552,21.0732
29/07/2024 18:06:10.000,21.1695,33.4184,1.31,8.090,55.460,21.0732
29/07/2024 18:07:10.000,21.1687,33.4176,1.31,8.090,55.468,21.0737
29/07/2024 18:08:10.000,21.1667,33.4188,1.32,8.090,55.526,21.0737
29/07/2024 18:09:10.000,21.1666,33.4190,1.31,8.089,55.398,21.0727
29/07/2024 18:10:10.000,21.1663,33.4199,1.30,8.089,55.408,21.0736
29/07/2024 18:11:10.000,21.1650,33.4194,1.31,8.088,55.484,21.0739
29/07/2024 18:12:10.000,21.1653,33.4188,1.31,8.088,55.509,21.0743
29/07/2024 18:13:10.000,21.1644,33.4188,1.31,8.087,55.454,21.0740
29/07/2024 18:14:10.000,21.1630,33.4191,1.30,8.087,55.425,21.0741
29/07/2024 18:15:10.000,21.1615,33.4186,1.31,8.086,55.363,21.0742
29/07/2024 18:16:10.000,21.1612,33.4197,1.31,8.085,55.494,21.0743
29/07/2024 18:17:10.000,21.1610,33.4196,1.31,8.084,55.538,21.0741
29/07/2024 18:18:10.000,21.1609,33.4193,1.31,8.084,55.590,21.0737
29/07/2024 18:19:10.000,21.1601,33.4187,1.30,8.083,55.408,21.0739
29/07/2024 18:20:10.000,21.1592,33.4212,1.31,8.082,55.369,21.0745
29/07/2024 18:21:10.000,21.1605,33.4206,1.31,8.082,55.363,21.0748
29/07/2024 18:22:10.000,21.1606,33.4211,1.31,8.081,55.452,21.0746
29/07/2024 18:23:10.000,21.1606,33.4206,1.30,8.080,55.523,21.0749
29/07/2024 18:24:10.000,21.1622,33.4201,1.31,8.080,55.425,21.0748
29/07/2024 18:25:10.000,21.1651,33.4208,1.31,8.079,55.411,21.0749
29/07/2024 18:26:10.000,21.1663,33.4199,1.31,8.079,55.469,21.0753
29/07/2024 18:27:10.000,21.1668,33.4214,1.31,8.078,55.432,21.0744
29/07/2024 18:28:10.001,21.1693,33.4210,1.31,8.078,55.423,21.0753
29/07/2024 18:29:10.000,21.1711,33.4199,1.31,8.078,55.559,21.0755
29/07/2024 18:30:10.001,21.1720,33.4203,1.30,8.077,55.483,21.0753
29/07/2024 18:31:10.000,21.1732,33.4201,1.31,8.077,55.510,21.0763
29/07/2024 18:32:10.001,21.1749,33.4199,1.30,8.077,55.555,21.0757
29/07/2024 18:33:10.000,21.1758,33.4203,1.31,8.076,55.543,21.0759
29/07/2024 18:34:10.000,21.1772,33.4212,1.30,8.076,55.583,21.0760
29/07/2024 18:35:10.000,21.1773,33.4203,1.30,8.076,55.679,21.0766
29/07/2024 18:36:10.000,21.1781,33.4197,1.30,8.075,55.591,21.0762
29/07/2024 18:37:10.999,21.1792,33.4197,1.30,8.075,55.701,21.0773
29/07/2024 18:38:10.000,21.1796,33.4210,1.30,8.074,55.558,21.0761
29/07/2024 18:39:10.999,21.1801,33.4203,1.31,8.074,55.495,21.0773
29/07/2024 18:40:10.000,21.1808,33.4204,1.31,8.074,55.545,21.0775
29/07/2024 18:41:10.999,21.1814,33.4206,1.30,8.074,55.567,21.0772
29/07/2024 18:42:10.000,21.1830,33.4206,1.30,8.073,55.532,21.0775
29/07/2024 18:43:10.001,21.1816,33.4228,1.30,8.073,55.452,21.0767
29/07/2024 18:44:10.000,21.1825,33.4216,1.30,8.073,55.489,21.0777
29/07/2024 18:45:10.001,21.1802,33.4217,1.30,8.073,55.413,21.0786
29/07/2024 18:46:10.000,21.1801,33.4195,1.30,8.072,55.426,21.0790
29/07/2024 18:47:10.001,21.1786,33.4209,1.31,8.072,55.418,21.0787
29/07/2024 18:48:10.000,21.1770,33.4203,1.30,8.072,55.393,21.0779
29/07/2024 18:49:10.000,21.1744,33.4206,1.31,8.072,55.384,21.0792
29/07/2024 18:50:10.000,21.1728,33.4200,1.30,8.071,55.425,21.0785
29/07/2024 18:51:10.000,21.1715,33.4202,1.30,8.071,55.481,21.0790
29/07/2024 18:52:10.999,21.1709,33.4207,1.30,8.071,55.400,21.0787
29/07/2024 18:53:10.000,21.1696,33.4204,1.30,8.071,55.331,21.0794
29/07/2024 18:54:10.999,21.1686,33.4213,1.30,8.070,55.469,21.0796
29/07/2024 18:55:10.000,21.1685,33.4203,1.30,8.070,55.451,21.0787
29/07/2024 18:56:10.999,21.1678,33.4207,1.30,8.070,55.466,21.0796
29/07/2024 18:57:10.000,21.1671,33.4199,1.30,8.070,55.497,21.0795
29/07/2024 18:58:10.001,21.1655,33.4209,1.30,8.069,55.417,21.0798
29/07/2024 18:59:10.000,21.1660,33.4218,1.30,8.070,55.503,21.0788
29/07/2024 19:00:10.001,21.1650,33.4216,1.30,8.069,55.480,21.0800
29/07/2024 19:01:10.000,21.1648,33.4212,1.31,8.069,55.404,21.0804
29/07/2024 19:02:10.001,21.1649,33.4204,1.30,8.069,55.411,21.0799
29/07/2024 19:03:10.000,21.1635,33.4220,1.31,8.068,55.502,21.0806
29/07/2024 19:04:10.000,21.1632,33.4215,1.30,8.068,55.439,21.0808
29/07/2024 19:05:10.000,21.1643,33.4214,1.30,8.068,55.490,21.0801
29/07/2024 19:06:10.000,21.1650,33.4215,1.30,8.068,55.438,21.0810
29/07/2024 19:07:10.999,21.1669,33.4235,1.30,8.068,55.330,21.0796
29/07/2024 19:08:10.000,21.1696,33.4221,1.30,8.068,55.393,21.0797
29/07/2024 19:09:10.999,21.1718,33.4216,1.30,8.068,55.415,21.0799
29/07/2024 19:10:10.000,21.1718,33.4229,1.30,8.067,55.469,21.0810
29/07/2024 19:11:10.999,21.1739,33.4214,1.29,8.067,55.438,21.0811
29/07/2024 19:12:10.000,21.1744,33.4224,1.30,8.067,55.410,21.0813
29/07/2024 19:13:10.001,21.1753,33.4222,1.30,8.069,55.428,21.0817
29/07/2024 19:14:10.000,21.1764,33.4214,1.30,8.069,55.428,21.0818
29/07/2024 19:15:10.001,21.1771,33.4221,1.30,8.068,55.506,21.0816
29/07/2024 19:16:10.000,21.1784,33.4224,1.30,8.068,55.424,21.0820
29/07/2024 19:17:10.001,21.1797,33.4216,1.30,8.068,55.423,21.0814
29/07/2024 19:18:10.000,21.1816,33.4219,1.30,8.067,55.379,21.0824
29/07/2024 19:19:10.000,21.1807,33.4222,1.30,8.067,55.454,21.0824
29/07/2024 19:20:10.000,21.1825,33.4224,1.30,8.067,55.480,21.0827
29/07/2024 19:21:10.000,21.1823,33.4224,1.30,8.067,55.394,21.0835
29/07/2024 19:22:10.999,21.1829,33.4216,1.29,8.067,55.532,21.0828
29/07/2024 19:23:10.000,21.1823,33.4231,1.30,8.066,55.457,21.0835
29/07/2024 19:24:10.999,21.1837,33.4223,1.30,8.066,55.501,21.0832
29/07/2024 19:25:10.000,21.1840,33.4216,1.30,8.066,55.476,21.0840
29/07/2024 19:26:10.999,21.1851,33.4223,1.30,8.066,55.512,21.0833
29/07/2024 19:27:10.000,21.1850,33.4228,1.30,8.066,55.481,21.0835
29/07/2024 19:28:10.001,21.1857,33.4228,1.30,8.066,55.610,21.0841
29/07/2024 19:29:10.000,21.1852,33.4222,1.31,8.066,55.504,21.0841
29/07/2024 19:30:10.001,21.1854,33.4213,1.30,8.066,55.486,21.0848
29/07/2024 19:31:10.000,21.1848,33.4214,1.30,8.066,55.470,21.0851
29/07/2024 19:32:10.001,21.1834,33.4231,1.30,8.066,55.543,21.0849
29/07/2024 19:33:10.000,21.1820,33.4222,1.30,8.065,55.504,21.0850
29/07/2024 19:34:10.000,21.1809,33.4216,1.30,8.065,55.384,21.0851
29/07/2024 19:35:10.000,21.1788,33.4224,1.29,8.066,55.513,21.0854
29/07/2024 19:36:10.000,21.1771,33.4222,1.30,8.065,55.588,21.0848
29/07/2024 19:37:10.999,21.1762,33.4224,1.30,8.065,55.463,21.0859
29/07/2024 19:38:10.000,21.1754,33.4234,1.30,8.065,55.492,21.0857
29/07/2024 19:39:10.999,21.1743,33.4228,1.30,8.065,55.557,21.0860
29/07/2024 19:40:10.000,21.1730,33.4223,1.30,8.065,55.501,21.0860
29/07/2024 19:41:10.999,21.1726,33.4231,1.30,8.064,55.607,21.0856
29/07/2024 19:42:10.000,21.1725,33.4220,1.30,8.064,55.559,21.0866
29/07/2024 19:43:10.001,21.1721,33.4214,1.30,8.064,55.522,21.0861
29/07/2024 19:44:10.000,21.1726,33.4221,1.30,8.064,55.541,21.0850
29/07/2024 19:45:10.001,21.1713,33.4240,1.30,8.064,55.509,21.0859
29/07/2024 19:46:10.000,21.1725,33.4227,1.30,8.064,55.522,21.0860
29/07/2024 19:47:10.001,21.1718,33.4225,1.30,8.065,55.458,21.0858
29/07/2024 19:48:10.000,21.1721,33.4226,1.29,8.065,55.534,21.0860
29/07/2024 19:49:10.000,21.1718,33.4223,1.30,8.066,55.583,21.0859
29/07/2024 19:50:10.000,21.1707,33.4224,1.30,8.066,55.575,21.0864
29/07/2024 19:51:10.000,21.1711,33.4219,1.30,8.067,55.666,21.0867
29/07/2024 19:52:10.999,21.1698,33.4224,1.30,8.068,55.530,21.0869
29/07/2024 19:53:10.000,21.1699,33.4229,1.30,8.069,55.568,21.0855
29/07/2024 19:54:10.999,21.1689,33.4241,1.30,8.070,55.594,21.0871
29/07/2024 19:55:10.000,21.1697,33.4233,1.30,8.071,55.462,21.0866
29/07/2024 19:56:10.999,21.1697,33.4245,1.30,8.072,55.515,21.0876
29/07/2024 19:57:10.000,21.1711,33.4253,1.31,8.072,55.529,21.0872
29/07/2024 19:58:10.001,21.1729,33.4248,1.30,8.072,55.472,21.0876
29/07/2024 19:59:10.000,21.1743,33.4238,1.30,8.073,55.510,21.0886
29/07/2024 20:00:10.001,21.1764,33.4244,1.30,8.073,55.517,21.0881
29/07/2024 20:01:10.000,21.1769,33.4248,1.30,8.074,55.515,21.0879
29/07/2024 20:02:10.001,21.1795,33.4238,1.30,8.074,55.529,21.0866
29/07/2024 20:03:10.000,21.1804,33.4244,1.29,8.075,55.356,21.0883
29/07/2024 20:04:10.000,21.1810,33.4247,1.30,8.076,55.527,21.0876
29/07/2024 20:05:10.000,21.1825,33.4233,1.30,8.076,55.560,21.0886
29/07/2024 20:06:10.000,21.1826,33.4234,1.30,8.077,55.421,21.0892
29/07/2024 20:07:10.999,21.1837,33.4245,1.30,8.078,55.536,21.0846
29/07/2024 20:08:10.000,21.1842,33.4246,1.30,8.079,55.517,21.0859
29/07/2024 20:09:10.999,21.1856,33.4247,1.30,8.079,55.515,21.0856
29/07/2024 20:10:10.000,21.1864,33.4237,1.30,8.080,55.422,21.0847
29/07/2024 20:11:10.999,21.1869,33.4241,1.30,8.081,55.451,21.0858
29/07/2024 20:12:10.000,21.1879,33.4242,1.30,8.081,55.476,21.0853
29/07/2024 20:13:10.001,21.1874,33.4255,1.30,8.082,55.374,21.0846
29/07/2024 20:14:10.000,21.1890,33.4256,1.30,8.082,55.538,21.0859
29/07/2024 20:15:10.001,21.1893,33.4233,1.30,8.083,55.471,21.0867
29/07/2024 20:16:10.000,21.1896,33.4225,1.30,8.083,55.460,21.0873
29/07/2024 20:17:10.001,21.1881,33.4231,1.29,8.083,55.503,21.0904
29/07/2024 20:18:10.000,21.1873,33.4225,1.30,8.083,55.476,21.0909
29/07/2024 20:19:10.000,21.1855,33.4221,1.30,8.083,55.505,21.0909
29/07/2024 20:20:10.000,21.1842,33.4228,1.30,8.084,55.430,21.0915
29/07/2024 20:21:10.000,21.1823,33.4229,1.30,8.084,55.556,21.0905
29/07/2024 20:22:10.999,21.1806,33.4229,1.30,8.084,55.600,21.0911
29/07/2024 20:23:10.000,21.1803,33.4228,1.30,8.084,55.536,21.0914
29/07/2024 20:24:10.999,21.1789,33.4240,1.30,8.084,55.477,21.0919
29/07/2024 20:25:10.000,21.1780,33.4253,1.30,8.084,55.441,21.0919
29/07/2024 20:26:10.999,21.1776,33.4245,1.30,8.084,55.388,21.0920
29/07/2024 20:27:10.000,21.1770,33.4242,1.30,8.084,55.538,21.0920
29/07/2024 20:28:10.001,21.1763,33.4247,1.30,8.084,55.459,21.0913
29/07/2024 20:29:10.000,21.1754,33.4251,1.30,8.084,55.487,21.0926
29/07/2024 20:30:10.001,21.1756,33.4244,1.29,8.084,55.460,21.0930
29/07/2024 20:31:10.000,21.1753,33.4239,1.30,8.084,55.582,21.0922
29/07/2024 20:32:10.001,21.1740,33.4249,1.30,8.084,55.413,21.0929
29/07/2024 20:33:10.000,21.1751,33.4250,1.30,8.084,55.387,21.0928
29/07/2024 20:34:10.000,21.1748,33.4260,1.30,8.084,55.454,21.0930
29/07/2024 20:35:10.000,21.1777,33.4259,1.30,8.084,55.452,21.0930
29/07/2024 20:36:10.000,21.1788,33.4246,1.30,8.084,55.414,21.0932
29/07/2024 20:37:10.999,21.1802,33.4230,1.30,8.084,55.496,21.0935
29/07/2024 20:38:10.000,21.1808,33.4263,1.30,8.084,55.447,21.0933
29/07/2024 20:39:10.999,21.1824,33.4267,1.30,8.083,55.432,21.0941
29/07/2024 20:40:10.000,21.1841,33.4262,1.30,8.083,55.470,21.0934
29/07/2024 20:41:10.999,21.1855,33.4253,1.29,8.083,55.404,21.0943
29/07/2024 20:42:10.000,21.1871,33.4256,1.29,8.083,55.297,21.0939
29/07/2024 20:43:10.001,21.1883,33.4252,1.30,8.082,55.343,21.0948
29/07/2024 20:44:10.000,21.1901,33.4243,1.29,8.082,55.396,21.0955
29/07/2024 20:45:10.001,21.1907,33.4248,1.30,8.082,55.390,21.0947
29/07/2024 20:46:10.000,21.1910,33.4256,1.29,8.082,55.416,21.0948
29/07/2024 20:47:10.001,21.1921,33.4254,1.29,8.082,55.333,21.0960
29/07/2024 20:48:10.000,21.1927,33.4250,1.29,8.082,55.433,21.0951
29/07/2024 20:49:10.000,21.1943,33.4243,1.30,8.082,55.457,21.0961
29/07/2024 20:50:10.000,21.1940,33.4248,1.29,8.082,55.449,21.0958
29/07/2024 20:51:10.000,21.1949,33.4253,1.29,8.082,55.419,21.0949
29/07/2024 20:52:10.999,21.1942,33.4262,1.30,8.082,55.423,21.0949
29/07/2024 20:53:10.000,21.1955,33.4251,1.29,8.083,55.360,21.0963
29/07/2024 20:54:10.999,21.1973,33.4248,1.29,8.083,55.449,21.0965
29/07/2024 20:55:10.000,21.1975,33.4252,1.30,8.083,55.409,21.0970
29/07/2024 20:56:10.999,21.1984,33.4240,1.29,8.083,55.454,21.0974
29/07/2024 20:57:10.000,21.1991,33.4258,1.29,8.084,55.531,21.0970
29/07/2024 20:58:10.001,21.1987,33.4243,1.29,8.084,55.459,21.0971
29/07/2024 20:59:10.000,21.1970,33.4252,1.29,8.084,55.539,21.0984
29/07/2024 21:00:10.001,21.1969,33.4255,1.29,8.084,55.441,21.0985
29/07/2024 21:01:10.000,21.1975,33.4244,1.29,8.084,55.545,21.0982
29/07/2024 21:02:10.001,21.1972,33.4260,1.30,8.084,55.468,21.0981
29/07/2024 21:03:10.000,21.1968,33.4254,1.30,8.084,55.329,21.0976
29/07/2024 21:04:10.000,21.1948,33.4263,1.30,8.084,55.480,21.0986
29/07/2024 21:05:10.000,21.1938,33.4238,1.30,8.084,55.545,21.0998
29/07/2024 21:06:10.000,21.1916,33.4248,1.29,8.084,55.482,21.0994
29/07/2024 21:07:10.999,21.1905,33.4253,1.30,8.084,55.536,21.0993
29/07/2024 21:08:10.000,21.1894,33.4261,1.30,8.083,55.548,21.0985
29/07/2024 21:09:10.999,21.1897,33.4249,1.29,8.083,55.513,21.1001
29/07/2024 21:10:10.000,21.1890,33.4255,1.30,8.083,55.597,21.0992
29/07/2024 21:11:10.999,21.1893,33.4244,1.30,8.082,55.496,21.0994
29/07/2024 21:12:10.000,21.1869,33.4260,1.30,8.081,55.523,21.1008
29/07/2024 21:13:10.001,21.1861,33.4267,1.30,8.081,55.472,21.1008
29/07/2024 21:14:10.000,21.1856,33.4258,1.30,8.080,55.501,21.1009
29/07/2024 21:15:10.001,21.1862,33.4259,1.30,8.080,55.418,21.1008
29/07/2024 21:16:10.000,21.1841,33.4261,1.30,8.079,55.473,21.1012
29/07/2024 21:17:10.001,21.1849,33.4255,1.30,8.079,55.520,21.1003
29/07/2024 21:18:10.000,21.1843,33.4256,1.30,8.078,55.503,21.1020
29/07/2024 21:19:10.000,21.1837,33.4266,1.30,8.078,55.523,21.1019
29/07/2024 21:20:10.000,21.1835,33.4266,1.30,8.078,55.427,21.1015
29/07/2024 21:21:10.000,21.1836,33.4251,1.30,8.078,55.608,21.1021
29/07/2024 21:22:10.999,21.1827,33.4260,1.30,8.078,55.493,21.1017
29/07/2024 21:23:10.000,21.1827,33.4251,1.30,8.077,55.538,21.1022
29/07/2024 21:24:10.999,21.1828,33.4256,1.30,8.077,55.392,21.1025
29/07/2024 21:25:10.000,21.1826,33.4262,1.30,8.076,55.519,21.1024
29/07/2024 21:26:10.999,21.1840,33.4262,1.30,8.076,55.450,21.1006
29/07/2024 21:27:10.000,21.1838,33.4263,1.30,8.075,55.431,21.1033
29/07/2024 21:28:10.001,21.1836,33.4246,1.29,8.075,55.387,21.1021
29/07/2024 21:29:10.000,21.1837,33.4273,1.29,8.074,55.409,21.1025
29/07/2024 21:30:10.001,21.1856,33.4266,1.29,8.074,55.364,21.1021
29/07/2024 21:31:10.000,21.1863,33.4262,1.30,8.074,55.371,21.1037
29/07/2024 21:32:10.001,21.1874,33.4274,1.29,8.073,55.462,21.1017
29/07/2024 21:33:10.000,21.1897,33.4267,1.30,8.073,55.394,21.1025
29/07/2024 21:34:10.000,21.1895,33.4265,1.29,8.073,55.449,21.1030
29/07/2024 21:35:10.000,21.1908,33.4283,1.29,8.072,55.509,21.1028
29/07/2024 21:36:10.000,21.1931,33.4264,1.29,8.072,55.487,21.1031
29/07/2024 21:37:10.999,21.1942,33.4256,1.29,8.072,55.375,21.1033
29/07/2024 21:38:10.000,21.1954,33.4272,1.29,8.072,55.465,21.1036
29/07/2024 21:39:10.999,21.1959,33.4268,1.29,8.072,55.433,21.1044
29/07/2024 21:40:10.000,21.1959,33.4273,1.29,8.072,55.511,21.1038
29/07/2024 21:41:10.999,21.1969,33.4269,1.29,8.072,55.447,21.1044
29/07/2024 21:42:10.000,21.1978,33.4268,1.29,8.072,55.502,21.1046
29/07/2024 21:43:10.001,21.1989,33.4275,1.29,8.072,55.427,21.1046
29/07/2024 21:44:10.000,21.2002,33.4259,1.29,8.072,55.539,21.1050
29/07/2024 21:45:10.001,21.1996,33.4260,1.29,8.072,55.466,21.1045
29/07/2024 21:46:10.000,21.2008,33.4264,1.29,8.072,55.376,21.1045
29/07/2024 21:47:10.001,21.2011,33.4275,1.29,8.072,55.419,21.1053
29/07/2024 21:48:10.000,21.2014,33.4269,1.29,8.072,55.294,21.1050
29/07/2024 21:49:10.000,21.2012,33.4272,1.29,8.072,55.473,21.1052
29/07/2024 21:50:10.000,21.2018,33.4273,1.29,8.072,55.425,21.1055
29/07/2024 21:51:10.000,21.2021,33.4274,1.29,8.072,55.490,21.1058
29/07/2024 21:52:10.999,21.2038,33.4256,1.29,8.072,55.610,21.1054
29/07/2024 21:53:10.000,21.2026,33.4284,1.29,8.073,55.497,21.1059
29/07/2024 21:54:10.999,21.2040,33.4275,1.29,8.073,55.510,21.1056
29/07/2024 21:55:10.000,21.2042,33.4290,1.29,8.073,55.433,21.1065
29/07/2024 21:56:10.999,21.2048,33.4273,1.29,8.073,55.534,21.1069
29/07/2024 21:57:10.000,21.2040,33.4285,1.29,8.073,55.487,21.1065
29/07/2024 21:58:10.001,21.2061,33.4268,1.29,8.074,55.477,21.1072
29/07/2024 21:59:10.000,21.2059,33.4269,1.29,8.074,55.487,21.1076
29/07/2024 22:00:10.001,21.2063,33.4272,1.29,8.075,55.579,21.1072
29/07/2024 22:01:10.000,21.2066,33.4280,1.29,8.075,55.494,21.1072
29/07/2024 22:02:10.001,21.2079,33.4255,1.29,8.075,55.400,21.1083
29/07/2024 22:03:10.000,21.2081,33.4279,1.29,8.076,55.442,21.1070
29/07/2024 22:04:10.000,21.2080,33.4272,1.29,8.077,55.577,21.1075
29/07/2024 22:05:10.000,21.2089,33.4264,1.29,8.077,55.563,21.1080
29/07/2024 22:06:10.000,21.2074,33.4285,1.29,8.078,55.522,21.1082
29/07/2024 22:07:10.999,21.2084,33.4270,1.30,8.078,55.485,21.1091
29/07/2024 22:08:10.000,21.2084,33.4282,1.29,8.078,55.534,21.1096
29/07/2024 22:09:10.999,21.2093,33.4276,1.29,8.078,55.530,21.1095
29/07/2024 22:10:10.000,21.2100,33.4273,1.29,8.079,55.597,21.1099
29/07/2024 22:11:10.999,21.2098,33.4291,1.29,8.079,55.462,21.1104
29/07/2024 22:12:10.000,21.2105,33.4283,1.29,8.079,55.393,21.1106
29/07/2024 22:13:10.001,21.2112,33.4266,1.29,8.080,55.594,21.1096
29/07/2024 22:14:10.000,21.2112,33.4278,1.29,8.080,55.510,21.1098
29/07/2024 22:15:10.001,21.2109,33.4275,1.29,8.081,55.451,21.1097
29/07/2024 22:16:10.000,21.2103,33.4273,1.29,8.081,55.516,21.1114
29/07/2024 22:17:10.001,21.2096,33.4270,1.29,8.081,55.591,21.1116
29/07/2024 22:18:10.000,21.2062,33.4269,1.29,8.081,55.410,21.1103
29/07/2024 22:19:10.000,21.2052,33.4280,1.29,8.082,55.434,21.1117
29/07/2024 22:20:10.000,21.2043,33.4268,1.29,8.082,55.435,21.1122
29/07/2024 22:21:10.000,21.2025,33.4266,1.29,8.082,55.544,21.1119
29/07/2024 22:22:10.999,21.2008,33.4275,1.29,8.083,55.443,21.1118
29/07/2024 22:23:10.000,21.1997,33.4286,1.29,8.086,55.501,21.1119
29/07/2024 22:24:10.999,21.1993,33.4274,1.29,8.085,55.607,21.1121
29/07/2024 22:25:10.000,21.1981,33.4279,1.29,8.085,55.499,21.1127
29/07/2024 22:26:10.999,21.1976,33.4280,1.29,8.085,55.550,21.1128
29/07/2024 22:27:10.000,21.1967,33.4286,1.29,8.085,55.443,21.1126
29/07/2024 22:28:10.999,21.1957,33.4293,1.29,8.085,55.443,21.1131
29/07/2024 22:29:10.002,21.1965,33.4282,1.29,8.085,55.483,21.1133
29/07/2024 22:30:10.001,21.1950,33.4275,1.29,8.085,55.554,21.1127
29/07/2024 22:31:10.000,21.1950,33.4286,1.29,8.085,55.563,21.1132
29/07/2024 22:32:10.999,21.1945,33.4288,1.29,8.085,55.470,21.1137
29/07/2024 22:33:10.001,21.1949,33.4288,1.29,8.085,55.495,21.1132
29/07/2024 22:34:10.000,21.1950,33.4279,1.29,8.086,55.557,21.1139
29/07/2024 22:35:10.000,21.1953,33.4281,1.29,8.086,55.550,21.1141
29/07/2024 22:36:10.999,21.1947,33.4274,1.29,8.086,55.613,21.1128
29/07/2024 22:37:10.001,21.1946,33.4284,1.29,8.086,55.553,21.1136
29/07/2024 22:38:10.000,21.1944,33.4289,1.29,8.086,55.605,21.1137
29/07/2024 22:39:10.999,21.1945,33.4282,1.29,8.085,55.531,21.1143
29/07/2024 22:40:10.998,21.1944,33.4289,1.29,8.086,55.641,21.1142
29/07/2024 22:41:10.001,21.1928,33.4296,1.29,8.086,55.565,21.1142
29/07/2024 22:42:10.000,21.1929,33.4283,1.29,8.086,55.525,21.1139
29/07/2024 22:43:10.999,21.1938,33.4294,1.29,8.085,55.659,21.1116
29/07/2024 22:44:10.002,21.1936,33.4284,1.29,8.086,55.552,21.1144
29/07/2024 22:45:10.001,21.1933,33.4288,1.29,8.086,55.557,21.1144
29/07/2024 22:46:10.000,21.1952,33.4303,1.29,8.086,55.682,21.1144
29/07/2024 22:47:10.999,21.1966,33.4289,1.29,8.086,55.528,21.1147
29/07/2024 22:48:10.001,21.1983,33.4305,1.29,8.086,55.655,21.1151
29/07/2024 22:49:10.000,21.1996,33.4300,1.29,8.086,55.493,21.1153
29/07/2024 22:50:10.000,21.2013,33.4292,1.29,8.086,55.615,21.1149
29/07/2024 22:51:10.999,21.2023,33.4292,1.29,8.086,55.529,21.1147
29/07/2024 22:52:10.001,21.2032,33.4296,1.29,8.086,55.410,21.1158
29/07/2024 22:53:10.000,21.2044,33.4291,1.29,8.087,55.461,21.1157
29/07/2024 22:54:10.999,21.2058,33.4307,1.29,8.087,55.398,21.1159
29/07/2024 22:55:10.998,21.2058,33.4301,1.29,8.087,55.492,21.1165
29/07/2024 22:56:10.001,21.2068,33.4314,1.29,8.087,55.463,21.1155
29/07/2024 22:57:10.000,21.2085,33.4288,1.29,8.087,55.494,21.1166
29/07/2024 22:58:10.999,21.2096,33.4297,1.29,8.088,55.557,21.1162
29/07/2024 22:59:10.002,21.2094,33.4295,1.29,8.088,55.426,21.1166
29/07/2024 23:00:10.001,21.2101,33.4306,1.29,8.088,55.544,21.1159
29/07/2024 23:01:10.000,21.2109,33.4294,1.29,8.088,55.503,21.1174
29/07/2024 23:02:10.999,21.2110,33.4303,1.29,8.089,55.370,21.1171
29/07/2024 23:03:10.001,21.2116,33.4293,1.29,8.089,55.518,21.1175
29/07/2024 23:04:10.000,21.2123,33.4293,1.29,8.089,55.432,21.1176
29/07/2024 23:05:10.000,21.2123,33.4299,1.29,8.090,55.507,21.1180
29/07/2024 23:06:10.999,21.2121,33.4313,1.29,8.089,55.375,21.1185
29/07/2024 23:07:10.001,21.2139,33.4297,1.29,8.090,55.392,21.1130
29/07/2024 23:08:10.000,21.2143,33.4292,1.29,8.090,55.491,21.1133
29/07/2024 23:09:10.999,21.2135,33.4308,1.29,8.090,55.570,21.1145
29/07/2024 23:10:10.998,21.2151,33.4302,1.29,8.090,55.408,21.1150
29/07/2024 23:11:10.001,21.2162,33.4292,1.29,8.090,55.471,21.1147
29/07/2024 23:12:10.000,21.2165,33.4292,1.29,8.090,55.396,21.1142
29/07/2024 23:13:10.999,21.2161,33.4305,1.29,8.090,55.551,21.1148
29/07/2024 23:14:10.002,21.2168,33.4300,1.29,8.091,55.451,21.1145
29/07/2024 23:15:10.001,21.2181,33.4287,1.29,8.091,55.516,21.1154
29/07/2024 23:16:10.000,21.2168,33.4302,1.29,8.091,55.513,21.1162
29/07/2024 23:17:10.999,21.2177,33.4297,1.29,8.092,55.405,21.1193
29/07/2024 23:18:10.001,21.2179,33.4300,1.29,8.092,55.453,21.1198
29/07/2024 23:19:10.000,21.2183,33.4291,1.29,8.092,55.349,21.1191
29/07/2024 23:20:10.000,21.2191,33.4297,1.29,8.092,55.461,21.1202
29/07/2024 23:21:10.999,21.2190,33.4307,1.29,8.093,55.387,21.1208
29/07/2024 23:22:10.001,21.2202,33.4285,1.29,8.093,55.340,21.1213
29/07/2024 23:23:10.000,21.2197,33.4298,1.29,8.093,55.374,21.1215
29/07/2024 23:24:10.999,21.2213,33.4290,1.29,8.093,55.393,21.1218
29/07/2024 23:25:10.998,21.2205,33.4300,1.29,8.094,55.431,21.1213
29/07/2024 23:26:10.001,21.2209,33.4301,1.29,8.094,55.422,21.1221
29/07/2024 23:27:10.000,21.2221,33.4289,1.29,8.094,55.375,21.1226
29/07/2024 23:28:10.999,21.2224,33.4291,1.29,8.095,55.584,21.1213
29/07/2024 23:29:10.002,21.2222,33.4314,1.29,8.095,55.429,21.1228
29/07/2024 23:30:10.001,21.2232,33.4305,1.29,8.095,55.393,21.1221
29/07/2024 23:31:10.000,21.2233,33.4300,1.29,8.095,55.427,21.1238
29/07/2024 23:32:10.999,21.2236,33.4304,1.29,8.095,55.451,21.1236
29/07/2024 23:33:10.001,21.2242,33.4295,1.29,8.095,55.440,21.1234
29/07/2024 23:34:10.000,21.2240,33.4308,1.29,8.095,55.528,21.1238
29/07/2024 23:35:10.000,21.2247,33.4303,1.29,8.095,55.272,21.1245
29/07/2024 23:36:10.999,21.2252,33.4315,1.29,8.095,55.463,21.1248
29/07/2024 23:37:10.001,21.2245,33.4308,1.29,8.095,55.496,21.1256
29/07/2024 23:38:10.000,21.2248,33.4296,1.29,8.095,55.525,21.1255
29/07/2024 23:39:10.999,21.2241,33.4297,1.28,8.095,55.393,21.1255
29/07/2024 23:40:10.998,21.2234,33.4294,1.29,8.095,55.431,21.1256
29/07/2024 23:41:10.001,21.2216,33.4310,1.29,8.094,55.463,21.1253
29/07/2024 23:42:10.000,21.2208,33.4297,1.29,8.094,55.487,21.1255
29/07/2024 23:43:10.999,21.2198,33.4304,1.29,8.094,55.345,21.1259
29/07/2024 23:44:10.002,21.2201,33.4304,1.29,8.094,55.452,21.1258
29/07/2024 23:45:10.001,21.2178,33.4314,1.29,8.094,55.441,21.1262
29/07/2024 23:46:10.000,21.2176,33.4310,1.29,8.093,55.293,21.1258
29/07/2024 23:47:10.999,21.2158,33.4297,1.28,8.093,55.478,21.1270
29/07/2024 23:48:10.001,21.2162,33.4302,1.29,8.093,55.483,21.1270
29/07/2024 23:49:10.000,21.2150,33.4305,1.29,8.093,55.372,21.1260
29/07/2024 23:50:10.000,21.2146,33.4304,1.28,8.093,55.432,21.1272
29/07/2024 23:51:10.999,21.2136,33.4300,1.28,8.092,55.406,21.1271
29/07/2024 23:52:10.001,21.2127,33.4307,1.29,8.092,55.317,21.1275
29/07/2024 23:53:10.000,21.2123,33.4324,1.29,8.092,55.423,21.1274
29/07/2024 23:54:10.999,21.2127,33.4316,1.29,8.092,55.505,21.1274
29/07/2024 23:55:10.998,21.2125,33.4312,1.29,8.091,55.474,21.1285
29/07/2024 23:56:10.001,21.2125,33.4308,1.29,8.091,55.511,21.1280
29/07/2024 23:57:10.000,21.2109,33.4308,1.29,8.091,55.388,21.1272
29/07/2024 23:58:10.999,21.2104,33.4306,1.29,8.091,55.399,21.1289
29/07/2024 23:59:10.002,21.2096,33.4324,1.29,8.091,55.496,21.1279
30/07/2024 00:00:10.001,21.2097,33.4308,1.29,8.090,55.449,21.1289
30/07/2024 00:01:10.000,21.2081,33.4315,1.29,8.090,55.498,21.1286
30/07/2024 00:02:10.999,21.2084,33.4323,1.29,8.090,55.406,21.1290
30/07/2024 00:03:10.001,21.2071,33.4317,1.29,8.090,55.463,21.1287
30/07/2024 00:04:10.000,21.2078,33.4314,1.29,8.090,55.435,21.1278
30/07/2024 00:05:10.000,21.2076,33.4309,1.29,8.089,55.452,21.1292
30/07/2024 00:06:10.999,21.2058,33.4310,1.29,8.089,55.398,21.1293
30/07/2024 00:07:10.001,21.2055,33.4307,1.29,8.089,55.455,21.1293
30/07/2024 00:08:10.000,21.2054,33.4308,1.29,8.089,55.439,21.1294
30/07/2024 00:09:10.999,21.2054,33.4332,1.29,8.089,55.403,21.1296
30/07/2024 00:10:10.998,21.2081,33.4327,1.29,8.088,55.456,21.1301
30/07/2024 00:11:10.001,21.2114,33.4319,1.29,8.088,55.410,21.1296
30/07/2024 00:12:10.000,21.2114,33.4319,1.29,8.088,55.419,21.1297
30/07/2024 00:13:10.999,21.2124,33.4323,1.29,8.088,55.293,21.1311
30/07/2024 00:14:10.002,21.2140,33.4332,1.29,8.088,55.373,21.1291
30/07/2024 00:15:10.001,21.2161,33.4315,1.29,8.088,55.357,21.1308
30/07/2024 00:16:10.000,21.2170,33.4333,1.29,8.088,55.416,21.1307
30/07/2024 00:17:10.999,21.2187,33.4324,1.29,8.088,55.512,21.1287
30/07/2024 00:18:10.001,21.2194,33.4322,1.29,8.087,55.358,21.1312
30/07/2024 00:19:10.000,21.2210,33.4321,1.29,8.087,55.409,21.1315
30/07/2024 00:20:10.000,21.2226,33.4323,1.29,8.087,55.398,21.1321
30/07/2024 00:21:10.999,21.2224,33.4323,1.29,8.086,55.391,21.1315
30/07/2024 00:22:10.001,21.2225,33.4330,1.29,8.086,55.436,21.1309
30/07/2024 00:23:10.000,21.2235,33.4322,1.29,8.086,55.394,21.1327
30/07/2024 00:24:10.999,21.2239,33.4317,1.29,8.085,55.353,21.1322
30/07/2024 00:25:10.998,21.2244,33.4320,1.29,8.085,55.353,21.1318
30/07/2024 00:26:10.001,21.2249,33.4320,1.29,8.085,55.412,21.1327
30/07/2024 00:27:10.000,21.2256,33.4320,1.29,8.084,55.364,21.1330
30/07/2024 00:28:10.999,21.2257,33.4321,1.29,8.084,55.322,21.1338
30/07/2024 00:29:10.002,21.2261,33.4316,1.29,8.084,55.397,21.1335
30/07/2024 00:30:10.001,21.2275,33.4330,1.29,8.084,55.355,21.1338
30/07/2024 00:31:10.000,21.2277,33.4323,1.29,8.083,55.329,21.1340
30/07/2024 00:32:10.999,21.2274,33.4324,1.29,8.083,55.391,21.1337
30/07/2024 00:33:10.001,21.2290,33.4318,1.29,8.083,55.360,21.1351
30/07/2024 00:34:10.000,21.2284,33.4326,1.29,8.082,55.394,21.1348
30/07/2024 00:35:10.000,21.2284,33.4321,1.29,8.082,55.441,21.1336
30/07/2024 00:36:10.999,21.2290,33.4335,1.29,8.082,55.336,21.1357
30/07/2024 00:37:10.001,21.2301,33.4324,1.29,8.081,55.428,21.1358
30/07/2024 00:38:10.000,21.2301,33.4321,1.29,8.081,55.445,21.1354
30/07/2024 00:39:10.999,21.2307,33.4329,1.29,8.081,55.379,21.1357
30/07/2024 00:40:10.998,21.2314,33.4326,1.29,8.081,55.408,21.1351
30/07/2024 00:41:10.001,21.2312,33.4312,1.29,8.080,55.522,21.1361
30/07/2024 00:42:10.000,21.2322,33.4323,1.29,8.080,55.327,21.1359
30/07/2024 00:43:10.999,21.2325,33.4339,1.29,8.080,55.430,21.1368
30/07/2024 00:44:10.002,21.2331,33.4324,1.29,8.080,55.402,21.1358
30/07/2024 00:45:10.001,21.2333,33.4326,1.29,8.080,55.348,21.1336
30/07/2024 00:46:10.000,21.2344,33.4320,1.29,8.080,55.411,21.1371
30/07/2024 00:47:10.999,21.2346,33.4329,1.29,8.080,55.447,21.1376
30/07/2024 00:48:10.001,21.2344,33.4336,1.29,8.080,55.506,21.1379
30/07/2024 00:49:10.000,21.2357,33.4321,1.29,8.080,55.428,21.1385
30/07/2024 00:50:10.000,21.2359,33.4325,1.29,8.080,55.468,21.1375
30/07/2024 00:51:10.999,21.2369,33.4320,1.29,8.080,55.463,21.1389
30/07/2024 00:52:10.001,21.2376,33.4318,1.30,8.080,55.469,21.1382
30/07/2024 00:53:10.000,21.2379,33.4333,1.29,8.080,55.493,21.1394
30/07/2024 00:54:10.999,21.2382,33.4321,1.29,8.080,55.549,21.1388
30/07/2024 00:55:10.998,21.2383,33.4318,1.29,8.080,55.525,21.1406
30/07/2024 00:56:10.001,21.2390,33.4333,1.30,8.080,55.532,21.1395
30/07/2024 00:57:10.000,21.2395,33.4329,1.29,8.079,55.485,21.1407
30/07/2024 00:58:10.999,21.2399,33.4327,1.29,8.079,55.597,21.1406
30/07/2024 00:59:10.002,21.2392,33.4327,1.29,8.079,55.576,21.1403
30/07/2024 01:00:10.001,21.2404,33.4323,1.29,8.079,55.578,21.1410
30/07/2024 01:01:10.000,21.2404,33.4320,1.29,8.079,55.424,21.1416
30/07/2024 01:02:10.999,21.2407,33.4328,1.29,8.078,55.384,21.1419
30/07/2024 01:03:10.001,21.2413,33.4328,1.29,8.078,55.466,21.1411
30/07/2024 01:04:10.000,21.2413,33.4325,1.30,8.078,55.419,21.1426
30/07/2024 01:05:10.000,21.2418,33.4338,1.30,8.078,55.495,21.1428
30/07/2024 01:06:10.999,21.2417,33.4332,1.29,8.078,55.551,21.1426
30/07/2024 01:07:10.001,21.2414,33.4319,1.29,8.078,55.468,21.1436
30/07/2024 01:08:10.000,21.2409,33.4335,1.30,8.077,55.409,21.1439
30/07/2024 01:09:10.999,21.2405,33.4334,1.29,8.077,55.487,21.1427
30/07/2024 01:10:10.998,21.2390,33.4335,1.29,8.077,55.381,21.1440
30/07/2024 01:11:10.001,21.2385,33.4325,1.29,8.077,55.431,21.1437
30/07/2024 01:12:10.000,21.2368,33.4329,1.29,8.077,55.389,21.1431
30/07/2024 01:13:10.999,21.2369,33.4334,1.29,8.077,55.423,21.1440
30/07/2024 01:14:10.002,21.2361,33.4336,1.29,8.077,55.409,21.1445
30/07/2024 01:15:10.001,21.2355,33.4327,1.29,8.077,55.370,21.1448
30/07/2024 01:16:10.000,21.2347,33.4341,1.29,8.077,55.442,21.1447
30/07/2024 01:17:10.999,21.2343,33.4334,1.29,8.076,55.418,21.1450
30/07/2024 01:18:10.001,21.2338,33.4333,1.29,8.076,55.431,21.1459
30/07/2024 01:19:10.000,21.2324,33.4342,1.29,8.076,55.329,21.1458
30/07/2024 01:20:10.000,21.2311,33.4344,1.29,8.076,55.439,21.1451
30/07/2024 01:21:10.999,21.2305,33.4335,1.30,8.076,55.370,21.1451
30/07/2024 01:22:10.001,21.2304,33.4346,1.29,8.076,55.440,21.1459
30/07/2024 01:23:10.000,21.2304,33.4337,1.29,8.075,55.507,21.1466
30/07/2024 01:24:10.999,21.2308,33.4327,1.30,8.075,55.416,21.1457
30/07/2024 01:25:10.998,21.2302,33.4329,1.29,8.075,55.422,21.1465
30/07/2024 01:26:10.001,21.2290,33.4336,1.30,8.075,55.519,21.1462
30/07/2024 01:27:10.000,21.2280,33.4329,1.29,8.074,55.470,21.1469
30/07/2024 01:28:10.999,21.2284,33.4339,1.29,8.074,55.491,21.1461
30/07/2024 01:29:10.002,21.2267,33.4355,1.29,8.073,55.421,21.1468
30/07/2024 01:30:10.001,21.2275,33.4351,1.29,8.073,55.358,21.1470
30/07/2024 01:31:10.000,21.2272,33.4343,1.29,8.073,55.481,21.1462
30/07/2024 01:32:10.999,21.2276,33.4337,1.29,8.072,55.353,21.1475
30/07/2024 01:33:10.001,21.2262,33.4338,1.30,8.072,55.502,21.1474
30/07/2024 01:34:10.000,21.2249,33.4349,1.29,8.072,55.415,21.1476
30/07/2024 01:35:10.000,21.2240,33.4349,1.29,8.071,55.434,21.1475
30/07/2024 01:36:10.999,21.2250,33.4335,1.29,8.071,55.342,21.1469
30/07/2024 01:37:10.001,21.2246,33.4343,1.29,8.071,55.386,21.1483
30/07/2024 01:38:10.000,21.2262,33.4338,1.30,8.070,55.415,21.1482
30/07/2024 01:39:10.999,21.2258,33.4341,1.29,8.070,55.444,21.1482
30/07/2024 01:40:10.998,21.2270,33.4359,1.29,8.070,55.449,21.1474
30/07/2024 01:41:10.001,21.2301,33.4343,1.29,8.070,55.369,21.1487
30/07/2024 01:42:10.000,21.2314,33.4342,1.29,8.070,55.417,21.1479
30/07/2024 01:43:10.999,21.2327,33.4348,1.29,8.069,55.429,21.1487
30/07/2024 01:44:10.002,21.2342,33.4343,1.29,8.069,55.404,21.1494
30/07/2024 01:45:10.001,21.2353,33.4352,1.30,8.069,55.370,21.1466
30/07/2024 01:46:10.000,21.2365,33.4352,1.30,8.069,55.413,21.1496
30/07/2024 01:47:10.999,21.2377,33.4343,1.30,8.069,55.319,21.1503
30/07/2024 01:48:10.001,21.2381,33.4348,1.30,8.069,55.358,21.1491
30/07/2024 01:49:10.000,21.2394,33.4333,1.29,8.069,55.312,21.1499
30/07/2024 01:50:10.000,21.2400,33.4355,1.30,8.069,55.287,21.1507
30/07/2024 01:51:10.999,21.2403,33.4352,1.30,8.069,55.337,21.1501
30/07/2024 01:52:10.001,21.2413,33.4349,1.30,8.069,55.420,21.1499
30/07/2024 01:53:10.000,21.2430,33.4347,1.30,8.069,55.347,21.1510
30/07/2024 01:54:10.999,21.2444,33.4349,1.29,8.069,55.348,21.1507
30/07/2024 01:55:10.998,21.2453,33.4349,1.29,8.069,55.353,21.1504
30/07/2024 01:56:10.001,21.2464,33.4352,1.29,8.068,55.327,21.1517
30/07/2024 01:57:10.000,21.2476,33.4352,1.29,8.068,55.341,21.1522
30/07/2024 01:58:10.999,21.2492,33.4355,1.29,8.068,55.371,21.1523
30/07/2024 01:59:10.002,21.2509,33.4361,1.30,8.068,55.396,21.1508
30/07/2024 02:00:10.001,21.2516,33.4352,1.30,8.068,55.301,21.1516
30/07/2024 02:01:10.000,21.2527,33.4355,1.30,8.068,55.467,21.1522
30/07/2024 02:02:10.999,21.2535,33.4341,1.30,8.068,55.350,21.1529
30/07/2024 02:03:10.001,21.2546,33.4352,1.30,8.068,55.446,21.1533
30/07/2024 02:04:10.000,21.2550,33.4337,1.30,8.067,55.471,21.1533
30/07/2024 02:05:10.000,21.2554,33.4366,1.30,8.067,55.407,21.1539
30/07/2024 02:06:10.999,21.2570,33.4358,1.30,8.067,55.328,21.1546
30/07/2024 02:07:10.001,21.2578,33.4349,1.30,8.067,55.360,21.1497
30/07/2024 02:08:10.000,21.2581,33.4352,1.30,8.067,55.348,21.1509
30/07/2024 02:09:10.999,21.2592,33.4350,1.30,8.067,55.229,21.1505
30/07/2024 02:10:10.998,21.2592,33.4353,1.30,8.067,55.348,21.1523
30/07/2024 02:11:10.001,21.2605,33.4351,1.30,8.067,55.243,21.1516
30/07/2024 02:12:10.000,21.2611,33.4337,1.30,8.067,55.269,21.1519
30/07/2024 02:13:10.999,21.2621,33.4353,1.30,8.067,55.329,21.1522
30/07/2024 02:14:10.002,21.2623,33.4345,1.30,8.066,55.377,21.1518
30/07/2024 02:15:10.001,21.2631,33.4347,1.30,8.066,55.287,21.1528
30/07/2024 02:16:10.000,21.2645,33.4346,1.30,8.066,55.309,21.1517
30/07/2024 02:17:10.999,21.2645,33.4352,1.30,8.066,55.360,21.1522
30/07/2024 02:18:10.001,21.2654,33.4345,1.30,8.066,55.391,21.1571
30/07/2024 02:19:10.000,21.2657,33.4355,1.30,8.066,55.332,21.1571
30/07/2024 02:20:10.000,21.2673,33.4352,1.30,8.066,55.279,21.1566
30/07/2024 02:21:10.999,21.2685,33.4345,1.30,8.066,55.255,21.1576
30/07/2024 02:22:10.001,21.2685,33.4353,1.30,8.066,55.359,21.1589
30/07/2024 02:23:10.000,21.2696,33.4352,1.30,8.066,55.435,21.1587
30/07/2024 02:24:10.999,21.2700,33.4349,1.29,8.066,55.397,21.1600
30/07/2024 02:25:10.998,21.2704,33.4360,1.31,8.065,55.432,21.1589
30/07/2024 02:26:10.001,21.2713,33.4356,1.29,8.065,55.331,21.1604
30/07/2024 02:27:10.000,21.2727,33.4348,1.30,8.065,55.365,21.1596
30/07/2024 02:28:10.999,21.2727,33.4352,1.30,8.065,55.403,21.1600
30/07/2024 02:29:10.002,21.2732,33.4373,1.30,8.065,55.495,21.1607
30/07/2024 02:30:10.001,21.2733,33.4355,1.29,8.065,55.461,21.1617
30/07/2024 02:31:10.000,21.2749,33.4348,1.30,8.064,55.375,21.1615
30/07/2024 02:32:10.999,21.2756,33.4359,1.30,8.064,55.508,21.1611
30/07/2024 02:33:10.001,21.2759,33.4353,1.30,8.064,55.353,21.1617
30/07/2024 02:34:10.000,21.2765,33.4348,1.30,8.064,55.409,21.1620
30/07/2024 02:35:10.000,21.2758,33.4355,1.30,8.064,55.367,21.1632
30/07/2024 02:36:10.999,21.2754,33.4361,1.30,8.064,55.505,21.1624
30/07/2024 02:37:10.001,21.2740,33.4342,1.30,8.063,55.369,21.1635
30/07/2024 02:38:10.000,21.2735,33.4349,1.31,8.063,55.435,21.1639
30/07/2024 02:39:10.999,21.2730,33.4349,1.30,8.063,55.364,21.1637
30/07/2024 02:40:10.998,21.2723,33.4353,1.30,8.063,55.447,21.1645
30/07/2024 02:41:10.001,21.2726,33.4360,1.30,8.063,55.400,21.1644
30/07/2024 02:42:10.000,21.2721,33.4347,1.30,8.063,55.368,21.1648
30/07/2024 02:43:10.999,21.2703,33.4362,1.29,8.063,55.436,21.1651
30/07/2024 02:44:10.002,21.2695,33.4353,1.30,8.062,55.385,21.1660
30/07/2024 02:45:10.001,21.2688,33.4359,1.30,8.062,55.438,21.1656
30/07/2024 02:46:10.000,21.2678,33.4354,1.30,8.062,55.363,21.1662
30/07/2024 02:47:10.999,21.2667,33.4353,1.30,8.062,55.368,21.1667
30/07/2024 02:48:10.001,21.2660,33.4360,1.30,8.062,55.390,21.1665
30/07/2024 02:49:10.000,21.2659,33.4360,1.30,8.062,55.337,21.1670
30/07/2024 02:50:10.000,21.2667,33.4344,1.30,8.062,55.279,21.1665
30/07/2024 02:51:10.999,21.2649,33.4344,1.30,8.062,55.385,21.1663
30/07/2024 02:52:10.001,21.2644,33.4364,1.30,8.062,55.383,21.1672
30/07/2024 02:53:10.000,21.2644,33.4362,1.29,8.062,55.520,21.1672
30/07/2024 02:54:10.999,21.2637,33.4368,1.29,8.061,55.365,21.1677
30/07/2024 02:55:10.998,21.2629,33.4370,1.30,8.061,55.455,21.1682
30/07/2024 02:56:10.001,21.2631,33.4358,1.30,8.061,55.329,21.1683
30/07/2024 02:57:10.000,21.2627,33.4364,1.29,8.061,55.342,21.1682
30/07/2024 02:58:10.999,21.2608,33.4361,1.30,8.061,55.523,21.1680
30/07/2024 02:59:10.002,21.2594,33.4353,1.30,8.061,55.352,21.1686
30/07/2024 03:00:10.001,21.2593,33.4343,1.30,8.061,55.426,21.1688
30/07/2024 03:01:10.000,21.2577,33.4354,1.30,8.061,55.310,21.1695
30/07/2024 03:02:10.999,21.2564,33.4358,1.30,8.060,55.414,21.1689
30/07/2024 03:03:10.001,21.2554,33.4358,1.30,8.060,55.367,21.1690
30/07/2024 03:04:10.000,21.2553,33.4363,1.30,8.060,55.408,21.1682
30/07/2024 03:05:10.000,21.2541,33.4379,1.30,8.060,55.416,21.1684
30/07/2024 03:06:10.999,21.2541,33.4358,1.30,8.060,55.451,21.1705
30/07/2024 03:07:10.001,21.2537,33.4362,1.30,8.060,55.459,21.1701
30/07/2024 03:08:10.000,21.2532,33.4373,1.30,8.060,55.338,21.1698
30/07/2024 03:09:10.999,21.2538,33.4373,1.30,8.060,55.382,21.1702
30/07/2024 03:10:10.998,21.2536,33.4366,1.31,8.060,55.397,21.1701
30/07/2024 03:11:10.001,21.2537,33.4363,1.30,8.060,55.407,21.1710
30/07/2024 03:12:10.000,21.2531,33.4384,1.30,8.061,55.429,21.1709
30/07/2024 03:13:10.999,21.2529,33.4388,1.30,8.064,55.387,21.1693
30/07/2024 03:14:10.002,21.2559,33.4372,1.29,8.064,55.436,21.1708
30/07/2024 03:15:10.001,21.2562,33.4360,1.30,8.065,55.304,21.1702
30/07/2024 03:16:10.000,21.2577,33.4382,1.30,8.066,55.366,21.1702
30/07/2024 03:17:10.999,21.2596,33.4377,1.30,8.066,55.528,21.1704
30/07/2024 03:18:10.001,21.2602,33.4377,1.30,8.067,55.530,21.1723
30/07/2024 03:19:10.000,21.2619,33.4374,1.30,8.068,55.430,21.1716
30/07/2024 03:20:10.000,21.2632,33.4371,1.30,8.068,55.250,21.1718
30/07/2024 03:21:10.999,21.2643,33.4372,1.30,8.069,55.429,21.1723
30/07/2024 03:22:10.001,21.2649,33.4355,1.30,8.069,55.495,21.1707
30/07/2024 03:23:10.000,21.2646,33.4375,1.30,8.070,55.454,21.1725
30/07/2024 03:24:10.999,21.2657,33.4372,1.30,8.070,55.479,21.1727
30/07/2024 03:25:10.998,21.2665,33.4376,1.30,8.070,55.459,21.1724
30/07/2024 03:26:10.001,21.2667,33.4376,1.30,8.071,55.452,21.1732
30/07/2024 03:27:10.000,21.2670,33.4368,1.30,8.071,55.438,21.1730
30/07/2024 03:28:10.999,21.2679,33.4376,1.30,8.072,55.501,21.1732
30/07/2024 03:29:10.002,21.2685,33.4381,1.30,8.072,55.348,21.1739
30/07/2024 03:30:10.001,21.2693,33.4374,1.30,8.072,55.550,21.1734
30/07/2024 03:31:10.000,21.2696,33.4370,1.30,8.072,55.482,21.1748
30/07/2024 03:32:10.999,21.2700,33.4369,1.30,8.072,55.462,21.1730
30/07/2024 03:33:10.001,21.2702,33.4370,1.30,8.072,55.484,21.1750
30/07/2024 03:34:10.000,21.2697,33.4380,1.30,8.072,55.459,21.1746
30/07/2024 03:35:10.000,21.2699,33.4361,1.30,8.072,55.383,21.1753
30/07/2024 03:36:10.999,21.2710,33.4379,1.30,8.072,55.438,21.1758
30/07/2024 03:37:10.001,21.2716,33.4376,1.31,8.072,55.381,21.1757
30/07/2024 03:38:10.000,21.2716,33.4374,1.31,8.072,55.399,21.1752
30/07/2024 03:39:10.999,21.2711,33.4381,1.30,8.072,55.384,21.1768
30/07/2024 03:40:10.998,21.2718,33.4379,1.30,8.072,55.523,21.1756
30/07/2024 03:41:10.001,21.2728,33.4378,1.30,8.072,55.377,21.1770
30/07/2024 03:42:10.000,21.2738,33.4369,1.29,8.072,55.413,21.1772
30/07/2024 03:43:10.999,21.2742,33.4377,1.30,8.072,55.300,21.1775
30/07/2024 03:44:10.002,21.2742,33.4391,1.30,8.072,55.396,21.1780
30/07/2024 03:45:10.001,21.2747,33.4385,1.29,8.072,55.470,21.1777
30/07/2024 03:46:10.000,21.2748,33.4384,1.30,8.071,55.384,21.1777
30/07/2024 03:47:10.999,21.2754,33.4366,1.30,8.071,55.447,21.1787
30/07/2024 03:48:10.001,21.2754,33.4391,1.30,8.071,55.386,21.1781
30/07/2024 03:49:10.000,21.2768,33.4388,1.30,8.071,55.365,21.1779
30/07/2024 03:50:10.000,21.2768,33.4375,1.31,8.071,55.391,21.1792
30/07/2024 03:51:10.999,21.2769,33.4382,1.30,8.071,55.350,21.1795
30/07/2024 03:52:10.001,21.2773,33.4380,1.30,8.071,55.381,21.1782
30/07/2024 03:53:10.000,21.2775,33.4370,1.30,8.071,55.459,21.1798
30/07/2024 03:54:10.999,21.2776,33.4385,1.31,8.071,55.406,21.1804
30/07/2024 03:55:10.998,21.2780,33.4378,1.30,8.071,55.482,21.1803
30/07/2024 03:56:10.001,21.2794,33.4376,1.30,8.071,55.438,21.1808
30/07/2024 03:57:10.000,21.2805,33.4379,1.30,8.071,55.505,21.1803
30/07/2024 03:58:10.999,21.2815,33.4380,1.30,8.070,55.461,21.1805
30/07/2024 03:59:10.002,21.2827,33.4394,1.30,8.070,55.348,21.1818
30/07/2024 04:00:10.001,21.2837,33.4383,1.30,8.070,55.419,21.1817
30/07/2024 04:01:10.000,21.2852,33.4373,1.30,8.070,55.368,21.1819
30/07/2024 04:02:10.999,21.2860,33.4392,1.30,8.071,55.321,21.1815
30/07/2024 04:03:10.001,21.2875,33.4390,1.30,8.071,55.357,21.1828
30/07/2024 04:04:10.000,21.2887,33.4383,1.30,8.071,55.376,21.1820
30/07/2024 04:05:10.000,21.2895,33.4385,1.30,8.071,55.409,21.1828
30/07/2024 04:06:10.999,21.2908,33.4384,1.30,8.070,55.377,21.1823
30/07/2024 04:07:10.001,21.2916,33.4385,1.29,8.070,55.352,21.1829
30/07/2024 04:08:10.000,21.2922,33.4391,1.30,8.070,55.328,21.1845
30/07/2024 04:09:10.999,21.2928,33.4386,1.30,8.070,55.350,21.1834
30/07/2024 04:10:10.998,21.2933,33.4390,1.30,8.069,55.341,21.1834
30/07/2024 04:11:10.001,21.2919,33.4374,1.30,8.069,55.380,21.1856
30/07/2024 04:12:10.000,21.2919,33.4380,1.30,8.070,55.350,21.1850
30/07/2024 04:13:10.999,21.2919,33.4386,1.30,8.069,55.269,21.1859
30/07/2024 04:14:10.002,21.2934,33.4394,1.30,8.069,55.368,21.1866
30/07/2024 04:15:10.001,21.2941,33.4391,1.30,8.069,55.325,21.1867
30/07/2024 04:16:10.000,21.2948,33.4387,1.30,8.069,55.423,21.1863
30/07/2024 04:17:10.999,21.2965,33.4390,1.30,8.069,55.415,21.1874
30/07/2024 04:18:10.001,21.2973,33.4389,1.30,8.069,55.518,21.1878
30/07/2024 04:19:10.000,21.2985,33.4382,1.30,8.069,55.371,21.1864
30/07/2024 04:20:10.000,21.2988,33.4392,1.30,8.069,55.419,21.1874
30/07/2024 04:21:10.999,21.2988,33.4388,1.30,8.069,55.346,21.1878
30/07/2024 04:22:10.001,21.2976,33.4379,1.30,8.069,55.373,21.1886
30/07/2024 04:23:10.000,21.2967,33.4376,1.30,8.069,55.414,21.1884
30/07/2024 04:24:10.999,21.2954,33.4389,1.30,8.069,55.364,21.1897
30/07/2024 04:25:10.998,21.2951,33.4399,1.30,8.069,55.399,21.1893
30/07/2024 04:26:10.001,21.2949,33.4383,1.30,8.068,55.323,21.1905
30/07/2024 04:27:10.000,21.2946,33.4387,1.30,8.068,55.421,21.1896
30/07/2024 04:28:10.999,21.2936,33.4382,1.30,8.068,55.506,21.1887
30/07/2024 04:29:10.002,21.2940,33.4388,1.30,8.068,55.473,21.1890
30/07/2024 04:30:10.001,21.2931,33.4379,1.30,8.068,55.384,21.1904
30/07/2024 04:31:10.000,21.2924,33.4388,1.30,8.068,55.380,21.1913
30/07/2024 04:32:10.999,21.2915,33.4377,1.31,8.068,55.463,21.1916
30/07/2024 04:33:10.001,21.2915,33.4396,1.30,8.068,55.489,21.1915
30/07/2024 04:34:10.000,21.2912,33.4380,1.30,8.068,55.490,21.1918
30/07/2024 04:35:10.000,21.2908,33.4385,1.30,8.068,55.471,21.1909
30/07/2024 04:36:10.999,21.2906,33.4384,1.30,8.068,55.442,21.1917
30/07/2024 04:37:10.001,21.2910,33.4397,1.30,8.068,55.477,21.1920
30/07/2024 04:38:10.000,21.2910,33.4386,1.30,8.068,55.405,21.1916
30/07/2024 04:39:10.999,21.2906,33.4389,1.30,8.068,55.405,21.1925
30/07/2024 04:40:10.998,21.2901,33.4387,1.30,8.068,55.355,21.1923
30/07/2024 04:41:10.001,21.2895,33.4390,1.30,8.068,55.506,21.1932
30/07/2024 04:42:10.000,21.2894,33.4391,1.30,8.067,55.424,21.1940
30/07/2024 04:43:10.999,21.2894,33.4392,1.30,8.067,55.495,21.1940
30/07/2024 04:44:10.002,21.2898,33.4382,1.30,8.067,55.421,21.1944
30/07/2024 04:45:10.001,21.2894,33.4388,1.31,8.067,55.509,21.1939
30/07/2024 04:46:10.000,21.2892,33.4387,1.30,8.066,55.417,21.1941
30/07/2024 04:47:10.999,21.2886,33.4394,1.31,8.066,55.527,21.1956
30/07/2024 04:48:10.001,21.2881,33.4387,1.31,8.066,55.547,21.1947
30/07/2024 04:49:10.000,21.2883,33.4394,1.30,8.066,55.445,21.1945
30/07/2024 04:50:10.000,21.2879,33.4395,1.30,8.066,55.557,21.1953
30/07/2024 04:51:10.999,21.2881,33.4403,1.30,8.065,55.451,21.1956
30/07/2024 04:52:10.001,21.2875,33.4397,1.30,8.065,55.578,21.1959
30/07/2024 04:53:10.000,21.2880,33.4396,1.31,8.065,55.457,21.1956
30/07/2024 04:54:10.999,21.2866,33.4397,1.31,8.065,55.500,21.1954
30/07/2024 04:55:10.998,21.2872,33.4396,1.30,8.065,55.497,21.1963
30/07/2024 04:56:10.001,21.2874,33.4400,1.30,8.065,55.444,21.1964
30/07/2024 04:57:10.000,21.2871,33.4401,1.30,8.064,55.532,21.1953
30/07/2024 04:58:10.999,21.2870,33.4389,1.31,8.064,55.573,21.1971
30/07/2024 04:59:10.002,21.2864,33.4403,1.30,8.064,55.478,21.1970
30/07/2024 05:00:10.001,21.2850,33.4405,1.31,8.064,55.477,21.1970
30/07/2024 05:01:10.000,21.2847,33.4397,1.31,8.064,55.449,21.1967
30/07/2024 05:02:10.999,21.2843,33.4408,1.31,8.064,55.543,21.1967
30/07/2024 05:03:10.001,21.2843,33.4418,1.31,8.064,55.496,21.1969
30/07/2024 05:04:10.000,21.2839,33.4401,1.31,8.064,55.506,21.1970
30/07/2024 05:05:10.000,21.2847,33.4396,1.30,8.063,55.493,21.1964
30/07/2024 05:06:10.999,21.2862,33.4410,1.30,8.063,55.520,21.1981
30/07/2024 05:07:10.001,21.2882,33.4406,1.30,8.063,55.621,21.1931
30/07/2024 05:08:10.000,21.2888,33.4397,1.30,8.063,55.496,21.1943
30/07/2024 05:09:10.999,21.2892,33.4405,1.31,8.064,55.576,21.1951
30/07/2024 05:10:10.998,21.2908,33.4411,1.30,8.063,55.380,21.1949
30/07/2024 05:11:10.001,21.2921,33.4404,1.30,8.063,55.459,21.1947
30/07/2024 05:12:10.000,21.2931,33.4403,1.30,8.064,55.640,21.1957
30/07/2024 05:13:10.999,21.2936,33.4410,1.30,8.064,55.433,21.1961
30/07/2024 05:14:10.002,21.2939,33.4394,1.31,8.064,55.478,21.1948
30/07/2024 05:15:10.001,21.2941,33.4407,1.31,8.064,55.560,21.1953
30/07/2024 05:16:10.000,21.2943,33.4400,1.30,8.064,55.409,21.1961
30/07/2024 05:17:10.999,21.2941,33.4411,1.31,8.064,55.488,21.1963
30/07/2024 05:18:10.001,21.2948,33.4403,1.30,8.064,55.487,21.2003
30/07/2024 05:19:10.000,21.2947,33.4403,1.30,8.064,55.562,21.2000
30/07/2024 05:20:10.000,21.2956,33.4402,1.30,8.064,55.504,21.1998
30/07/2024 05:21:10.999,21.2956,33.4403,1.30,8.063,55.553,21.2004
30/07/2024 05:22:10.001,21.2955,33.4411,1.30,8.063,55.645,21.2006
30/07/2024 05:23:10.000,21.2962,33.4394,1.30,8.063,55.558,21.2009
30/07/2024 05:24:10.999,21.2962,33.4411,1.30,8.063,55.584,21.2024
30/07/2024 05:25:10.998,21.2966,33.4411,1.30,8.063,55.498,21.2009
30/07/2024 05:26:10.001,21.2976,33.4408,1.30,8.063,55.582,21.2024
30/07/2024 05:27:10.000,21.2978,33.4415,1.30,8.064,55.505,21.2031
30/07/2024 05:28:10.999,21.2984,33.4411,1.31,8.064,55.444,21.2031
30/07/2024 05:29:10.002,21.2989,33.4423,1.31,8.064,55.496,21.2034
30/07/2024 05:30:10.001,21.3003,33.4414,1.31,8.064,55.408,21.2043
30/07/2024 05:31:10.000,21.3008,33.4417,1.31,8.064,55.591,21.2043
30/07/2024 05:32:10.999,21.3011,33.4410,1.30,8.065,55.530,21.2037
30/07/2024 05:33:10.001,21.3006,33.4403,1.31,8.064,55.426,21.2042
30/07/2024 05:34:10.000,21.3005,33.4408,1.31,8.064,55.533,21.2037
30/07/2024 05:35:10.000,21.3011,33.4397,1.31,8.064,55.563,21.2045
30/07/2024 05:36:10.999,21.3003,33.4406,1.31,8.064,55.375,21.2049
30/07/2024 05:37:10.001,21.3005,33.4407,1.30,8.064,55.510,21.2048
30/07/2024 05:38:10.000,21.2998,33.4398,1.31,8.063,55.503,21.2059
30/07/2024 05:39:10.999,21.2989,33.4407,1.31,8.063,55.526,21.2055
30/07/2024 05:40:10.998,21.2984,33.4395,1.30,8.063,55.485,21.2054
30/07/2024 05:41:10.001,21.2968,33.4413,1.31,8.063,55.489,21.2061
30/07/2024 05:42:10.000,21.2956,33.4403,1.31,8.063,55.483,21.2065
30/07/2024 05:43:10.999,21.2943,33.4407,1.31,8.062,55.444,21.2050
30/07/2024 05:44:10.002,21.2944,33.4405,1.31,8.063,55.428,21.2056
30/07/2024 05:45:10.001,21.2938,33.4398,1.31,8.062,55.407,21.2064
30/07/2024 05:46:10.000,21.2930,33.4417,1.31,8.062,55.529,21.2062
30/07/2024 05:47:10.999,21.2938,33.4418,1.30,8.062,55.492,21.2073
30/07/2024 05:48:10.001,21.2926,33.4424,1.30,8.062,55.403,21.2069
30/07/2024 05:49:10.000,21.2928,33.4419,1.31,8.062,55.406,21.2074
30/07/2024 05:50:10.000,21.2940,33.4419,1.30,8.062,55.325,21.2074
30/07/2024 05:51:10.999,21.2938,33.4415,1.30,8.062,55.383,21.2078
30/07/2024 05:52:10.001,21.2936,33.4419,1.31,8.062,55.394,21.2073
30/07/2024 05:53:10.000,21.2939,33.4408,1.30,8.062,55.395,21.2077
30/07/2024 05:54:10.999,21.2933,33.4427,1.31,8.061,55.397,21.2084
30/07/2024 05:55:10.998,21.2948,33.4410,1.30,8.061,55.402,21.2080
30/07/2024 05:56:10.001,21.2941,33.4416,1.30,8.061,55.439,21.2084
30/07/2024 05:57:10.000,21.2935,33.4412,1.30,8.061,55.507,21.2087
30/07/2024 05:58:10.999,21.2950,33.4434,1.30,8.061,55.576,21.2097
30/07/2024 05:59:10.002,21.2967,33.4420,1.30,8.060,55.503,21.2089
30/07/2024 06:00:10.001,21.2980,33.4429,1.31,8.060,55.593,21.2094
30/07/2024 06:01:10.000,21.2992,33.4417,1.31,8.060,55.598,21.2079
30/07/2024 06:02:10.999,21.3005,33.4415,1.31,8.060,55.539,21.2096
30/07/2024 06:03:10.001,21.3025,33.4426,1.30,8.060,55.504,21.2097
30/07/2024 06:04:10.000,21.3048,33.4419,1.30,8.060,55.576,21.2107
30/07/2024 06:05:10.000,21.3059,33.4415,1.30,8.060,55.518,21.2103
30/07/2024 06:06:10.999,21.3071,33.4429,1.30,8.059,55.480,21.2104
30/07/2024 06:07:10.001,21.3085,33.4424,1.30,8.059,55.564,21.2102
30/07/2024 06:08:10.000,21.3095,33.4430,1.30,8.059,55.661,21.2105
30/07/2024 06:09:10.999,21.3104,33.4433,1.30,8.059,55.510,21.2100
30/07/2024 06:10:10.998,21.3115,33.4414,1.30,8.059,55.437,21.2119
30/07/2024 06:11:10.001,21.3116,33.4410,1.30,8.059,55.376,21.2099
30/07/2024 06:12:10.000,21.3120,33.4417,1.30,8.059,55.463,21.2123
30/07/2024 06:13:10.999,21.3126,33.4412,1.30,8.059,55.525,21.2118
30/07/2024 06:14:10.002,21.3134,33.4423,1.30,8.059,55.454,21.2129
30/07/2024 06:15:10.001,21.3147,33.4414,1.30,8.059,55.540,21.2130
30/07/2024 06:16:10.000,21.3158,33.4418,1.31,8.059,55.522,21.2128
30/07/2024 06:17:10.999,21.3174,33.4428,1.30,8.059,55.445,21.2136
30/07/2024 06:18:10.001,21.3181,33.4420,1.30,8.059,55.533,21.2136
30/07/2024 06:19:10.000,21.3179,33.4415,1.31,8.059,55.484,21.2141
30/07/2024 06:20:10.000,21.3188,33.4427,1.30,8.059,55.524,21.2134
30/07/2024 06:21:10.999,21.3195,33.4431,1.30,8.059,55.559,21.2141
30/07/2024 06:22:10.001,21.3200,33.4427,1.31,8.059,55.493,21.2145
30/07/2024 06:23:10.000,21.3217,33.4427,1.31,8.059,55.477,21.2150
30/07/2024 06:24:10.999,21.3217,33.4430,1.31,8.059,55.426,21.2157
30/07/2024 06:25:10.998,21.3231,33.4425,1.31,8.059,55.447,21.2159
30/07/2024 06:26:10.001,21.3235,33.4411,1.30,8.059,55.381,21.2158
30/07/2024 06:27:10.000,21.3239,33.4431,1.31,8.059,55.411,21.2162
30/07/2024 06:28:10.999,21.3244,33.4431,1.30,8.059,55.504,21.2157
30/07/2024 06:29:10.998,21.3259,33.4433,1.31,8.059,55.499,21.2164
30/07/2024 06:30:10.997,21.3264,33.4413,1.31,8.059,55.375,21.2175
30/07/2024 06:31:10.003,21.3259,33.4418,1.31,8.059,55.271,21.2166
30/07/2024 06:32:10.002,21.3274,33.4424,1.30,8.059,55.453,21.2175
30/07/2024 06:33:10.001,21.3282,33.4422,1.30,8.058,55.500,21.2181
30/07/2024 06:34:10.000,21.3288,33.4421,1.30,8.058,55.370,21.2186
30/07/2024 06:35:10.000,21.3295,33.4418,1.31,8.058,55.486,21.2190
30/07/2024 06:36:10.999,21.3295,33.4426,1.30,8.058,55.371,21.2188
30/07/2024 06:37:10.998,21.3294,33.4416,1.31,8.058,55.483,21.2185
30/07/2024 06:38:10.997,21.3296,33.4428,1.31,8.058,55.494,21.2197
30/07/2024 06:39:10.003,21.3302,33.4418,1.30,8.058,55.381,21.2202
30/07/2024 06:40:10.002,21.3301,33.4422,1.31,8.058,55.391,21.2194
30/07/2024 06:41:10.001,21.3283,33.4417,1.30,8.058,55.558,21.2195
30/07/2024 06:42:10.000,21.3273,33.4417,1.30,8.058,55.495,21.2215
30/07/2024 06:43:10.999,21.3266,33.4427,1.30,8.058,55.396,21.2217
30/07/2024 06:44:10.998,21.3261,33.4415,1.30,8.058,55.469,21.2213
30/07/2024 06:45:10.997,21.3249,33.4422,1.30,8.058,55.449,21.2217
30/07/2024 06:46:10.003,21.3229,33.4417,1.30,8.058,55.550,21.2211
30/07/2024 06:47:10.002,21.3213,33.4419,1.30,8.058,55.484,21.2214
30/07/2024 06:48:10.001,21.3197,33.4432,1.31,8.058,55.394,21.2228
30/07/2024 06:49:10.000,21.3176,33.4431,1.31,8.058,55.439,21.2213
30/07/2024 06:50:10.000,21.3171,33.4424,1.30,8.058,55.338,21.2229
30/07/2024 06:51:10.999,21.3163,33.4418,1.30,8.058,55.397,21.2234
30/07/2024 06:52:10.998,21.3148,33.4429,1.31,8.058,55.414,21.2233
30/07/2024 06:53:10.997,21.3142,33.4421,1.31,8.058,55.474,21.2237
30/07/2024 06:54:10.003,21.3131,33.4428,1.31,8.058,55.458,21.2233
30/07/2024 06:55:10.002,21.3125,33.4435,1.30,8.058,55.458,21.2240
30/07/2024 06:56:10.001,21.3119,33.4431,1.31,8.057,55.432,21.2237
30/07/2024 06:57:10.000,21.3104,33.4447,1.30,8.058,55.498,21.2244
30/07/2024 06:58:10.999,21.3106,33.4429,1.31,8.058,55.452,21.2239
30/07/2024 06:59:10.998,21.3097,33.4422,1.31,8.058,55.454,21.2245
30/07/2024 07:00:10.997,21.3087,33.4416,1.30,8.058,55.572,21.2248
30/07/2024 07:01:10.003,21.3081,33.4425,1.30,8.058,55.475,21.2252
30/07/2024 07:02:10.002,21.3083,33.4441,1.31,8.059,55.531,21.2248
30/07/2024 07:03:10.001,21.3076,33.4439,1.30,8.059,55.547,21.2250
30/07/2024 07:04:10.000,21.3079,33.4444,1.31,8.060,55.380,21.2243
30/07/2024 07:05:10.000,21.3076,33.4444,1.30,8.060,55.494,21.2247
30/07/2024 07:06:10.999,21.3078,33.4448,1.31,8.060,55.409,21.2249
30/07/2024 07:07:10.998,21.3075,33.4440,1.31,8.060,55.505,21.2262
30/07/2024 07:08:10.997,21.3073,33.4440,1.30,8.059,55.486,21.2256
30/07/2024 07:09:10.003,21.3070,33.4436,1.31,8.059,55.542,21.2256
30/07/2024 07:10:10.002,21.3087,33.4443,1.31,8.059,55.492,21.2264
30/07/2024 07:11:10.001,21.3091,33.4439,1.31,8.059,55.530,21.2259
30/07/2024 07:12:10.000,21.3095,33.4439,1.31,8.059,55.422,21.2264
30/07/2024 07:13:10.999,21.3113,33.4449,1.31,8.058,55.504,21.2266
30/07/2024 07:14:10.998,21.3136,33.4444,1.30,8.058,55.546,21.2270
30/07/2024 07:15:10.997,21.3141,33.4441,1.31,8.058,55.507,21.2274
30/07/2024 07:16:10.003,21.3158,33.4444,1.31,8.058,55.483,21.2258
30/07/2024 07:17:10.002,21.3164,33.4447,1.31,8.058,55.483,21.2264
30/07/2024 07:18:10.001,21.3179,33.4440,1.31,8.058,55.451,21.2277
30/07/2024 07:19:10.000,21.3189,33.4437,1.31,8.058,55.533,21.2270
30/07/2024 07:20:10.000,21.3184,33.4444,1.31,8.058,55.446,21.2283
30/07/2024 07:21:10.999,21.3189,33.4447,1.30,8.058,55.580,21.2281
30/07/2024 07:22:10.998,21.3194,33.4432,1.31,8.058,55.497,21.2277
30/07/2024 07:23:10.997,21.3197,33.4438,1.31,8.058,55.467,21.2279
30/07/2024 07:24:10.003,21.3186,33.4451,1.30,8.058,55.440,21.2274
30/07/2024 07:25:10.002,21.3191,33.4443,1.31,8.058,55.417,21.2292
30/07/2024 07:26:10.001,21.3198,33.4446,1.31,8.058,55.350,21.2276
30/07/2024 07:27:10.000,21.3206,33.4443,1.32,8.058,55.451,21.2295
30/07/2024 07:28:10.999,21.3209,33.4449,1.31,8.058,55.478,21.2290
30/07/2024 07:29:10.998,21.3216,33.4438,1.31,8.058,55.512,21.2296
30/07/2024 07:30:10.997,21.3214,33.4441,1.31,8.058,55.563,21.2300
30/07/2024 07:31:10.003,21.3221,33.4451,1.30,8.058,55.584,21.2307
30/07/2024 07:32:10.002,21.3226,33.4454,1.31,8.058,55.491,21.2307
30/07/2024 07:33:10.001,21.3228,33.4445,1.30,8.058,55.546,21.2309
30/07/2024 07:34:10.000,21.3233,33.4449,1.31,8.057,55.437,21.2303
30/07/2024 07:35:10.000,21.3240,33.4445,1.30,8.058,55.501,21.2306
30/07/2024 07:36:10.999,21.3242,33.4460,1.31,8.059,55.528,21.2304
30/07/2024 07:37:10.998,21.3243,33.4449,1.31,8.060,55.378,21.2318
30/07/2024 07:38:10.997,21.3245,33.4451,1.31,8.062,55.570,21.2322
30/07/2024 07:39:10.003,21.3243,33.4457,1.31,8.063,55.418,21.2328
30/07/2024 07:40:10.002,21.3251,33.4452,1.31,8.065,55.441,21.2313
30/07/2024 07:41:10.001,21.3263,33.4447,1.30,8.066,55.438,21.2324
30/07/2024 07:42:10.000,21.3266,33.4448,1.30,8.067,55.434,21.2325
30/07/2024 07:43:10.999,21.3268,33.4458,1.30,8.068,55.420,21.2337
30/07/2024 07:44:10.998,21.3275,33.4457,1.30,8.069,55.391,21.2334
30/07/2024 07:45:10.997,21.3282,33.4454,1.31,8.068,55.424,21.2339
30/07/2024 07:46:10.003,21.3285,33.4462,1.31,8.067,55.359,21.2335
30/07/2024 07:47:10.002,21.3301,33.4441,1.30,8.067,55.338,21.2331
30/07/2024 07:48:10.001,21.3301,33.4444,1.31,8.066,55.447,21.2344
30/07/2024 07:49:10.000,21.3299,33.4447,1.31,8.066,55.371,21.2351
30/07/2024 07:50:10.000,21.3297,33.4446,1.30,8.065,55.537,21.2351
30/07/2024 07:51:10.999,21.3300,33.4452,1.30,8.065,55.414,21.2357
30/07/2024 07:52:10.998,21.3307,33.4450,1.31,8.065,55.433,21.2358
30/07/2024 07:53:10.997,21.3305,33.4464,1.31,8.064,55.463,21.2347
30/07/2024 07:54:10.003,21.3309,33.4452,1.31,8.064,55.483,21.2355
30/07/2024 07:55:10.002,21.3309,33.4453,1.30,8.063,55.440,21.2358
30/07/2024 07:56:10.001,21.3321,33.4437,1.31,8.063,55.391,21.2359
30/07/2024 07:57:10.000,21.3316,33.4450,1.31,8.063,55.449,21.2365
30/07/2024 07:58:10.999,21.3316,33.4450,1.31,8.063,55.402,21.2370
30/07/2024 07:59:10.998,21.3316,33.4458,1.30,8.062,55.377,21.2366
30/07/2024 08:00:10.997,21.3319,33.4442,1.30,8.062,55.470,21.2366
30/07/2024 08:01:10.003,21.3304,33.4446,1.30,8.062,55.473,21.2376
30/07/2024 08:02:10.002,21.3307,33.4451,1.30,8.062,55.331,21.2377
30/07/2024 08:03:10.001,21.3303,33.4460,1.30,8.061,55.423,21.2372
30/07/2024 08:04:10.000,21.3298,33.4457,1.30,8.061,55.467,21.2381
30/07/2024 08:05:10.000,21.3289,33.4469,1.31,8.061,55.310,21.2383
30/07/2024 08:06:10.999,21.3292,33.4457,1.31,8.060,55.417,21.2383
30/07/2024 08:07:10.998,21.3281,33.4463,1.30,8.060,55.472,21.2353
30/07/2024 08:08:10.997,21.3279,33.4457,1.31,8.060,55.379,21.2355
30/07/2024 08:09:10.003,21.3265,33.4462,1.31,8.060,55.361,21.2356
30/07/2024 08:10:10.002,21.3260,33.4457,1.30,8.059,55.388,21.2355
30/07/2024 08:11:10.001,21.3256,33.4457,1.30,8.059,55.350,21.2361
30/07/2024 08:12:10.000,21.3247,33.4480,1.31,8.059,55.292,21.2346
30/07/2024 08:13:10.999,21.3247,33.4464,1.30,8.058,55.398,21.2353
30/07/2024 08:14:10.998,21.3237,33.4456,1.31,8.058,55.381,21.2357
30/07/2024 08:15:10.997,21.3229,33.4461,1.31,8.058,55.413,21.2365
30/07/2024 08:16:10.003,21.3234,33.4457,1.30,8.058,55.391,21.2361
30/07/2024 08:17:10.002,21.3219,33.4467,1.31,8.058,55.478,21.2364
30/07/2024 08:18:10.001,21.3212,33.4469,1.31,8.058,55.442,21.2394
30/07/2024 08:19:10.000,21.3211,33.4472,1.30,8.058,55.439,21.2400
30/07/2024 08:20:10.000,21.3215,33.4469,1.30,8.057,55.301,21.2393
30/07/2024 08:21:10.999,21.3209,33.4459,1.31,8.057,55.431,21.2413
30/07/2024 08:22:10.998,21.3205,33.4467,1.30,8.057,55.504,21.2394
30/07/2024 08:23:10.997,21.3203,33.4455,1.30,8.057,55.412,21.2414
30/07/2024 08:24:10.003,21.3203,33.4468,1.31,8.057,55.391,21.2407
30/07/2024 08:25:10.002,21.3202,33.4478,1.30,8.057,55.376,21.2415
30/07/2024 08:26:10.001,21.3219,33.4476,1.30,8.057,55.344,21.2409
30/07/2024 08:27:10.000,21.3241,33.4470,1.31,8.057,55.423,21.2414
30/07/2024 08:28:10.999,21.3244,33.4472,1.31,8.058,55.341,21.2415
30/07/2024 08:29:10.998,21.3256,33.4462,1.31,8.058,55.458,21.2411
30/07/2024 08:30:10.997,21.3263,33.4472,1.31,8.058,55.389,21.2416
30/07/2024 08:31:10.003,21.3289,33.4474,1.32,8.059,55.463,21.2408
30/07/2024 08:32:10.002,21.3290,33.4487,1.31,8.059,55.326,21.2421
30/07/2024 08:33:10.001,21.3309,33.4471,1.31,8.059,55.345,21.2422
30/07/2024 08:34:10.000,21.3323,33.4469,1.31,8.059,55.429,21.2424
30/07/2024 08:35:10.000,21.3323,33.4469,1.31,8.059,55.471,21.2426
30/07/2024 08:36:10.999,21.3334,33.4470,1.31,8.059,55.540,21.2428
30/07/2024 08:37:10.998,21.3343,33.4461,1.31,8.059,55.508,21.2437
30/07/2024 08:38:10.997,21.3349,33.4473,1.30,8.059,55.440,21.2419
30/07/2024 08:39:10.003,21.3356,33.4472,1.30,8.058,55.466,21.2440
30/07/2024 08:40:10.002,21.3362,33.4473,1.31,8.058,55.426,21.2436
30/07/2024 08:41:10.001,21.3371,33.4466,1.31,8.058,55.434,21.2434
30/07/2024 08:42:10.000,21.3368,33.4471,1.31,8.058,55.426,21.2440
30/07/2024 08:43:10.999,21.3372,33.4479,1.31,8.058,55.423,21.2441
30/07/2024 08:44:10.998,21.3382,33.4477,1.30,8.057,55.443,21.2444
30/07/2024 08:45:10.997,21.3390,33.4473,1.31,8.057,55.423,21.2450
30/07/2024 08:46:10.003,21.3398,33.4471,1.31,8.057,55.417,21.2455
30/07/2024 08:47:10.002,21.3410,33.4472,1.31,8.057,55.437,21.1497
30/07/2024 08:48:10.001,21.3423,33.4456,1.31,8.057,55.471,21.1527
30/07/2024 08:49:10.000,21.3429,33.4470,1.31,8.057,55.410,21.1531
30/07/2024 08:50:10.000,21.3430,33.4474,1.30,8.057,55.380,21.1493
30/07/2024 08:51:10.999,21.3431,33.4470,1.31,8.057,55.434,21.1704
30/07/2024 08:52:10.998,21.3446,33.4471,1.30,8.057,55.356,21.1768
30/07/2024 08:53:10.997,21.3452,33.4471,1.30,8.057,55.436,21.1538
30/07/2024 08:54:10.003,21.3460,33.4477,1.30,8.057,55.431,21.1530
30/07/2024 08:55:10.002,21.3462,33.4469,1.30,8.057,55.401,21.1457
30/07/2024 08:56:10.001,21.3465,33.4475,1.31,8.057,55.393,21.1483
30/07/2024 08:57:10.000,21.3462,33.4474,1.30,8.057,55.424,21.1528
30/07/2024 08:58:10.999,21.3468,33.4469,1.31,8.057,55.437,21.1569
30/07/2024 08:59:10.998,21.3472,33.4475,1.30,8.057,55.471,21.1653
30/07/2024 09:00:10.997,21.3481,33.4474,1.31,8.057,55.528,21.1651
30/07/2024 09:01:10.003,21.3483,33.4479,1.30,8.057,55.372,21.1638
30/07/2024 09:02:10.002,21.3484,33.4486,1.30,8.057,55.323,21.1640
30/07/2024 09:03:10.001,21.3485,33.4464,1.31,8.057,55.296,21.1657
30/07/2024 09:04:10.000,21.3474,33.4476,1.31,8.057,55.381,21.1822
30/07/2024 09:05:10.000,21.3475,33.4466,1.30,8.057,55.339,21.1589
30/07/2024 09:06:10.999,21.3462,33.4460,1.30,8.057,55.441,21.1578
30/07/2024 09:07:10.998,21.3451,33.4496,1.30,8.057,55.377,21.1585
30/07/2024 09:08:10.997,21.3458,33.4468,1.31,8.057,55.438,21.1580
30/07/2024 09:09:10.003,21.3453,33.4469,1.30,8.057,55.289,21.1636
30/07/2024 09:10:10.002,21.3435,33.4473,1.30,8.057,55.364,21.1604
30/07/2024 09:11:10.001,21.3433,33.4481,1.30,8.057,55.367,21.1633
30/07/2024 09:12:10.000,21.3428,33.4476,1.30,8.057,55.358,21.1657
30/07/2024 09:13:10.999,21.3421,33.4478,1.31,8.057,55.476,21.1656
30/07/2024 09:14:10.998,21.3416,33.4474,1.30,8.056,55.355,21.1701
30/07/2024 09:15:10.997,21.3411,33.4473,1.31,8.057,55.424,21.1660
30/07/2024 09:16:10.003,21.3400,33.4484,1.30,8.056,55.444,21.1698
30/07/2024 09:17:10.002,21.3404,33.4465,1.31,8.056,55.532,21.1702
30/07/2024 09:18:10.001,21.3403,33.4474,1.30,8.057,55.479,21.1711
30/07/2024 09:19:10.000,21.3402,33.4462,1.31,8.057,55.453,21.1741
30/07/2024 09:20:10.000,21.3401,33.4475,1.30,8.057,55.447,21.1734
30/07/2024 09:21:10.999,21.3393,33.4495,1.31,8.057,55.409,21.1688
30/07/2024 09:22:10.998,21.3401,33.4456,1.31,8.057,55.499,21.1774
30/07/2024 09:23:10.997,21.3380,33.4471,1.31,8.057,55.481,21.1681
30/07/2024 09:24:10.003,21.3376,33.4488,1.31,8.057,55.405,21.1750
30/07/2024 09:25:10.002,21.3395,33.4478,1.31,8.057,55.549,21.1757
30/07/2024 09:26:10.001,21.3384,33.4477,1.30,8.058,55.438,21.1769
30/07/2024 09:27:10.000,21.3392,33.4480,1.30,8.057,55.437,21.1717
30/07/2024 09:28:10.999,21.3399,33.4488,1.30,8.057,55.483,21.1772
30/07/2024 09:29:10.998,21.3397,33.4489,1.31,8.058,55.543,21.1778
30/07/2024 09:30:10.997,21.3394,33.4485,1.31,8.058,55.496,21.1941
30/07/2024 09:31:10.003,21.3396,33.4473,1.31,8.060,55.486,21.1780
30/07/2024 09:32:10.002,21.3401,33.4486,1.31,8.061,55.484,21.1782
30/07/2024 09:33:10.001,21.3399,33.4488,1.31,8.063,55.453,21.1793
30/07/2024 09:34:10.000,21.3405,33.4480,1.31,8.064,55.494,21.1764
30/07/2024 09:35:10.000,21.3404,33.4478,1.31,8.066,55.466,21.1806
30/07/2024 09:36:10.999,21.3392,33.4476,1.31,8.067,55.422,21.1803
30/07/2024 09:37:10.998,21.3389,33.4493,1.30,8.068,55.398,21.1941
30/07/2024 09:38:10.997,21.3391,33.4481,1.31,8.070,55.421,21.1840
30/07/2024 09:39:10.003,21.3388,33.4477,1.31,8.072,55.458,21.1837
30/07/2024 09:40:10.002,21.3379,33.4486,1.31,8.073,55.502,21.1857
30/07/2024 09:41:10.001,21.3383,33.4471,1.31,8.074,55.474,21.1834
30/07/2024 09:42:10.000,21.3370,33.4493,1.30,8.075,55.428,21.1883
30/07/2024 09:43:10.999,21.3378,33.4482,1.31,8.075,55.504,21.1859
30/07/2024 09:44:10.998,21.3370,33.4488,1.31,8.076,55.462,21.1857
30/07/2024 09:45:10.997,21.3370,33.4493,1.31,8.076,55.393,21.1871
30/07/2024 09:46:10.003,21.3373,33.4482,1.31,8.075,55.563,21.2192
30/07/2024 09:47:10.002,21.3372,33.4494,1.31,8.075,55.389,21.2490
30/07/2024 09:48:10.001,21.3382,33.4477,1.30,8.076,55.402,21.2479
30/07/2024 09:49:10.000,21.3371,33.4498,1.30,8.076,55.258,21.2484
30/07/2024 09:50:10.000,21.3367,33.4485,1.30,8.076,55.359,21.2488
30/07/2024 09:51:10.999,21.3355,33.4483,1.30,8.076,55.441,21.2487
30/07/2024 09:52:10.998,21.3370,33.4483,1.30,8.076,55.329,21.2482
30/07/2024 09:53:10.997,21.3383,33.4492,1.31,8.076,55.462,21.2489
30/07/2024 09:54:10.003,21.3409,33.4486,1.31,8.076,55.468,21.2493
30/07/2024 09:55:10.002,21.3422,33.4491,1.30,8.076,55.306,21.2500
30/07/2024 09:56:10.001,21.3443,33.4503,1.30,8.076,55.316,21.2503
30/07/2024 09:57:10.000,21.3466,33.4486,1.31,8.076,55.405,21.2494
30/07/2024 09:58:10.999,21.3484,33.4489,1.30,8.076,55.366,21.2499
30/07/2024 09:59:10.998,21.3503,33.4496,1.30,8.075,55.432,21.2505
30/07/2024 10:00:10.997,21.3513,33.4494,1.30,8.075,55.421,21.2507
30/07/2024 10:01:10.003,21.3527,33.4495,1.31,8.075,55.269,21.2503
30/07/2024 10:02:10.002,21.3535,33.4505,1.30,8.075,55.259,21.2497
30/07/2024 10:03:10.001,21.3543,33.4484,1.31,8.074,55.368,21.2511
30/07/2024 10:04:10.000,21.3543,33.4498,1.30,8.074,55.408,21.2504
30/07/2024 10:05:10.000,21.3558,33.4495,1.31,8.074,55.581,21.2509
30/07/2024 10:06:10.999,21.3568,33.4498,1.30,8.074,55.424,21.2507
30/07/2024 10:07:10.998,21.3568,33.4496,1.30,8.074,55.401,21.2511
30/07/2024 10:08:10.997,21.3569,33.4493,1.31,8.073,55.340,21.2508
30/07/2024 10:09:10.003,21.3575,33.4489,1.31,8.073,55.281,21.2523
30/07/2024 10:10:10.002,21.3588,33.4491,1.31,8.073,55.414,21.2523
30/07/2024 10:11:10.001,21.3587,33.4498,1.31,8.073,55.386,21.2512
30/07/2024 10:12:10.000,21.3591,33.4485,1.30,8.072,55.410,21.2523
30/07/2024 10:13:10.999,21.3580,33.4507,1.30,8.071,55.515,21.2526
30/07/2024 10:14:10.998,21.3579,33.4501,1.30,8.071,55.479,21.2500
30/07/2024 10:15:10.997,21.3587,33.4496,1.30,8.071,55.458,21.2525
30/07/2024 10:16:10.003,21.3604,33.4500,1.30,8.070,55.435,21.2523
30/07/2024 10:17:10.002,21.3611,33.4488,1.31,8.071,55.451,21.2534
30/07/2024 10:18:10.001,21.3609,33.4498,1.30,8.071,55.452,21.2540
30/07/2024 10:19:10.000,21.3611,33.4493,1.30,8.071,55.440,21.2540
30/07/2024 10:20:10.000,21.3616,33.4495,1.31,8.071,55.422,21.2541
30/07/2024 10:21:10.999,21.3622,33.4483,1.30,8.071,55.558,21.2543
30/07/2024 10:22:10.998,21.3618,33.4512,1.31,8.071,55.393,21.2546
30/07/2024 10:23:10.997,21.3627,33.4507,1.30,8.071,55.537,21.2545
30/07/2024 10:24:10.003,21.3645,33.4504,1.30,8.071,55.348,21.2537
30/07/2024 10:25:10.002,21.3669,33.4511,1.31,8.071,55.366,21.2546
30/07/2024 10:26:10.001,21.3682,33.4500,1.30,8.071,55.403,21.2552
30/07/2024 10:27:10.000,21.3684,33.4496,1.31,8.071,55.330,21.2555
30/07/2024 10:28:10.999,21.3671,33.4479,1.31,8.071,55.248,21.2554
30/07/2024 10:29:10.998,21.3663,33.4483,1.30,8.071,55.337,21.2554
30/07/2024 10:30:10.997,21.3653,33.4493,1.30,8.071,55.459,21.2644
30/07/2024 10:31:10.003,21.3644,33.4507,1.31,8.071,55.367,21.2636
30/07/2024 10:32:10.002,21.3621,33.4498,1.31,8.071,55.321,21.2640
30/07/2024 10:33:10.001,21.3612,33.4496,1.31,8.071,55.471,21.2633
30/07/2024 10:34:10.000,21.3605,33.4501,1.31,8.071,55.410,21.2642
30/07/2024 10:35:10.000,21.3607,33.4496,1.31,8.071,55.348,21.2646
30/07/2024 10:36:10.999,21.3595,33.4502,1.30,8.071,55.348,21.2645
30/07/2024 10:37:10.998,21.3580,33.4499,1.30,8.070,55.447,21.2648
30/07/2024 10:38:10.997,21.3580,33.4500,1.30,8.071,55.353,21.2647
30/07/2024 10:39:10.003,21.3577,33.4509,1.30,8.070,55.452,21.2648
30/07/2024 10:40:10.002,21.3573,33.4499,1.31,8.070,55.462,21.2648
30/07/2024 10:41:10.001,21.3555,33.4504,1.31,8.070,55.421,21.2653
30/07/2024 10:42:10.000,21.3545,33.4506,1.31,8.070,55.353,21.2649
30/07/2024 10:43:10.999,21.3542,33.4504,1.31,8.070,55.383,21.2654
30/07/2024 10:44:10.998,21.3541,33.4503,1.30,8.070,55.522,21.2657
30/07/2024 10:45:10.997,21.3547,33.4508,1.31,8.070,55.458,21.2655
30/07/2024 10:46:10.003,21.3539,33.4510,1.31,8.070,55.502,21.2669
30/07/2024 10:47:10.002,21.3534,33.4504,1.31,8.070,55.519,21.2659
30/07/2024 10:48:10.001,21.3539,33.4501,1.31,8.070,55.389,21.2664
30/07/2024 10:49:10.000,21.3531,33.4503,1.30,8.070,55.452,21.2668
30/07/2024 10:50:10.000,21.3533,33.4499,1.31,8.071,55.533,21.2672
30/07/2024 10:51:10.999,21.3533,33.4508,1.31,8.070,55.417,21.2671
30/07/2024 10:52:10.998,21.3529,33.4496,1.30,8.070,55.433,21.2673
30/07/2024 10:53:10.997,21.3532,33.4507,1.30,8.070,55.468,21.2672
30/07/2024 10:54:10.003,21.3516,33.4515,1.31,8.070,55.527,21.2672
30/07/2024 10:55:10.002,21.3516,33.4506,1.31,8.070,55.652,21.2673
30/07/2024 10:56:10.001,21.3512,33.4509,1.31,8.070,55.609,21.2679
30/07/2024 10:57:10.000,21.3521,33.4505,1.31,8.070,55.568,21.2670
30/07/2024 10:58:10.999,21.3521,33.4521,1.31,8.070,55.391,21.2675
30/07/2024 10:59:10.998,21.3515,33.4508,1.31,8.070,55.538,21.2675
30/07/2024 11:00:10.997,21.3511,33.4518,1.31,8.070,55.562,21.2671
30/07/2024 11:01:10.003,21.3510,33.4506,1.31,8.070,55.519,21.2687
30/07/2024 11:02:10.002,21.3508,33.4502,1.31,8.070,55.523,21.2673
30/07/2024 11:03:10.001,21.3513,33.4501,1.31,8.070,55.515,21.2666
30/07/2024 11:04:10.000,21.3487,33.4511,1.31,8.069,55.573,21.2673
30/07/2024 11:05:10.000,21.3477,33.4533,1.30,8.069,55.396,21.2674
30/07/2024 11:06:10.999,21.3502,33.4516,1.31,8.069,55.458,21.2669
30/07/2024 11:07:10.998,21.3508,33.4505,1.31,8.068,55.456,21.2643
30/07/2024 11:08:10.997,21.3502,33.4518,1.31,8.068,55.517,21.2649
30/07/2024 11:09:10.003,21.3502,33.4521,1.30,8.068,55.443,21.2646
30/07/2024 11:10:10.002,21.3549,33.4406,1.28,8.067,55.560,21.2688
30/07/2024 11:11:10.001,21.3492,33.4466,1.29,8.067,55.546,21.2689
30/07/2024 11:12:10.000,21.3258,33.4462,1.28,8.067,55.556,21.2663
30/07/2024 11:13:10.999,21.3312,33.4548,1.29,8.067,55.552,21.2682
30/07/2024 11:14:10.998,21.3422,33.4534,1.29,8.067,55.628,21.2683
30/07/2024 11:15:10.997,21.3473,33.4529,1.29,8.067,55.724,21.2683
