Cruise namePNNL Tank
cast nameCast 195
cruise start date15/08/2023
cruise end date15/08/2023
30/07/2024 11:16:39.000,21.3517,33.4521,1.29,8.066,55.645,21.2688
30/07/2024 11:17:39.000,21.3538,33.4530,1.28,8.066,55.518,21.2702
30/07/2024 11:18:39.000,21.3565,33.4526,1.28,8.065,55.609,21.2699
30/07/2024 11:19:39.000,21.3580,33.4532,1.28,8.065,55.662,21.2705
30/07/2024 11:20:39.000,21.3599,33.4519,1.28,8.065,55.574,21.2707
30/07/2024 11:21:39.000,21.3613,33.4522,1.28,8.064,55.624,21.2710
30/07/2024 11:22:39.000,21.3620,33.4519,1.28,8.064,55.638,21.2711
30/07/2024 11:23:39.000,21.3635,33.4517,1.28,8.064,55.565,21.2720
30/07/2024 11:24:39.000,21.3639,33.4535,1.28,8.064,55.643,21.2719
30/07/2024 11:25:39.000,21.3649,33.4526,1.28,8.064,55.756,21.2721
30/07/2024 11:26:39.000,21.3646,33.4535,1.28,8.063,55.620,21.2731
30/07/2024 11:27:39.000,21.3651,33.4520,1.29,8.063,55.600,21.2715
30/07/2024 11:28:39.000,21.3652,33.4515,1.29,8.063,55.554,21.2724
30/07/2024 11:29:39.000,21.3647,33.4529,1.28,8.063,55.532,21.2722
30/07/2024 11:30:39.000,21.3669,33.4535,1.29,8.063,55.647,21.2730
30/07/2024 11:31:39.000,21.3677,33.4522,1.29,8.063,55.686,21.2732
30/07/2024 11:32:39.000,21.3681,33.4533,1.29,8.062,55.641,21.2737
30/07/2024 11:33:39.000,21.3693,33.4528,1.28,8.062,55.643,21.2732
30/07/2024 11:34:39.000,21.3702,33.4530,1.28,8.062,55.625,21.2732
30/07/2024 11:35:39.000,21.3719,33.4540,1.29,8.062,55.703,21.2736
30/07/2024 11:36:39.000,21.3724,33.4534,1.27,8.062,55.698,21.2747
30/07/2024 11:37:39.000,21.3733,33.4516,1.29,8.062,55.608,21.2740
30/07/2024 11:38:39.000,21.3725,33.4539,1.28,8.062,55.622,21.2743
30/07/2024 11:39:39.000,21.3740,33.4535,1.28,8.062,55.644,21.2748
30/07/2024 11:40:39.000,21.3749,33.4526,1.28,8.062,55.629,21.2746
30/07/2024 11:41:39.000,21.3757,33.4524,1.29,8.062,55.677,21.2751
30/07/2024 11:42:39.000,21.3757,33.4524,1.28,8.061,55.733,21.2752
30/07/2024 11:43:39.000,21.3761,33.4519,1.28,8.061,55.635,21.2770
30/07/2024 11:44:39.000,21.3760,33.4533,1.28,8.061,55.619,21.2759
30/07/2024 11:45:39.000,21.3771,33.4535,1.29,8.061,55.708,21.2760
30/07/2024 11:46:39.000,21.3771,33.4527,1.28,8.061,55.733,21.2764
30/07/2024 11:47:39.000,21.3768,33.4520,1.28,8.061,55.745,21.2771
30/07/2024 11:48:39.000,21.3764,33.4527,1.28,8.061,55.620,21.2770
30/07/2024 11:49:39.000,21.3760,33.4530,1.28,8.061,55.629,21.2775
30/07/2024 11:50:39.000,21.3755,33.4526,1.28,8.061,55.534,21.2772
30/07/2024 11:51:39.000,21.3756,33.4527,1.28,8.061,55.603,21.2774
30/07/2024 11:52:39.000,21.3760,33.4534,1.28,8.061,55.597,21.2778
30/07/2024 11:53:39.000,21.3783,33.4521,1.28,8.061,55.736,21.2778
30/07/2024 11:54:39.000,21.3774,33.4521,1.27,8.061,55.519,21.2781
30/07/2024 11:55:39.000,21.3772,33.4516,1.27,8.061,55.583,21.2793
30/07/2024 11:56:39.000,21.3765,33.4522,1.28,8.061,55.596,21.2782
30/07/2024 11:57:39.000,21.3778,33.4531,1.28,8.061,55.565,21.2786
30/07/2024 11:58:39.000,21.3759,33.4527,1.28,8.061,55.673,21.2785
30/07/2024 11:59:39.000,21.3756,33.4532,1.28,8.061,55.851,21.2791
30/07/2024 12:00:39.000,21.3750,33.4527,1.28,8.061,55.692,21.2790
30/07/2024 12:01:39.000,21.3735,33.4529,1.27,8.061,55.641,21.2797
30/07/2024 12:02:39.000,21.3723,33.4537,1.28,8.061,55.621,21.2798
30/07/2024 12:03:39.000,21.3711,33.4541,1.28,8.061,55.686,21.2779
30/07/2024 12:04:39.000,21.3706,33.4540,1.28,8.061,55.698,21.2794
30/07/2024 12:05:39.000,21.3715,33.4542,1.28,8.061,55.577,21.2796
30/07/2024 12:06:39.000,21.3709,33.4544,1.28,8.061,55.687,21.2804
30/07/2024 12:07:39.000,21.3706,33.4535,1.28,8.061,55.658,21.2806
30/07/2024 12:08:39.000,21.3701,33.4536,1.28,8.061,55.714,21.2805
30/07/2024 12:09:39.000,21.3697,33.4541,1.27,8.061,55.726,21.2803
30/07/2024 12:10:39.000,21.3697,33.4543,1.28,8.061,55.727,21.2808
30/07/2024 12:11:39.000,21.3697,33.4540,1.27,8.061,55.702,21.2805
30/07/2024 12:12:39.000,21.3697,33.4537,1.28,8.061,55.766,21.2810
30/07/2024 12:13:39.000,21.3685,33.4554,1.28,8.061,55.819,21.2826
30/07/2024 12:14:39.000,21.3688,33.4538,1.28,8.061,55.637,21.2827
30/07/2024 12:15:39.000,21.3701,33.4546,1.28,8.060,55.624,21.2820
30/07/2024 12:16:39.000,21.3706,33.4538,1.28,8.060,55.643,21.2834
30/07/2024 12:17:39.000,21.3688,33.4540,1.28,8.061,55.647,21.2838
30/07/2024 12:18:39.000,21.3681,33.4553,1.28,8.060,55.608,21.2834
30/07/2024 12:19:39.000,21.3687,33.4545,1.28,8.061,55.560,21.2845
30/07/2024 12:20:39.000,21.3686,33.4539,1.28,8.060,55.622,21.2827
30/07/2024 12:21:39.000,21.3676,33.4550,1.28,8.060,55.624,21.2845
30/07/2024 12:22:39.000,21.3680,33.4540,1.27,8.060,55.677,21.2843
30/07/2024 12:23:39.000,21.3704,33.4531,1.28,8.060,55.778,21.2850
30/07/2024 12:24:39.000,21.3681,33.4547,1.27,8.061,55.673,21.2845
30/07/2024 12:25:39.000,21.3685,33.4545,1.28,8.060,55.649,21.2851
30/07/2024 12:26:39.000,21.3674,33.4549,1.27,8.060,55.693,21.2853
30/07/2024 12:27:39.000,21.3685,33.4545,1.28,8.060,55.677,21.2853
30/07/2024 12:28:39.000,21.3686,33.4564,1.27,8.060,55.573,21.2862
30/07/2024 12:29:39.000,21.3698,33.4546,1.28,8.060,55.631,21.2863
30/07/2024 12:30:39.000,21.3702,33.4535,1.28,8.060,55.565,21.2864
30/07/2024 12:31:39.000,21.3706,33.4550,1.27,8.060,55.678,21.2863
30/07/2024 12:32:39.000,21.3699,33.4552,1.28,8.061,55.677,21.2867
30/07/2024 12:33:39.000,21.3693,33.4555,1.27,8.061,55.637,21.2863
30/07/2024 12:34:39.000,21.3692,33.4553,1.27,8.061,55.622,21.2874
30/07/2024 12:35:39.000,21.3702,33.4544,1.27,8.062,55.600,21.2869
30/07/2024 12:36:39.000,21.3689,33.4556,1.27,8.062,55.680,21.2876
30/07/2024 12:37:39.000,21.3676,33.4542,1.28,8.062,55.718,21.2872
30/07/2024 12:38:39.000,21.3657,33.4558,1.28,8.062,55.641,21.2877
30/07/2024 12:39:39.000,21.3672,33.4549,1.27,8.062,55.555,21.2874
30/07/2024 12:40:39.000,21.3662,33.4566,1.27,8.062,55.640,21.2877
30/07/2024 12:41:39.000,21.3659,33.4547,1.27,8.062,55.720,21.2874
30/07/2024 12:42:39.000,21.3661,33.4553,1.27,8.062,55.574,21.2879
30/07/2024 12:43:39.000,21.3655,33.4542,1.27,8.062,55.602,21.2882
30/07/2024 12:44:39.000,21.3660,33.4555,1.28,8.062,55.516,21.2883
30/07/2024 12:45:39.000,21.3661,33.4554,1.28,8.063,55.527,21.2881
30/07/2024 12:46:39.000,21.3656,33.4548,1.27,8.063,55.592,21.2888
30/07/2024 12:47:39.000,21.3657,33.4554,1.28,8.063,55.574,21.2888
30/07/2024 12:48:39.000,21.3649,33.4555,1.27,8.063,55.711,21.2891
30/07/2024 12:49:39.000,21.3658,33.4568,1.27,8.062,55.531,21.2889
30/07/2024 12:50:39.000,21.3675,33.4560,1.27,8.062,55.580,21.2896
30/07/2024 12:51:39.000,21.3667,33.4557,1.29,8.062,55.651,21.2895
30/07/2024 12:52:39.000,21.3667,33.4558,1.29,8.062,55.605,21.2890
30/07/2024 12:53:39.000,21.3672,33.4547,1.27,8.062,55.626,21.2891
30/07/2024 12:54:39.000,21.3667,33.4572,1.27,8.062,55.800,21.2892
30/07/2024 12:55:39.000,21.3671,33.4556,1.27,8.061,55.648,21.2903
30/07/2024 12:56:39.000,21.3670,33.4556,1.28,8.061,55.755,21.2902
30/07/2024 12:57:39.000,21.3668,33.4562,1.27,8.061,55.677,21.2901
30/07/2024 12:58:39.000,21.3661,33.4585,1.28,8.061,55.708,21.2906
30/07/2024 12:59:39.000,21.3680,33.4549,1.27,8.061,55.700,21.2905
30/07/2024 13:00:39.000,21.3671,33.4561,1.28,8.061,55.607,21.2905
30/07/2024 13:01:39.000,21.3661,33.4557,1.27,8.061,55.645,21.2906
30/07/2024 13:02:39.000,21.3665,33.4552,1.28,8.061,55.706,21.2911
30/07/2024 13:03:39.000,21.3666,33.4560,1.28,8.062,55.609,21.2909
30/07/2024 13:04:39.000,21.3672,33.4563,1.28,8.061,55.660,21.2912
30/07/2024 13:05:39.000,21.3678,33.4565,1.28,8.061,55.639,21.2922
30/07/2024 13:06:39.000,21.3684,33.4573,1.27,8.061,55.685,21.2910
30/07/2024 13:07:39.000,21.3712,33.4565,1.28,8.061,55.574,21.2904
30/07/2024 13:08:39.000,21.3726,33.4569,1.28,8.061,55.577,21.2918
30/07/2024 13:09:39.000,21.3744,33.4570,1.28,8.061,55.628,21.2908
30/07/2024 13:10:39.000,21.3771,33.4559,1.28,8.061,55.534,21.2917
30/07/2024 13:11:39.000,21.3794,33.4561,1.28,8.061,55.555,21.2924
30/07/2024 13:12:39.000,21.3803,33.4558,1.27,8.061,55.506,21.2926
30/07/2024 13:13:39.000,21.3818,33.4558,1.27,8.061,55.596,21.2928
30/07/2024 13:14:39.000,21.3828,33.4567,1.27,8.061,55.533,21.2932
30/07/2024 13:15:39.000,21.3839,33.4563,1.28,8.061,55.700,21.2927
30/07/2024 13:16:39.000,21.3844,33.4573,1.27,8.061,55.690,21.2936
30/07/2024 13:17:39.000,21.3821,33.4549,1.27,8.061,55.585,21.2929
30/07/2024 13:18:39.000,21.3787,33.4559,1.28,8.062,55.599,21.2935
30/07/2024 13:19:39.000,21.3773,33.4561,1.28,8.063,55.544,21.2940
30/07/2024 13:20:39.000,21.3781,33.4577,1.27,8.064,55.668,21.2946
30/07/2024 13:21:39.000,21.3781,33.4556,1.28,8.065,55.683,21.2942
30/07/2024 13:22:39.000,21.3783,33.4561,1.27,8.066,55.687,21.2949
30/07/2024 13:23:39.000,21.3784,33.4562,1.28,8.066,55.621,21.2949
30/07/2024 13:24:39.000,21.3784,33.4565,1.28,8.067,55.636,21.2953
30/07/2024 13:25:39.000,21.3787,33.4570,1.28,8.068,55.593,21.2958
30/07/2024 13:26:39.000,21.3790,33.4573,1.27,8.069,55.563,21.2945
30/07/2024 13:27:39.000,21.3779,33.4567,1.28,8.069,55.690,21.2961
30/07/2024 13:28:39.000,21.3775,33.4567,1.28,8.070,55.644,21.2954
30/07/2024 13:29:39.000,21.3777,33.4564,1.27,8.070,55.493,21.2959
30/07/2024 13:30:39.000,21.3778,33.4571,1.28,8.070,55.551,21.2960
30/07/2024 13:31:39.000,21.3787,33.4552,1.27,8.070,55.649,21.2967
30/07/2024 13:32:39.000,21.3776,33.4569,1.27,8.071,55.744,21.2962
30/07/2024 13:33:39.000,21.3784,33.4548,1.27,8.071,55.587,21.2964
30/07/2024 13:34:39.000,21.3767,33.4571,1.27,8.071,55.615,21.2968
30/07/2024 13:35:39.000,21.3761,33.4566,1.28,8.071,55.694,21.2972
30/07/2024 13:36:39.000,21.3762,33.4567,1.27,8.072,55.730,21.2976
30/07/2024 13:37:39.000,21.3768,33.4556,1.27,8.072,55.540,21.2977
30/07/2024 13:38:39.000,21.3761,33.4556,1.27,8.073,55.650,21.2976
30/07/2024 13:39:39.000,21.3758,33.4577,1.27,8.073,55.656,21.2978
30/07/2024 13:40:39.000,21.3765,33.4564,1.27,8.073,55.642,21.2975
30/07/2024 13:41:39.000,21.3761,33.4574,1.27,8.074,55.697,21.2985
30/07/2024 13:42:39.000,21.3770,33.4570,1.28,8.074,55.711,21.2980
30/07/2024 13:43:39.000,21.3771,33.4561,1.28,8.075,55.645,21.2976
30/07/2024 13:44:39.000,21.3767,33.4575,1.27,8.075,55.721,21.2983
30/07/2024 13:45:39.000,21.3758,33.4573,1.28,8.076,55.727,21.2988
30/07/2024 13:46:39.000,21.3753,33.4580,1.28,8.076,55.777,21.2989
30/07/2024 13:47:39.000,21.3756,33.4570,1.28,8.076,55.648,21.2991
30/07/2024 13:48:39.000,21.3758,33.4564,1.27,8.076,55.578,21.2990
30/07/2024 13:49:39.000,21.3753,33.4570,1.28,8.077,55.679,21.2994
30/07/2024 13:50:39.000,21.3757,33.4578,1.28,8.077,55.690,21.2994
30/07/2024 13:51:39.000,21.3760,33.4576,1.28,8.077,55.672,21.2996
30/07/2024 13:52:39.000,21.3773,33.4571,1.28,8.078,55.587,21.2999
30/07/2024 13:53:39.000,21.3771,33.4582,1.28,8.078,55.699,21.2999
30/07/2024 13:54:39.000,21.3764,33.4577,1.27,8.078,55.639,21.2998
30/07/2024 13:55:39.000,21.3758,33.4572,1.27,8.078,55.645,21.3001
30/07/2024 13:56:39.000,21.3758,33.4569,1.28,8.079,55.603,21.3006
30/07/2024 13:57:39.000,21.3759,33.4579,1.27,8.079,55.662,21.3007
30/07/2024 13:58:39.000,21.3763,33.4581,1.27,8.079,55.705,21.3011
30/07/2024 13:59:39.000,21.3772,33.4585,1.28,8.079,55.555,21.3004
30/07/2024 14:00:39.000,21.3775,33.4585,1.27,8.079,55.533,21.3010
30/07/2024 14:01:39.000,21.3773,33.4578,1.27,8.080,55.701,21.3012
30/07/2024 14:02:39.000,21.3782,33.4570,1.27,8.080,55.554,21.3007
30/07/2024 14:03:39.000,21.3787,33.4579,1.27,8.080,55.672,21.3013
30/07/2024 14:04:39.000,21.3781,33.4585,1.27,8.080,55.689,21.2993
30/07/2024 14:05:39.000,21.3781,33.4573,1.27,8.080,55.660,21.3001
30/07/2024 14:06:39.000,21.3778,33.4580,1.27,8.080,55.657,21.2987
30/07/2024 14:07:39.000,21.3767,33.4581,1.28,8.080,55.561,21.2980
30/07/2024 14:08:39.000,21.3755,33.4577,1.27,8.080,55.774,21.2983
30/07/2024 14:09:39.000,21.3757,33.4572,1.27,8.080,55.563,21.2987
30/07/2024 14:10:39.000,21.3755,33.4574,1.27,8.081,55.616,21.2991
30/07/2024 14:11:39.000,21.3745,33.4582,1.27,8.083,55.618,21.2997
30/07/2024 14:12:39.000,21.3759,33.4584,1.27,8.082,55.688,21.2993
30/07/2024 14:13:39.000,21.3759,33.4581,1.28,8.082,55.595,21.2999
30/07/2024 14:14:39.000,21.3758,33.4580,1.27,8.082,55.590,21.2996
30/07/2024 14:15:39.000,21.3771,33.4580,1.27,8.082,55.705,21.2996
30/07/2024 14:16:39.000,21.3780,33.4577,1.27,8.082,55.637,21.2996
30/07/2024 14:17:39.000,21.3787,33.4582,1.27,8.082,55.602,21.3015
30/07/2024 14:18:39.000,21.3777,33.4580,1.28,8.082,55.678,21.3017
30/07/2024 14:19:39.000,21.3779,33.4582,1.27,8.082,55.601,21.3014
30/07/2024 14:20:39.000,21.3794,33.4590,1.27,8.082,55.650,21.3018
30/07/2024 14:21:39.000,21.3827,33.4593,1.27,8.083,55.618,21.3016
30/07/2024 14:22:39.000,21.3850,33.4592,1.27,8.083,55.671,21.3022
30/07/2024 14:23:39.000,21.3882,33.4586,1.27,8.083,55.550,21.3023
30/07/2024 14:24:39.000,21.3909,33.4593,1.28,8.083,55.622,21.3020
30/07/2024 14:25:39.000,21.3943,33.4589,1.27,8.083,55.845,21.3027
30/07/2024 14:26:39.000,21.3953,33.4592,1.27,8.083,55.766,21.3029
30/07/2024 14:27:39.000,21.3966,33.4591,1.28,8.083,55.666,21.3033
30/07/2024 14:28:39.000,21.3988,33.4594,1.28,8.084,55.658,21.3034
30/07/2024 14:29:39.000,21.4008,33.4595,1.27,8.084,55.705,21.3039
30/07/2024 14:30:39.000,21.4021,33.4584,1.27,8.084,55.797,21.3033
30/07/2024 14:31:39.000,21.4030,33.4592,1.27,8.084,55.658,21.3045
30/07/2024 14:32:39.000,21.4050,33.4585,1.27,8.084,55.788,21.3043
30/07/2024 14:33:39.000,21.4057,33.4587,1.27,8.084,55.767,21.3042
30/07/2024 14:34:39.000,21.4065,33.4588,1.28,8.085,55.674,21.3049
30/07/2024 14:35:39.000,21.4085,33.4573,1.27,8.085,55.726,21.3046
30/07/2024 14:36:39.000,21.4096,33.4587,1.27,8.085,55.628,21.3049
30/07/2024 14:37:39.000,21.4104,33.4591,1.28,8.085,55.639,21.3050
30/07/2024 14:38:39.000,21.4114,33.4599,1.27,8.085,55.640,21.3059
30/07/2024 14:39:39.000,21.4120,33.4603,1.27,8.085,55.693,21.3063
30/07/2024 14:40:39.000,21.4133,33.4582,1.27,8.085,55.623,21.3064
30/07/2024 14:41:39.000,21.4135,33.4582,1.27,8.085,55.651,21.3070
30/07/2024 14:42:39.000,21.4146,33.4596,1.27,8.085,55.684,21.3037
30/07/2024 14:43:39.000,21.4151,33.4579,1.27,8.085,55.581,21.3070
30/07/2024 14:44:39.000,21.4156,33.4579,1.27,8.085,55.552,21.3070
30/07/2024 14:45:39.000,21.4144,33.4597,1.27,8.085,55.552,21.3077
30/07/2024 14:46:39.000,21.4146,33.4579,1.28,8.085,55.599,21.3077
30/07/2024 14:47:39.000,21.4131,33.4580,1.27,8.084,55.657,21.3084
30/07/2024 14:48:39.000,21.4136,33.4584,1.27,8.084,55.636,21.3079
30/07/2024 14:49:39.000,21.4130,33.4594,1.28,8.084,55.673,21.3089
30/07/2024 14:50:39.000,21.4117,33.4599,1.27,8.084,55.656,21.3086
30/07/2024 14:51:39.000,21.4115,33.4579,1.27,8.084,55.507,21.3092
30/07/2024 14:52:39.000,21.4105,33.4589,1.27,8.083,55.633,21.3084
30/07/2024 14:53:39.000,21.4094,33.4598,1.27,8.083,55.505,21.3098
30/07/2024 14:54:39.000,21.4090,33.4586,1.27,8.083,55.631,21.3098
30/07/2024 14:55:39.000,21.4070,33.4586,1.28,8.083,55.631,21.3100
30/07/2024 14:56:39.000,21.4076,33.4582,1.27,8.082,55.613,21.3101
30/07/2024 14:57:39.000,21.4062,33.4587,1.27,8.082,55.571,21.3099
30/07/2024 14:58:39.000,21.4043,33.4593,1.27,8.082,55.637,21.3102
30/07/2024 14:59:39.000,21.4066,33.4588,1.27,8.082,55.642,21.3107
30/07/2024 15:00:39.000,21.4068,33.4595,1.27,8.082,55.502,21.3102
30/07/2024 15:01:39.000,21.4074,33.4598,1.27,8.082,55.647,21.3111
30/07/2024 15:02:39.000,21.4074,33.4594,1.27,8.082,55.611,21.3118
30/07/2024 15:03:39.000,21.4067,33.4597,1.27,8.081,55.704,21.3108
30/07/2024 15:04:39.000,21.4062,33.4601,1.27,8.081,55.685,21.3111
30/07/2024 15:05:39.000,21.4066,33.4598,1.28,8.081,55.595,21.3118
30/07/2024 15:06:39.000,21.4070,33.4600,1.27,8.080,55.608,21.3115
30/07/2024 15:07:39.000,21.4075,33.4597,1.28,8.080,55.639,21.3116
30/07/2024 15:08:39.000,21.4074,33.4595,1.27,8.080,55.712,21.3112
30/07/2024 15:09:39.000,21.4064,33.4605,1.27,8.079,55.667,21.3122
30/07/2024 15:10:39.000,21.4075,33.4597,1.28,8.079,55.631,21.3127
30/07/2024 15:11:39.000,21.4075,33.4595,1.27,8.079,55.641,21.3122
30/07/2024 15:12:39.000,21.4075,33.4608,1.27,8.079,55.637,21.3129
30/07/2024 15:13:39.000,21.4077,33.4598,1.27,8.078,55.690,21.3135
30/07/2024 15:14:39.000,21.4077,33.4594,1.27,8.078,55.612,21.3133
30/07/2024 15:15:39.000,21.4084,33.4592,1.28,8.078,55.612,21.3133
30/07/2024 15:16:39.001,21.4088,33.4596,1.28,8.078,55.583,21.3136
30/07/2024 15:17:39.000,21.4079,33.4602,1.27,8.078,55.668,21.3141
30/07/2024 15:18:39.001,21.4088,33.4602,1.27,8.078,55.683,21.3137
30/07/2024 15:19:39.000,21.4095,33.4588,1.27,8.078,55.620,21.3144
30/07/2024 15:20:39.001,21.4083,33.4598,1.28,8.078,55.627,21.3143
30/07/2024 15:21:39.000,21.4092,33.4590,1.28,8.077,55.649,21.3145
30/07/2024 15:22:39.000,21.4091,33.4597,1.27,8.078,55.744,21.3145
30/07/2024 15:23:39.000,21.4087,33.4604,1.27,8.078,55.719,21.3143
30/07/2024 15:24:39.000,21.4097,33.4607,1.27,8.078,55.728,21.3155
30/07/2024 15:25:39.999,21.4102,33.4605,1.27,8.078,55.656,21.3154
30/07/2024 15:26:39.000,21.4100,33.4598,1.27,8.078,55.723,21.3156
30/07/2024 15:27:39.999,21.4110,33.4603,1.27,8.078,55.688,21.3156
30/07/2024 15:28:39.000,21.4110,33.4609,1.27,8.078,55.600,21.3156
30/07/2024 15:29:39.999,21.4114,33.4609,1.27,8.078,55.604,21.3159
30/07/2024 15:30:39.000,21.4114,33.4606,1.28,8.078,55.667,21.3161
30/07/2024 15:31:39.001,21.4115,33.4602,1.27,8.078,55.640,21.3165
30/07/2024 15:32:39.000,21.4122,33.4610,1.28,8.078,55.645,21.3165
30/07/2024 15:33:39.001,21.4127,33.4602,1.27,8.078,55.712,21.3165
30/07/2024 15:34:39.000,21.4135,33.4607,1.27,8.078,55.662,21.3166
30/07/2024 15:35:39.001,21.4134,33.4595,1.27,8.078,55.627,21.3173
30/07/2024 15:36:39.000,21.4129,33.4611,1.27,8.078,55.597,21.3174
30/07/2024 15:37:39.000,21.4131,33.4612,1.28,8.078,55.589,21.3178
30/07/2024 15:38:39.000,21.4133,33.4607,1.28,8.078,55.771,21.3181
30/07/2024 15:39:39.000,21.4109,33.4589,1.27,8.079,55.786,21.3178
30/07/2024 15:40:39.999,21.4075,33.4613,1.28,8.079,55.726,21.3183
30/07/2024 15:41:39.000,21.4098,33.4607,1.28,8.079,55.709,21.3180
30/07/2024 15:42:39.999,21.4099,33.4616,1.27,8.079,55.722,21.3185
30/07/2024 15:43:39.000,21.4119,33.4617,1.27,8.079,55.694,21.3185
30/07/2024 15:44:39.999,21.4132,33.4624,1.27,8.079,55.628,21.3186
30/07/2024 15:45:39.000,21.4137,33.4611,1.27,8.079,55.644,21.3186
30/07/2024 15:46:39.001,21.4144,33.4614,1.27,8.079,55.650,21.3191
30/07/2024 15:47:39.000,21.4146,33.4611,1.27,8.079,55.608,21.3204
30/07/2024 15:48:39.001,21.4147,33.4617,1.27,8.079,55.700,21.3202
30/07/2024 15:49:39.000,21.4164,33.4611,1.27,8.078,55.637,21.3203
30/07/2024 15:50:39.001,21.4164,33.4623,1.27,8.078,55.584,21.3210
30/07/2024 15:51:39.000,21.4179,33.4601,1.27,8.078,55.551,21.3210
30/07/2024 15:52:39.000,21.4184,33.4606,1.27,8.078,55.569,21.3216
30/07/2024 15:53:39.000,21.4176,33.4609,1.27,8.078,55.484,21.3217
30/07/2024 15:54:39.000,21.4186,33.4604,1.27,8.078,55.486,21.3215
30/07/2024 15:55:39.999,21.4179,33.4613,1.27,8.078,55.508,21.3219
30/07/2024 15:56:39.000,21.4179,33.4626,1.27,8.078,55.484,21.3221
30/07/2024 15:57:39.999,21.4181,33.4626,1.27,8.078,55.462,21.3228
30/07/2024 15:58:39.000,21.4174,33.4615,1.28,8.078,55.564,21.3227
30/07/2024 15:59:39.999,21.4175,33.4614,1.27,8.078,55.645,21.3231
30/07/2024 16:00:39.000,21.4151,33.4628,1.27,8.078,55.720,21.3234
30/07/2024 16:01:39.001,21.4175,33.4620,1.28,8.078,55.635,21.3229
30/07/2024 16:02:39.000,21.4168,33.4615,1.27,8.078,55.640,21.3236
30/07/2024 16:03:39.001,21.4143,33.4602,1.28,8.078,55.557,21.3236
30/07/2024 16:04:39.000,21.4120,33.4611,1.28,8.077,55.604,21.3245
30/07/2024 16:05:39.001,21.4121,33.4610,1.27,8.077,55.690,21.3232
30/07/2024 16:06:39.000,21.4131,33.4622,1.27,8.077,55.547,21.3244
30/07/2024 16:07:39.000,21.4163,33.4614,1.27,8.077,55.662,21.3247
30/07/2024 16:08:39.000,21.4179,33.4612,1.27,8.077,55.685,21.3253
30/07/2024 16:09:39.000,21.4191,33.4611,1.27,8.077,55.588,21.3247
30/07/2024 16:10:39.999,21.4197,33.4624,1.28,8.077,55.688,21.3255
30/07/2024 16:11:39.000,21.4209,33.4618,1.27,8.076,55.680,21.3257
30/07/2024 16:12:39.999,21.4209,33.4617,1.27,8.076,55.596,21.3254
30/07/2024 16:13:39.000,21.4203,33.4619,1.28,8.076,55.500,21.3260
30/07/2024 16:14:39.999,21.4204,33.4607,1.28,8.075,55.703,21.3256
30/07/2024 16:15:39.000,21.4199,33.4617,1.27,8.076,55.636,21.3267
30/07/2024 16:16:39.001,21.4186,33.4627,1.27,8.075,55.610,21.3264
30/07/2024 16:17:39.000,21.4185,33.4614,1.28,8.074,55.708,21.3271
30/07/2024 16:18:39.001,21.4198,33.4617,1.28,8.074,55.566,21.3270
30/07/2024 16:19:39.000,21.4192,33.4620,1.27,8.073,55.651,21.3276
30/07/2024 16:20:39.001,21.4193,33.4622,1.29,8.073,55.662,21.3279
30/07/2024 16:21:39.000,21.4200,33.4619,1.28,8.072,55.729,21.3278
30/07/2024 16:22:39.000,21.4207,33.4625,1.28,8.072,55.571,21.3290
30/07/2024 16:23:39.000,21.4219,33.4612,1.28,8.072,55.564,21.3285
30/07/2024 16:24:39.000,21.4225,33.4620,1.27,8.071,55.570,21.3292
30/07/2024 16:25:39.999,21.4222,33.4623,1.28,8.071,55.647,21.3285
30/07/2024 16:26:39.000,21.4219,33.4620,1.28,8.071,55.598,21.3292
30/07/2024 16:27:39.999,21.4225,33.4609,1.28,8.070,55.549,21.3289
30/07/2024 16:28:39.000,21.4229,33.4608,1.28,8.070,55.635,21.3299
30/07/2024 16:29:39.999,21.4210,33.4626,1.27,8.070,55.540,21.3298
30/07/2024 16:30:39.000,21.4219,33.4613,1.28,8.070,55.644,21.3303
30/07/2024 16:31:39.001,21.4211,33.4621,1.28,8.069,55.562,21.3300
30/07/2024 16:32:39.000,21.4229,33.4620,1.28,8.069,55.659,21.3302
30/07/2024 16:33:39.001,21.4227,33.4638,1.28,8.069,55.697,21.3294
30/07/2024 16:34:39.000,21.4242,33.4616,1.27,8.069,55.652,21.3305
30/07/2024 16:35:39.001,21.4235,33.4625,1.27,8.069,55.659,21.3306
30/07/2024 16:36:39.000,21.4239,33.4626,1.27,8.069,55.598,21.3312
30/07/2024 16:37:39.000,21.4247,33.4622,1.27,8.069,55.618,21.3307
30/07/2024 16:38:39.000,21.4246,33.4619,1.28,8.070,55.536,21.3317
30/07/2024 16:39:39.000,21.4230,33.4618,1.28,8.070,55.527,21.3316
30/07/2024 16:40:39.999,21.4233,33.4630,1.28,8.069,55.598,21.3321
30/07/2024 16:41:39.000,21.4242,33.4623,1.27,8.069,55.633,21.3322
30/07/2024 16:42:39.999,21.4243,33.4614,1.28,8.069,55.574,21.3322
30/07/2024 16:43:39.000,21.4235,33.4635,1.28,8.069,55.635,21.3327
30/07/2024 16:44:39.999,21.4242,33.4622,1.27,8.069,55.584,21.3330
30/07/2024 16:45:39.000,21.4243,33.4626,1.28,8.069,55.516,21.3324
30/07/2024 16:46:39.001,21.4242,33.4628,1.28,8.070,55.599,21.3329
30/07/2024 16:47:39.000,21.4247,33.4630,1.28,8.070,55.596,21.3329
30/07/2024 16:48:39.001,21.4257,33.4616,1.28,8.070,55.708,21.3334
30/07/2024 16:49:39.000,21.4249,33.4634,1.27,8.070,55.552,21.3336
30/07/2024 16:50:39.001,21.4258,33.4617,1.27,8.070,55.518,21.3337
30/07/2024 16:51:39.000,21.4251,33.4628,1.27,8.071,55.451,21.3339
30/07/2024 16:52:39.000,21.4251,33.4621,1.28,8.071,55.482,21.3330
30/07/2024 16:53:39.000,21.4247,33.4638,1.27,8.071,55.501,21.3339
30/07/2024 16:54:39.000,21.4239,33.4631,1.28,8.072,55.517,21.3343
30/07/2024 16:55:39.999,21.4249,33.4641,1.28,8.072,55.594,21.3345
30/07/2024 16:56:39.000,21.4248,33.4635,1.27,8.073,55.560,21.3348
30/07/2024 16:57:39.999,21.4253,33.4628,1.28,8.073,55.597,21.3343
30/07/2024 16:58:39.000,21.4248,33.4625,1.27,8.074,55.571,21.3349
30/07/2024 16:59:39.999,21.4261,33.4626,1.27,8.074,55.627,21.3359
30/07/2024 17:00:39.000,21.4254,33.4630,1.27,8.075,55.642,21.3352
30/07/2024 17:01:39.001,21.4243,33.4627,1.28,8.075,55.676,21.3361
30/07/2024 17:02:39.000,21.4231,33.4634,1.27,8.075,55.542,21.3358
30/07/2024 17:03:39.001,21.4233,33.4635,1.27,8.075,55.623,21.3366
30/07/2024 17:04:39.000,21.4237,33.4640,1.28,8.075,55.460,21.3359
30/07/2024 17:05:39.001,21.4248,33.4634,1.27,8.074,55.594,21.3364
30/07/2024 17:06:39.000,21.4241,33.4630,1.27,8.074,55.651,21.3343
30/07/2024 17:07:39.000,21.4233,33.4632,1.27,8.074,55.687,21.3342
30/07/2024 17:08:39.000,21.4227,33.4647,1.28,8.074,55.597,21.3346
30/07/2024 17:09:39.000,21.4234,33.4641,1.27,8.073,55.613,21.3341
30/07/2024 17:10:39.999,21.4234,33.4635,1.28,8.073,55.630,21.3351
30/07/2024 17:11:39.000,21.4228,33.4630,1.28,8.073,55.609,21.3350
30/07/2024 17:12:39.999,21.4223,33.4648,1.28,8.073,55.590,21.3353
30/07/2024 17:13:39.000,21.4230,33.4630,1.28,8.073,55.589,21.3356
30/07/2024 17:14:39.999,21.4234,33.4639,1.27,8.072,55.608,21.3359
30/07/2024 17:15:39.000,21.4221,33.4651,1.28,8.072,55.581,21.3357
30/07/2024 17:16:39.001,21.4228,33.4636,1.27,8.072,55.636,21.3358
30/07/2024 17:17:39.000,21.4215,33.4645,1.27,8.072,55.752,21.3384
30/07/2024 17:18:39.001,21.4229,33.4638,1.27,8.072,55.573,21.3382
30/07/2024 17:19:39.000,21.4226,33.4640,1.27,8.072,55.598,21.3385
30/07/2024 17:20:39.001,21.4192,33.4632,1.28,8.074,55.607,21.3392
30/07/2024 17:21:39.000,21.4174,33.4631,1.27,8.074,55.710,21.3391
30/07/2024 17:22:39.000,21.4173,33.4632,1.27,8.074,55.601,21.3385
30/07/2024 17:23:39.000,21.4175,33.4638,1.28,8.074,55.651,21.3386
30/07/2024 17:24:39.000,21.4189,33.4638,1.27,8.074,55.665,21.3390
30/07/2024 17:25:39.999,21.4198,33.4637,1.28,8.074,55.529,21.3393
30/07/2024 17:26:39.000,21.4195,33.4646,1.28,8.074,55.711,21.3390
30/07/2024 17:27:39.999,21.4206,33.4641,1.28,8.074,55.629,21.3390
30/07/2024 17:28:39.000,21.4224,33.4640,1.28,8.074,55.507,21.3400
30/07/2024 17:29:39.999,21.4226,33.4641,1.28,8.073,55.588,21.3401
30/07/2024 17:30:39.000,21.4228,33.4638,1.28,8.073,55.630,21.3405
30/07/2024 17:31:39.001,21.4227,33.4638,1.28,8.073,55.591,21.3401
30/07/2024 17:32:39.000,21.4223,33.4650,1.27,8.073,55.575,21.3400
30/07/2024 17:33:39.001,21.4223,33.4637,1.28,8.073,55.589,21.3401
30/07/2024 17:34:39.000,21.4216,33.4647,1.28,8.072,55.683,21.3402
30/07/2024 17:35:39.001,21.4211,33.4661,1.28,8.072,55.608,21.3405
30/07/2024 17:36:39.000,21.4212,33.4646,1.28,8.072,55.666,21.3406
30/07/2024 17:37:39.000,21.4217,33.4637,1.28,8.071,55.620,21.3410
30/07/2024 17:38:39.000,21.4195,33.4662,1.28,8.071,55.674,21.3402
30/07/2024 17:39:39.000,21.4195,33.4668,1.28,8.071,55.660,21.3407
30/07/2024 17:40:39.999,21.4218,33.4628,1.28,8.071,55.608,21.3412
30/07/2024 17:41:39.000,21.4211,33.4644,1.27,8.071,55.631,21.3410
30/07/2024 17:42:39.999,21.4210,33.4659,1.27,8.071,55.588,21.3412
30/07/2024 17:43:39.000,21.4207,33.4650,1.28,8.071,55.501,21.3404
30/07/2024 17:44:39.999,21.4200,33.4651,1.28,8.071,55.614,21.3415
30/07/2024 17:45:39.000,21.4199,33.4656,1.27,8.070,55.753,21.3413
30/07/2024 17:46:39.001,21.4203,33.4642,1.27,8.071,55.586,21.3417
30/07/2024 17:47:39.000,21.4206,33.4648,1.27,8.071,55.579,21.3420
30/07/2024 17:48:39.001,21.4213,33.4655,1.28,8.070,55.697,21.3421
30/07/2024 17:49:39.000,21.4205,33.4653,1.27,8.070,55.673,21.3423
30/07/2024 17:50:39.001,21.4208,33.4654,1.28,8.070,55.719,21.3429
30/07/2024 17:51:39.000,21.4206,33.4656,1.28,8.070,55.652,21.3417
30/07/2024 17:52:39.000,21.4203,33.4659,1.27,8.070,55.545,21.3428
30/07/2024 17:53:39.000,21.4199,33.4667,1.28,8.070,55.561,21.3425
30/07/2024 17:54:39.000,21.4195,33.4643,1.27,8.070,55.552,21.3433
30/07/2024 17:55:39.999,21.4204,33.4648,1.27,8.070,55.727,21.3435
30/07/2024 17:56:39.000,21.4200,33.4658,1.28,8.070,55.656,21.3430
30/07/2024 17:57:39.999,21.4197,33.4664,1.27,8.070,55.688,21.3430
30/07/2024 17:58:39.000,21.4197,33.4656,1.27,8.070,55.608,21.3434
30/07/2024 17:59:39.999,21.4209,33.4664,1.27,8.071,55.675,21.3421
30/07/2024 18:00:39.000,21.4203,33.4658,1.28,8.071,55.580,21.3437
30/07/2024 18:01:39.001,21.4200,33.4656,1.28,8.071,55.608,21.3441
30/07/2024 18:02:39.000,21.4211,33.4649,1.27,8.071,55.535,21.3435
30/07/2024 18:03:39.001,21.4206,33.4654,1.27,8.070,55.619,21.3435
30/07/2024 18:04:39.000,21.4202,33.4660,1.28,8.070,55.512,21.3437
30/07/2024 18:05:39.001,21.4210,33.4668,1.27,8.070,55.611,21.3444
30/07/2024 18:06:39.000,21.4213,33.4653,1.27,8.070,55.684,21.3431
30/07/2024 18:07:39.000,21.4205,33.4662,1.27,8.070,55.720,21.3443
30/07/2024 18:08:39.000,21.4195,33.4664,1.27,8.070,55.633,21.3447
30/07/2024 18:09:39.000,21.4199,33.4663,1.27,8.070,55.636,21.3448
30/07/2024 18:10:39.999,21.4200,33.4658,1.27,8.070,55.611,21.3445
30/07/2024 18:11:39.000,21.4193,33.4659,1.27,8.070,55.739,21.3446
30/07/2024 18:12:39.999,21.4200,33.4672,1.27,8.070,55.610,21.3449
30/07/2024 18:13:39.000,21.4198,33.4664,1.28,8.070,55.657,21.3448
30/07/2024 18:14:39.999,21.4191,33.4669,1.27,8.070,55.638,21.3446
30/07/2024 18:15:39.000,21.4201,33.4657,1.29,8.069,55.665,21.3454
30/07/2024 18:16:39.001,21.4194,33.4650,1.28,8.069,55.759,21.3452
30/07/2024 18:17:39.000,21.4193,33.4667,1.27,8.069,55.665,21.3456
30/07/2024 18:18:39.001,21.4194,33.4663,1.28,8.069,55.707,21.3456
30/07/2024 18:19:39.000,21.4194,33.4675,1.28,8.069,55.620,21.3456
30/07/2024 18:20:39.001,21.4204,33.4664,1.28,8.070,55.773,21.3457
30/07/2024 18:21:39.000,21.4211,33.4656,1.27,8.069,55.744,21.3457
30/07/2024 18:22:39.000,21.4205,33.4662,1.28,8.069,55.715,21.3462
30/07/2024 18:23:39.000,21.4201,33.4671,1.28,8.069,55.760,21.3457
30/07/2024 18:24:39.000,21.4198,33.4664,1.27,8.069,55.717,21.3457
30/07/2024 18:25:39.999,21.4193,33.4680,1.28,8.069,55.642,21.3468
30/07/2024 18:26:39.000,21.4193,33.4661,1.28,8.069,55.726,21.3468
30/07/2024 18:27:39.999,21.4189,33.4670,1.27,8.069,55.646,21.3464
30/07/2024 18:28:39.000,21.4190,33.4670,1.28,8.069,55.551,21.3467
30/07/2024 18:29:39.999,21.4201,33.4668,1.28,8.069,55.559,21.3465
30/07/2024 18:30:39.000,21.4197,33.4661,1.27,8.069,55.573,21.3473
30/07/2024 18:31:39.001,21.4198,33.4664,1.27,8.069,55.514,21.3469
30/07/2024 18:32:39.000,21.4197,33.4681,1.27,8.069,55.582,21.3465
30/07/2024 18:33:39.001,21.4197,33.4684,1.28,8.069,55.531,21.3469
30/07/2024 18:34:39.000,21.4211,33.4677,1.28,8.069,55.599,21.3471
30/07/2024 18:35:39.001,21.4241,33.4663,1.28,8.069,55.733,21.3471
30/07/2024 18:36:39.000,21.4245,33.4681,1.28,8.069,55.650,21.3474
30/07/2024 18:37:39.000,21.4264,33.4681,1.28,8.069,55.629,21.3478
30/07/2024 18:38:39.000,21.4293,33.4678,1.28,8.069,55.664,21.3477
30/07/2024 18:39:39.000,21.4319,33.4682,1.28,8.069,55.735,21.3481
30/07/2024 18:40:39.999,21.4343,33.4676,1.28,8.069,55.665,21.3486
30/07/2024 18:41:39.000,21.4362,33.4674,1.28,8.069,55.710,21.3481
30/07/2024 18:42:39.999,21.4375,33.4679,1.28,8.069,55.552,21.3488
30/07/2024 18:43:39.000,21.4380,33.4681,1.28,8.069,55.644,21.3489
30/07/2024 18:44:39.999,21.4392,33.4676,1.28,8.069,55.577,21.3490
30/07/2024 18:45:39.000,21.4399,33.4671,1.27,8.069,55.664,21.3491
30/07/2024 18:46:39.001,21.4416,33.4676,1.28,8.069,55.536,21.3501
30/07/2024 18:47:39.000,21.4411,33.4651,1.28,8.069,55.557,21.3498
30/07/2024 18:48:39.001,21.4377,33.4670,1.28,8.069,55.596,21.3503
30/07/2024 18:49:39.000,21.4375,33.4663,1.28,8.069,55.545,21.3504
30/07/2024 18:50:39.001,21.4398,33.4686,1.28,8.070,55.532,21.3507
30/07/2024 18:51:39.000,21.4411,33.4674,1.28,8.071,55.656,21.3507
30/07/2024 18:52:39.000,21.4423,33.4681,1.28,8.070,55.457,21.3504
30/07/2024 18:53:39.000,21.4432,33.4682,1.28,8.070,55.561,21.3510
30/07/2024 18:54:39.000,21.4453,33.4675,1.28,8.071,55.532,21.3520
30/07/2024 18:55:39.999,21.4461,33.4676,1.28,8.071,55.686,21.3519
30/07/2024 18:56:39.000,21.4466,33.4679,1.28,8.071,55.582,21.3514
30/07/2024 18:57:39.999,21.4481,33.4671,1.28,8.072,55.624,21.3523
30/07/2024 18:58:39.000,21.4486,33.4677,1.28,8.072,55.551,21.3511
30/07/2024 18:59:39.999,21.4495,33.4678,1.28,8.072,55.553,21.3518
30/07/2024 19:00:39.000,21.4503,33.4673,1.28,8.073,55.659,21.3522
30/07/2024 19:01:39.001,21.4502,33.4678,1.28,8.073,55.568,21.3523
30/07/2024 19:02:39.000,21.4503,33.4665,1.28,8.073,55.600,21.3523
30/07/2024 19:03:39.001,21.4480,33.4669,1.28,8.073,55.535,21.3525
30/07/2024 19:04:39.000,21.4464,33.4673,1.28,8.073,55.526,21.3528
30/07/2024 19:05:39.001,21.4450,33.4677,1.28,8.073,55.592,21.3524
30/07/2024 19:06:39.000,21.4439,33.4669,1.28,8.073,55.640,21.3535
30/07/2024 19:07:39.000,21.4422,33.4681,1.28,8.073,55.500,21.3535
30/07/2024 19:08:39.000,21.4413,33.4675,1.28,8.074,55.599,21.3536
30/07/2024 19:09:39.000,21.4393,33.4672,1.28,8.074,55.518,21.3530
30/07/2024 19:10:39.999,21.4394,33.4672,1.28,8.074,55.390,21.3539
30/07/2024 19:11:39.000,21.4388,33.4668,1.28,8.074,55.597,21.3538
30/07/2024 19:12:39.999,21.4372,33.4674,1.28,8.074,55.596,21.3540
30/07/2024 19:13:39.000,21.4364,33.4684,1.28,8.074,55.533,21.3536
30/07/2024 19:14:39.999,21.4360,33.4669,1.28,8.074,55.649,21.3539
30/07/2024 19:15:39.000,21.4354,33.4683,1.28,8.074,55.586,21.3545
30/07/2024 19:16:39.999,21.4341,33.4690,1.28,8.074,55.665,21.3543
30/07/2024 19:17:39.002,21.4325,33.4684,1.28,8.074,55.497,21.3546
30/07/2024 19:18:39.001,21.4312,33.4683,1.28,8.075,55.618,21.3551
30/07/2024 19:19:39.000,21.4315,33.4692,1.28,8.074,55.520,21.3551
30/07/2024 19:20:39.999,21.4307,33.4693,1.28,8.074,55.509,21.3551
30/07/2024 19:21:39.001,21.4303,33.4677,1.28,8.074,55.589,21.3549
30/07/2024 19:22:39.000,21.4294,33.4689,1.28,8.074,55.560,21.3559
30/07/2024 19:23:39.000,21.4290,33.4680,1.28,8.074,55.596,21.3558
30/07/2024 19:24:39.999,21.4284,33.4681,1.28,8.074,55.552,21.3554
30/07/2024 19:25:39.001,21.4295,33.4684,1.28,8.073,55.612,21.3552
30/07/2024 19:26:39.000,21.4289,33.4691,1.28,8.073,55.605,21.3558
30/07/2024 19:27:39.999,21.4279,33.4694,1.28,8.073,55.584,21.3550
30/07/2024 19:28:39.998,21.4279,33.4686,1.28,8.073,55.633,21.3553
30/07/2024 19:29:39.001,21.4258,33.4688,1.28,8.073,55.578,21.3562
30/07/2024 19:30:39.000,21.4246,33.4692,1.29,8.072,55.571,21.3550
30/07/2024 19:31:39.999,21.4231,33.4692,1.28,8.072,55.699,21.3554
30/07/2024 19:32:39.002,21.4234,33.4692,1.28,8.072,55.536,21.3556
30/07/2024 19:33:39.001,21.4230,33.4696,1.28,8.072,55.488,21.3559
30/07/2024 19:34:39.000,21.4227,33.4696,1.28,8.071,55.617,21.3559
30/07/2024 19:35:39.999,21.4226,33.4699,1.29,8.071,55.609,21.3553
30/07/2024 19:36:39.001,21.4231,33.4700,1.29,8.071,55.630,21.3555
30/07/2024 19:37:39.000,21.4221,33.4701,1.28,8.071,55.646,21.3564
30/07/2024 19:38:39.000,21.4219,33.4696,1.28,8.071,55.501,21.3560
30/07/2024 19:39:39.999,21.4221,33.4693,1.28,8.070,55.629,21.3563
30/07/2024 19:40:39.001,21.4209,33.4689,1.28,8.070,55.635,21.3561
30/07/2024 19:41:39.000,21.4208,33.4692,1.28,8.070,55.573,21.3562
30/07/2024 19:42:39.999,21.4203,33.4702,1.28,8.070,55.533,21.3558
30/07/2024 19:43:39.998,21.4204,33.4701,1.28,8.070,55.643,21.3562
30/07/2024 19:44:39.001,21.4215,33.4693,1.28,8.069,55.588,21.3562
30/07/2024 19:45:39.000,21.4214,33.4709,1.28,8.070,55.558,21.3563
30/07/2024 19:46:39.999,21.4224,33.4678,1.27,8.069,55.592,21.3558
30/07/2024 19:47:39.002,21.4220,33.4703,1.28,8.069,55.580,21.3568
30/07/2024 19:48:39.001,21.4232,33.4690,1.28,8.069,55.659,21.3564
30/07/2024 19:49:39.000,21.4222,33.4721,1.28,8.071,55.565,21.3567
30/07/2024 19:50:39.999,21.4253,33.4708,1.29,8.071,55.589,21.3569
30/07/2024 19:51:39.001,21.4277,33.4711,1.29,8.071,55.528,21.3566
30/07/2024 19:52:39.000,21.4310,33.4707,1.28,8.071,55.564,21.3567
30/07/2024 19:53:39.000,21.4329,33.4703,1.28,8.072,55.629,21.3570
30/07/2024 19:54:39.999,21.4349,33.4701,1.29,8.072,55.645,21.3570
30/07/2024 19:55:39.001,21.4373,33.4705,1.28,8.072,55.479,21.3568
30/07/2024 19:56:39.000,21.4380,33.4701,1.28,8.072,55.414,21.3571
30/07/2024 19:57:39.999,21.4391,33.4698,1.28,8.072,55.444,21.3574
30/07/2024 19:58:39.998,21.4385,33.4702,1.28,8.072,55.685,21.3562
30/07/2024 19:59:39.001,21.4393,33.4702,1.28,8.073,55.451,21.3578
30/07/2024 20:00:39.000,21.4398,33.4707,1.28,8.073,55.580,21.3562
30/07/2024 20:01:39.999,21.4402,33.4710,1.28,8.073,55.699,21.3575
30/07/2024 20:02:39.002,21.4420,33.4708,1.28,8.073,55.687,21.3579
30/07/2024 20:03:39.001,21.4417,33.4705,1.28,8.073,55.685,21.3576
30/07/2024 20:04:39.000,21.4419,33.4705,1.28,8.073,55.558,21.3581
30/07/2024 20:05:39.999,21.4419,33.4711,1.28,8.073,55.668,21.3580
30/07/2024 20:06:39.001,21.4433,33.4708,1.28,8.073,55.620,21.3561
30/07/2024 20:07:39.000,21.4427,33.4702,1.28,8.072,55.641,21.3554
30/07/2024 20:08:39.000,21.4437,33.4722,1.28,8.072,55.767,21.3565
30/07/2024 20:09:39.999,21.4446,33.4711,1.28,8.072,55.645,21.3566
30/07/2024 20:10:39.001,21.4449,33.4705,1.28,8.072,55.702,21.3563
30/07/2024 20:11:39.000,21.4460,33.4713,1.28,8.072,55.614,21.3570
30/07/2024 20:12:39.999,21.4464,33.4719,1.28,8.072,55.591,21.3567
30/07/2024 20:13:39.998,21.4464,33.4702,1.28,8.072,55.646,21.3570
30/07/2024 20:14:39.001,21.4464,33.4705,1.28,8.072,55.660,21.3570
30/07/2024 20:15:39.000,21.4467,33.4708,1.28,8.072,55.630,21.3575
30/07/2024 20:16:39.999,21.4458,33.4699,1.28,8.072,55.685,21.3572
30/07/2024 20:17:39.002,21.4456,33.4699,1.28,8.072,55.679,21.3599
30/07/2024 20:18:39.001,21.4429,33.4699,1.29,8.072,55.630,21.3587
30/07/2024 20:19:39.000,21.4407,33.4704,1.29,8.072,55.763,21.3588
30/07/2024 20:20:39.999,21.4404,33.4696,1.29,8.072,55.614,21.3591
30/07/2024 20:21:39.001,21.4382,33.4698,1.28,8.072,55.622,21.3595
30/07/2024 20:22:39.000,21.4358,33.4713,1.28,8.072,55.657,21.3592
30/07/2024 20:23:39.000,21.4349,33.4711,1.28,8.072,55.557,21.3595
30/07/2024 20:24:39.999,21.4343,33.4703,1.29,8.072,55.567,21.3601
30/07/2024 20:25:39.001,21.4344,33.4707,1.28,8.072,55.600,21.3600
30/07/2024 20:26:39.000,21.4339,33.4711,1.29,8.072,55.654,21.3603
30/07/2024 20:27:39.999,21.4333,33.4704,1.28,8.072,55.720,21.3600
30/07/2024 20:28:39.998,21.4329,33.4716,1.29,8.072,55.629,21.3603
30/07/2024 20:29:39.001,21.4324,33.4722,1.28,8.073,55.625,21.3599
30/07/2024 20:30:39.000,21.4326,33.4704,1.29,8.073,55.620,21.3600
30/07/2024 20:31:39.999,21.4321,33.4708,1.28,8.073,55.652,21.3609
30/07/2024 20:32:39.002,21.4318,33.4718,1.29,8.073,55.653,21.3602
30/07/2024 20:33:39.001,21.4317,33.4706,1.28,8.074,55.622,21.3604
30/07/2024 20:34:39.000,21.4319,33.4718,1.28,8.074,55.681,21.3612
30/07/2024 20:35:39.999,21.4327,33.4709,1.29,8.074,55.660,21.3608
30/07/2024 20:36:39.001,21.4324,33.4719,1.28,8.074,55.630,21.3613
30/07/2024 20:37:39.000,21.4330,33.4711,1.28,8.074,55.564,21.3612
30/07/2024 20:38:39.000,21.4327,33.4722,1.28,8.075,55.641,21.3601
30/07/2024 20:39:39.999,21.4325,33.4695,1.28,8.075,55.615,21.3614
30/07/2024 20:40:39.001,21.4298,33.4706,1.28,8.075,55.648,21.3610
30/07/2024 20:41:39.000,21.4284,33.4721,1.29,8.075,55.493,21.3617
30/07/2024 20:42:39.999,21.4277,33.4715,1.29,8.075,55.526,21.3616
30/07/2024 20:43:39.998,21.4288,33.4714,1.29,8.075,55.708,21.3619
30/07/2024 20:44:39.001,21.4304,33.4718,1.29,8.075,55.648,21.3616
30/07/2024 20:45:39.000,21.4313,33.4722,1.28,8.075,55.717,21.3614
30/07/2024 20:46:39.999,21.4315,33.4712,1.29,8.075,55.559,21.3615
30/07/2024 20:47:39.002,21.4315,33.4707,1.29,8.076,55.631,21.3620
30/07/2024 20:48:39.001,21.4297,33.4730,1.29,8.076,55.713,21.3623
30/07/2024 20:49:39.000,21.4299,33.4719,1.29,8.076,55.692,21.3624
30/07/2024 20:50:39.999,21.4304,33.4722,1.29,8.076,55.600,21.3624
30/07/2024 20:51:39.001,21.4313,33.4711,1.29,8.076,55.541,21.3630
30/07/2024 20:52:39.000,21.4311,33.4720,1.29,8.076,55.772,21.3625
30/07/2024 20:53:39.000,21.4302,33.4719,1.28,8.076,55.656,21.3625
30/07/2024 20:54:39.999,21.4299,33.4713,1.29,8.076,55.529,21.3626
30/07/2024 20:55:39.001,21.4306,33.4715,1.28,8.076,55.581,21.3631
30/07/2024 20:56:39.000,21.4302,33.4728,1.29,8.076,55.620,21.3630
30/07/2024 20:57:39.999,21.4309,33.4705,1.28,8.076,55.680,21.3631
30/07/2024 20:58:39.998,21.4294,33.4720,1.28,8.076,55.615,21.3636
30/07/2024 20:59:39.001,21.4293,33.4724,1.28,8.076,55.544,21.3630
30/07/2024 21:00:39.000,21.4283,33.4723,1.28,8.076,55.561,21.3638
30/07/2024 21:01:39.999,21.4289,33.4727,1.29,8.076,55.646,21.3632
30/07/2024 21:02:39.002,21.4309,33.4725,1.29,8.076,55.603,21.3637
30/07/2024 21:03:39.001,21.4310,33.4721,1.29,8.076,55.561,21.3637
30/07/2024 21:04:39.000,21.4320,33.4735,1.29,8.076,55.594,21.3639
30/07/2024 21:05:39.999,21.4343,33.4730,1.29,8.076,55.498,21.3626
30/07/2024 21:06:39.001,21.4363,33.4735,1.29,8.076,55.525,21.3644
30/07/2024 21:07:39.000,21.4378,33.4727,1.29,8.076,55.665,21.3642
30/07/2024 21:08:39.000,21.4399,33.4727,1.28,8.076,55.630,21.3634
30/07/2024 21:09:39.999,21.4394,33.4719,1.28,8.076,55.566,21.3646
30/07/2024 21:10:39.001,21.4389,33.4724,1.28,8.076,55.587,21.3637
30/07/2024 21:11:39.000,21.4385,33.4722,1.28,8.076,55.723,21.3646
30/07/2024 21:12:39.999,21.4400,33.4715,1.27,8.076,55.650,21.3645
30/07/2024 21:13:39.998,21.4411,33.4726,1.28,8.076,55.722,21.3645
30/07/2024 21:14:39.001,21.4420,33.4725,1.28,8.077,55.652,21.3649
30/07/2024 21:15:39.000,21.4442,33.4737,1.28,8.077,55.713,21.3652
30/07/2024 21:16:39.999,21.4457,33.4730,1.28,8.077,55.688,21.3654
30/07/2024 21:17:39.002,21.4474,33.4732,1.28,8.077,55.585,21.3663
30/07/2024 21:18:39.001,21.4483,33.4734,1.27,8.077,55.706,21.3662
30/07/2024 21:19:39.000,21.4485,33.4720,1.28,8.077,55.591,21.3665
30/07/2024 21:20:39.999,21.4483,33.4721,1.28,8.077,55.645,21.3666
30/07/2024 21:21:39.001,21.4452,33.4734,1.28,8.077,55.701,21.3664
30/07/2024 21:22:39.000,21.4432,33.4729,1.28,8.077,55.661,21.3669
30/07/2024 21:23:39.000,21.4417,33.4720,1.28,8.077,55.659,21.3670
30/07/2024 21:24:39.999,21.4393,33.4720,1.28,8.077,55.747,21.3663
30/07/2024 21:25:39.001,21.4379,33.4734,1.28,8.077,55.751,21.3669
30/07/2024 21:26:39.000,21.4378,33.4738,1.28,8.077,55.725,21.3670
30/07/2024 21:27:39.999,21.4368,33.4732,1.29,8.076,55.729,21.3666
30/07/2024 21:28:39.998,21.4361,33.4724,1.28,8.076,55.846,21.3668
30/07/2024 21:29:39.001,21.4365,33.4727,1.28,8.076,55.723,21.3672
30/07/2024 21:30:39.000,21.4363,33.4732,1.29,8.076,55.663,21.3669
30/07/2024 21:31:39.999,21.4355,33.4731,1.28,8.075,55.672,21.3675
30/07/2024 21:32:39.002,21.4350,33.4722,1.29,8.075,55.687,21.3674
30/07/2024 21:33:39.001,21.4337,33.4728,1.28,8.075,55.707,21.3665
30/07/2024 21:34:39.000,21.4324,33.4740,1.28,8.074,55.628,21.3671
30/07/2024 21:35:39.999,21.4320,33.4733,1.28,8.074,55.681,21.3672
30/07/2024 21:36:39.001,21.4309,33.4725,1.28,8.074,55.585,21.3678
30/07/2024 21:37:39.000,21.4315,33.4743,1.28,8.073,55.636,21.3678
30/07/2024 21:38:39.000,21.4312,33.4728,1.28,8.073,55.744,21.3676
30/07/2024 21:39:39.999,21.4308,33.4721,1.28,8.073,55.727,21.3677
30/07/2024 21:40:39.001,21.4296,33.4738,1.28,8.072,55.676,21.3679
30/07/2024 21:41:39.000,21.4295,33.4734,1.28,8.072,55.748,21.3678
30/07/2024 21:42:39.999,21.4293,33.4733,1.29,8.072,55.738,21.3680
30/07/2024 21:43:39.998,21.4295,33.4728,1.28,8.071,55.792,21.3683
30/07/2024 21:44:39.001,21.4294,33.4743,1.28,8.071,55.704,21.3677
30/07/2024 21:45:39.000,21.4332,33.4744,1.28,8.071,55.678,21.3684
30/07/2024 21:46:39.999,21.4345,33.4749,1.28,8.071,55.666,21.3687
30/07/2024 21:47:39.002,21.4360,33.4734,1.28,8.071,55.679,21.3677
30/07/2024 21:48:39.001,21.4374,33.4750,1.28,8.071,55.712,21.3682
30/07/2024 21:49:39.000,21.4405,33.4756,1.28,8.070,55.750,21.3688
30/07/2024 21:50:39.999,21.4417,33.4732,1.29,8.070,55.659,21.3691
30/07/2024 21:51:39.001,21.4422,33.4740,1.28,8.070,55.695,21.3691
30/07/2024 21:52:39.000,21.4431,33.4746,1.28,8.070,55.704,21.3689
30/07/2024 21:53:39.000,21.4431,33.4745,1.28,8.069,55.657,21.3696
30/07/2024 21:54:39.999,21.4457,33.4731,1.28,8.069,55.569,21.3698
30/07/2024 21:55:39.001,21.4452,33.4747,1.28,8.069,55.625,21.3697
30/07/2024 21:56:39.000,21.4459,33.4735,1.28,8.069,55.598,21.3694
30/07/2024 21:57:39.999,21.4462,33.4751,1.28,8.069,55.624,21.3696
30/07/2024 21:58:39.998,21.4458,33.4746,1.28,8.068,55.731,21.3698
30/07/2024 21:59:39.001,21.4461,33.4746,1.28,8.068,55.670,21.3698
30/07/2024 22:00:39.000,21.4480,33.4746,1.28,8.068,55.723,21.3707
30/07/2024 22:01:39.999,21.4481,33.4742,1.29,8.068,55.733,21.3700
30/07/2024 22:02:39.002,21.4488,33.4742,1.28,8.068,55.644,21.3710
30/07/2024 22:03:39.001,21.4494,33.4741,1.28,8.067,55.774,21.3705
30/07/2024 22:04:39.000,21.4495,33.4745,1.28,8.067,55.687,21.3706
30/07/2024 22:05:39.999,21.4510,33.4750,1.28,8.067,55.767,21.3716
30/07/2024 22:06:39.001,21.4520,33.4733,1.28,8.067,55.683,21.3713
30/07/2024 22:07:39.000,21.4521,33.4744,1.28,8.067,55.762,21.3713
30/07/2024 22:08:39.000,21.4528,33.4736,1.28,8.067,55.622,21.3716
30/07/2024 22:09:39.999,21.4528,33.4742,1.28,8.067,55.799,21.3717
30/07/2024 22:10:39.001,21.4529,33.4740,1.28,8.067,55.727,21.3721
30/07/2024 22:11:39.000,21.4527,33.4748,1.28,8.067,55.707,21.3718
30/07/2024 22:12:39.999,21.4539,33.4753,1.28,8.066,55.568,21.3723
30/07/2024 22:13:39.998,21.4541,33.4738,1.28,8.066,55.587,21.3723
30/07/2024 22:14:39.001,21.4558,33.4752,1.28,8.066,55.671,21.3723
30/07/2024 22:15:39.000,21.4538,33.4733,1.28,8.066,55.594,21.3729
30/07/2024 22:16:39.999,21.4521,33.4731,1.28,8.066,55.672,21.3729
30/07/2024 22:17:39.002,21.4488,33.4745,1.28,8.066,55.663,21.3728
30/07/2024 22:18:39.001,21.4473,33.4728,1.28,8.066,55.669,21.3726
30/07/2024 22:19:39.000,21.4454,33.4734,1.28,8.066,55.784,21.3728
30/07/2024 22:20:39.999,21.4438,33.4743,1.28,8.066,55.691,21.3725
30/07/2024 22:21:39.001,21.4428,33.4742,1.28,8.066,55.620,21.3731
30/07/2024 22:22:39.000,21.4425,33.4748,1.28,8.066,55.663,21.3731
30/07/2024 22:23:39.000,21.4408,33.4744,1.28,8.066,55.659,21.3733
30/07/2024 22:24:39.999,21.4381,33.4743,1.28,8.066,55.593,21.3728
30/07/2024 22:25:39.001,21.4349,33.4737,1.28,8.066,55.666,21.3733
30/07/2024 22:26:39.000,21.4335,33.4751,1.28,8.065,55.806,21.3739
30/07/2024 22:27:39.999,21.4325,33.4753,1.28,8.065,55.686,21.3734
30/07/2024 22:28:39.998,21.4337,33.4748,1.28,8.065,55.671,21.3738
30/07/2024 22:29:39.001,21.4349,33.4762,1.28,8.065,55.663,21.3739
30/07/2024 22:30:39.000,21.4364,33.4757,1.28,8.066,55.686,21.3739
30/07/2024 22:31:39.999,21.4365,33.4756,1.28,8.066,55.702,21.3733
30/07/2024 22:32:39.002,21.4354,33.4760,1.28,8.067,55.716,21.3741
30/07/2024 22:33:39.001,21.4354,33.4758,1.28,8.068,55.727,21.3740
30/07/2024 22:34:39.000,21.4354,33.4732,1.28,8.069,55.563,21.3746
30/07/2024 22:35:39.999,21.4347,33.4751,1.28,8.070,55.697,21.3752
30/07/2024 22:36:39.001,21.4337,33.4743,1.28,8.071,55.910,21.3744
30/07/2024 22:37:39.000,21.4331,33.4763,1.28,8.072,55.638,21.3737
30/07/2024 22:38:39.000,21.4333,33.4757,1.28,8.072,55.700,21.3744
30/07/2024 22:39:39.999,21.4336,33.4753,1.28,8.073,55.647,21.3746
30/07/2024 22:40:39.001,21.4333,33.4742,1.28,8.073,55.633,21.3739
30/07/2024 22:41:39.000,21.4316,33.4755,1.28,8.073,55.727,21.3740
30/07/2024 22:42:39.999,21.4328,33.4750,1.28,8.073,55.730,21.3737
30/07/2024 22:43:39.998,21.4325,33.4756,1.28,8.073,55.663,21.3746
30/07/2024 22:44:39.001,21.4315,33.4757,1.28,8.072,55.681,21.3748
30/07/2024 22:45:39.000,21.4315,33.4755,1.28,8.071,55.668,21.3739
30/07/2024 22:46:39.999,21.4313,33.4767,1.28,8.071,55.784,21.3746
30/07/2024 22:47:39.002,21.4316,33.4756,1.28,8.070,55.727,21.3742
30/07/2024 22:48:39.001,21.4315,33.4768,1.29,8.070,55.709,21.3736
30/07/2024 22:49:39.000,21.4306,33.4754,1.28,8.069,55.684,21.3738
30/07/2024 22:50:39.999,21.4309,33.4750,1.28,8.069,55.641,21.3743
30/07/2024 22:51:39.001,21.4295,33.4759,1.28,8.068,55.746,21.3745
30/07/2024 22:52:39.000,21.4298,33.4768,1.28,8.068,55.736,21.3747
30/07/2024 22:53:39.000,21.4317,33.4771,1.28,8.067,55.695,21.3747
30/07/2024 22:54:39.999,21.4344,33.4758,1.28,8.067,55.739,21.3748
30/07/2024 22:55:39.001,21.4354,33.4765,1.28,8.067,55.718,21.3750
30/07/2024 22:56:39.000,21.4373,33.4765,1.28,8.067,55.671,21.3754
30/07/2024 22:57:39.999,21.4391,33.4759,1.28,8.066,55.764,21.3746
30/07/2024 22:58:39.998,21.4406,33.4778,1.28,8.066,55.773,21.3749
30/07/2024 22:59:39.001,21.4414,33.4775,1.28,8.066,55.748,21.3753
30/07/2024 23:00:39.000,21.4440,33.4759,1.29,8.066,55.684,21.3749
30/07/2024 23:01:39.999,21.4460,33.4758,1.28,8.066,55.643,21.3756
30/07/2024 23:02:39.002,21.4454,33.4759,1.28,8.066,55.793,21.3755
30/07/2024 23:03:39.001,21.4460,33.4763,1.28,8.066,55.715,21.3759
30/07/2024 23:04:39.000,21.4471,33.4766,1.28,8.066,55.817,21.3756
30/07/2024 23:05:39.999,21.4476,33.4772,1.28,8.066,55.735,21.3767
30/07/2024 23:06:39.001,21.4500,33.4761,1.28,8.066,55.696,21.3764
30/07/2024 23:07:39.000,21.4494,33.4761,1.28,8.066,55.776,21.3740
30/07/2024 23:08:39.000,21.4504,33.4763,1.29,8.066,55.714,21.3744
30/07/2024 23:09:39.999,21.4514,33.4756,1.28,8.066,55.735,21.3750
30/07/2024 23:10:39.001,21.4507,33.4765,1.29,8.066,55.719,21.3746
30/07/2024 23:11:39.000,21.4521,33.4770,1.28,8.066,55.708,21.3745
30/07/2024 23:12:39.999,21.4515,33.4764,1.29,8.066,55.700,21.3742
30/07/2024 23:13:39.998,21.4511,33.4775,1.28,8.066,55.565,21.3743
30/07/2024 23:14:39.001,21.4525,33.4770,1.29,8.066,55.664,21.3741
30/07/2024 23:15:39.000,21.4522,33.4770,1.28,8.066,55.715,21.3750
30/07/2024 23:16:39.999,21.4527,33.4771,1.28,8.066,55.757,21.3749
30/07/2024 23:17:39.002,21.4544,33.4771,1.29,8.066,55.761,21.3772
30/07/2024 23:18:39.001,21.4558,33.4763,1.28,8.066,55.730,21.3770
30/07/2024 23:19:39.000,21.4571,33.4761,1.29,8.066,55.702,21.3769
30/07/2024 23:20:39.999,21.4568,33.4766,1.28,8.066,55.742,21.3767
30/07/2024 23:21:39.001,21.4563,33.4779,1.28,8.066,55.616,21.3771
30/07/2024 23:22:39.000,21.4568,33.4775,1.29,8.066,55.654,21.3775
30/07/2024 23:23:39.000,21.4568,33.4772,1.29,8.066,55.657,21.3777
30/07/2024 23:24:39.999,21.4582,33.4757,1.28,8.066,55.724,21.3780
30/07/2024 23:25:39.001,21.4583,33.4760,1.28,8.066,55.586,21.3776
30/07/2024 23:26:39.000,21.4563,33.4772,1.28,8.066,55.641,21.3774
30/07/2024 23:27:39.999,21.4544,33.4761,1.29,8.066,55.682,21.3765
30/07/2024 23:28:39.998,21.4528,33.4758,1.28,8.066,55.653,21.3780
30/07/2024 23:29:39.001,21.4509,33.4753,1.28,8.066,55.630,21.3778
30/07/2024 23:30:39.000,21.4489,33.4749,1.28,8.066,55.680,21.3781
30/07/2024 23:31:39.999,21.4466,33.4761,1.28,8.065,55.634,21.3781
30/07/2024 23:32:39.002,21.4461,33.4761,1.29,8.065,55.630,21.3784
30/07/2024 23:33:39.001,21.4451,33.4760,1.28,8.065,55.704,21.3783
30/07/2024 23:34:39.000,21.4424,33.4752,1.28,8.065,55.767,21.3785
30/07/2024 23:35:39.999,21.4366,33.4765,1.28,8.065,55.677,21.3782
30/07/2024 23:36:39.001,21.4334,33.4773,1.28,8.065,55.659,21.3785
30/07/2024 23:37:39.000,21.4332,33.4784,1.29,8.065,55.575,21.3785
30/07/2024 23:38:39.000,21.4341,33.4787,1.28,8.065,55.493,21.3779
30/07/2024 23:39:39.999,21.4360,33.4777,1.28,8.065,55.617,21.3782
30/07/2024 23:40:39.001,21.4380,33.4775,1.28,8.065,55.589,21.3788
30/07/2024 23:41:39.000,21.4378,33.4778,1.28,8.065,55.673,21.3790
30/07/2024 23:42:39.999,21.4380,33.4767,1.28,8.065,55.619,21.3784
30/07/2024 23:43:39.998,21.4375,33.4775,1.28,8.065,55.753,21.3787
30/07/2024 23:44:39.001,21.4365,33.4773,1.28,8.065,55.528,21.3789
30/07/2024 23:45:39.000,21.4361,33.4774,1.28,8.064,55.617,21.3788
30/07/2024 23:46:39.999,21.4362,33.4775,1.29,8.064,55.757,21.3793
30/07/2024 23:47:39.002,21.4354,33.4768,1.29,8.064,55.687,21.3790
30/07/2024 23:48:39.001,21.4345,33.4774,1.28,8.064,55.763,21.3784
30/07/2024 23:49:39.000,21.4356,33.4769,1.29,8.064,55.736,21.3790
30/07/2024 23:50:39.999,21.4346,33.4775,1.28,8.064,55.727,21.3787
30/07/2024 23:51:39.001,21.4341,33.4773,1.28,8.067,55.758,21.3789
30/07/2024 23:52:39.000,21.4341,33.4778,1.28,8.068,55.748,21.3782
30/07/2024 23:53:39.000,21.4347,33.4778,1.29,8.067,55.760,21.3796
30/07/2024 23:54:39.999,21.4343,33.4774,1.29,8.066,55.686,21.3792
30/07/2024 23:55:39.001,21.4334,33.4769,1.29,8.066,55.672,21.3788
30/07/2024 23:56:39.000,21.4316,33.4786,1.29,8.066,55.741,21.3790
30/07/2024 23:57:39.999,21.4315,33.4798,1.30,8.066,55.693,21.3793
30/07/2024 23:58:39.998,21.4322,33.4789,1.29,8.065,55.673,21.3790
30/07/2024 23:59:39.001,21.4350,33.4792,1.29,8.065,55.644,21.3789
31/07/2024 00:00:39.000,21.4371,33.4772,1.29,8.065,55.672,21.3791
31/07/2024 00:01:39.999,21.4375,33.4796,1.29,8.065,55.699,21.3794
31/07/2024 00:02:39.002,21.4403,33.4787,1.27,8.065,55.664,21.3795
31/07/2024 00:03:39.001,21.4427,33.4788,1.29,8.064,55.687,21.3788
31/07/2024 00:04:39.000,21.4439,33.4779,1.29,8.064,55.634,21.3790
31/07/2024 00:05:39.999,21.4429,33.4786,1.29,8.064,55.636,21.3796
31/07/2024 00:06:39.001,21.4454,33.4789,1.28,8.064,55.591,21.3791
31/07/2024 00:07:39.000,21.4461,33.4782,1.28,8.064,55.587,21.3798
31/07/2024 00:08:39.000,21.4467,33.4787,1.29,8.064,55.728,21.3803
31/07/2024 00:09:39.999,21.4474,33.4786,1.29,8.064,55.671,21.3792
31/07/2024 00:10:39.001,21.4486,33.4778,1.29,8.064,55.673,21.3796
31/07/2024 00:11:39.000,21.4477,33.4793,1.28,8.064,55.758,21.3790
31/07/2024 00:12:39.999,21.4495,33.4776,1.29,8.064,55.755,21.3797
31/07/2024 00:13:39.998,21.4483,33.4792,1.29,8.064,55.597,21.3789
31/07/2024 00:14:39.001,21.4483,33.4791,1.28,8.064,55.583,21.3802
31/07/2024 00:15:39.000,21.4488,33.4802,1.28,8.064,55.672,21.3807
31/07/2024 00:16:39.999,21.4513,33.4793,1.28,8.064,55.576,21.3804
31/07/2024 00:17:39.002,21.4513,33.4804,1.28,8.064,55.590,21.3802
31/07/2024 00:18:39.001,21.4511,33.4786,1.29,8.064,55.580,21.3802
31/07/2024 00:19:39.000,21.4515,33.4790,1.28,8.064,55.614,21.3802
31/07/2024 00:20:39.999,21.4517,33.4781,1.28,8.064,55.620,21.3791
31/07/2024 00:21:39.001,21.4529,33.4778,1.29,8.064,55.733,21.3803
31/07/2024 00:22:39.000,21.4522,33.4794,1.29,8.064,55.795,21.3795
31/07/2024 00:23:39.000,21.4522,33.4794,1.29,8.064,55.621,21.3811
31/07/2024 00:24:39.999,21.4529,33.4792,1.30,8.064,55.634,21.3811
31/07/2024 00:25:39.001,21.4541,33.4807,1.29,8.064,55.736,21.3810
31/07/2024 00:26:39.000,21.4548,33.4795,1.28,8.064,55.532,21.3809
31/07/2024 00:27:39.999,21.4544,33.4798,1.29,8.064,55.569,21.3808
31/07/2024 00:28:39.998,21.4554,33.4797,1.29,8.064,55.611,21.3808
31/07/2024 00:29:39.001,21.4556,33.4798,1.29,8.064,55.621,21.3814
31/07/2024 00:30:39.000,21.4558,33.4790,1.28,8.063,55.607,21.3806
31/07/2024 00:31:39.999,21.4562,33.4798,1.29,8.063,55.695,21.3813
31/07/2024 00:32:39.002,21.4562,33.4800,1.30,8.063,55.670,21.3806
31/07/2024 00:33:39.001,21.4553,33.4805,1.29,8.064,55.675,21.3820
31/07/2024 00:34:39.000,21.4564,33.4814,1.29,8.064,55.748,21.3817
31/07/2024 00:35:39.999,21.4586,33.4805,1.29,8.064,55.561,21.3823
31/07/2024 00:36:39.001,21.4590,33.4798,1.28,8.064,55.643,21.3821
31/07/2024 00:37:39.000,21.4584,33.4797,1.28,8.064,55.565,21.3818
31/07/2024 00:38:39.000,21.4584,33.4803,1.29,8.065,55.634,21.3823
31/07/2024 00:39:39.999,21.4583,33.4812,1.29,8.066,55.615,21.3826
31/07/2024 00:40:39.001,21.4593,33.4806,1.29,8.066,55.564,21.3816
31/07/2024 00:41:39.000,21.4609,33.4797,1.29,8.066,55.675,21.3827
31/07/2024 00:42:39.999,21.4598,33.4797,1.29,8.067,55.707,21.3819
31/07/2024 00:43:39.998,21.4595,33.4791,1.29,8.067,55.638,21.3834
31/07/2024 00:44:39.001,21.4594,33.4806,1.28,8.067,55.632,21.3838
31/07/2024 00:45:39.000,21.4614,33.4810,1.29,8.067,55.695,21.3813
31/07/2024 00:46:39.999,21.4617,33.4799,1.28,8.067,55.684,21.3839
31/07/2024 00:47:39.002,21.4623,33.4804,1.28,8.067,55.593,21.3837
31/07/2024 00:48:39.001,21.4616,33.4805,1.29,8.067,55.692,21.3832
31/07/2024 00:49:39.000,21.4629,33.4806,1.28,8.067,55.683,21.3838
31/07/2024 00:50:39.999,21.4629,33.4811,1.29,8.067,55.642,21.3846
31/07/2024 00:51:39.001,21.4620,33.4812,1.28,8.067,55.671,21.3834
31/07/2024 00:52:39.000,21.4621,33.4792,1.29,8.067,55.665,21.3843
31/07/2024 00:53:39.000,21.4599,33.4797,1.29,8.066,55.581,21.3839
31/07/2024 00:54:39.999,21.4576,33.4795,1.29,8.066,55.584,21.3845
31/07/2024 00:55:39.001,21.4579,33.4781,1.29,8.066,55.603,21.3850
31/07/2024 00:56:39.000,21.4548,33.4800,1.29,8.066,55.580,21.3846
31/07/2024 00:57:39.999,21.4526,33.4802,1.28,8.065,55.668,21.3855
31/07/2024 00:58:39.998,21.4519,33.4808,1.29,8.065,55.759,21.3847
31/07/2024 00:59:39.001,21.4501,33.4797,1.29,8.065,55.625,21.3858
31/07/2024 01:00:39.000,21.4486,33.4807,1.29,8.065,55.622,21.3852
31/07/2024 01:01:39.999,21.4475,33.4813,1.29,8.065,55.673,21.3850
31/07/2024 01:02:39.002,21.4478,33.4805,1.29,8.065,55.646,21.3851
31/07/2024 01:03:39.001,21.4477,33.4805,1.29,8.065,55.613,21.3855
31/07/2024 01:04:39.000,21.4471,33.4815,1.29,8.064,55.654,21.3859
31/07/2024 01:05:39.999,21.4466,33.4808,1.29,8.064,55.582,21.3828
31/07/2024 01:06:39.001,21.4458,33.4791,1.29,8.064,55.608,21.3858
31/07/2024 01:07:39.000,21.4419,33.4784,1.29,8.064,55.664,21.3856
31/07/2024 01:08:39.000,21.4391,33.4824,1.29,8.064,55.556,21.3852
31/07/2024 01:09:39.999,21.4378,33.4823,1.29,8.064,55.610,21.3859
31/07/2024 01:10:39.001,21.4400,33.4814,1.28,8.064,55.532,21.3854
31/07/2024 01:11:39.000,21.4409,33.4812,1.29,8.064,55.544,21.3851
31/07/2024 01:12:39.999,21.4420,33.4808,1.29,8.064,55.616,21.3853
31/07/2024 01:13:39.998,21.4417,33.4809,1.29,8.064,55.588,21.3856
31/07/2024 01:14:39.001,21.4416,33.4805,1.29,8.063,55.536,21.3859
31/07/2024 01:15:39.000,21.4400,33.4827,1.29,8.063,55.609,21.3855
31/07/2024 01:16:39.999,21.4405,33.4824,1.29,8.063,55.537,21.3855
31/07/2024 01:17:39.002,21.4407,33.4808,1.29,8.063,55.548,21.3859
31/07/2024 01:18:39.001,21.4400,33.4811,1.30,8.063,55.538,21.3835
31/07/2024 01:19:39.000,21.4398,33.4812,1.29,8.063,55.550,21.3847
31/07/2024 01:20:39.999,21.4379,33.4822,1.29,8.063,55.654,21.3858
31/07/2024 01:21:39.001,21.4383,33.4815,1.29,8.063,55.591,21.3853
31/07/2024 01:22:39.000,21.4412,33.4817,1.29,8.063,55.613,21.3857
31/07/2024 01:23:39.000,21.4441,33.4826,1.29,8.063,55.748,21.3848
31/07/2024 01:24:39.999,21.4464,33.4805,1.30,8.063,55.650,21.3858
31/07/2024 01:25:39.001,21.4461,33.4825,1.29,8.063,55.665,21.3849
31/07/2024 01:26:39.000,21.4480,33.4824,1.29,8.063,55.635,21.3853
31/07/2024 01:27:39.999,21.4513,33.4817,1.29,8.063,55.711,21.3855
31/07/2024 01:28:39.998,21.4529,33.4814,1.29,8.063,55.757,21.3846
31/07/2024 01:29:39.001,21.4530,33.4809,1.29,8.063,55.644,21.3857
31/07/2024 01:30:39.000,21.4527,33.4825,1.29,8.063,55.795,21.3865
31/07/2024 01:31:39.999,21.4535,33.4819,1.29,8.063,55.644,21.3863
31/07/2024 01:32:39.002,21.4543,33.4818,1.29,8.063,55.692,21.3867
31/07/2024 01:33:39.001,21.4547,33.4815,1.29,8.063,55.706,21.3866
31/07/2024 01:34:39.000,21.4554,33.4818,1.30,8.063,55.670,21.3867
31/07/2024 01:35:39.999,21.4565,33.4818,1.29,8.063,55.777,21.3860
31/07/2024 01:36:39.001,21.4584,33.4817,1.29,8.063,55.740,21.3872
31/07/2024 01:37:39.000,21.4574,33.4819,1.30,8.063,55.825,21.3852
31/07/2024 01:38:39.000,21.4576,33.4828,1.30,8.063,55.607,21.3869
31/07/2024 01:39:39.999,21.4584,33.4822,1.29,8.063,55.628,21.3873
31/07/2024 01:40:39.001,21.4586,33.4821,1.29,8.063,55.529,21.3870
31/07/2024 01:41:39.000,21.4597,33.4829,1.29,8.063,55.640,21.3868
31/07/2024 01:42:39.999,21.4595,33.4824,1.29,8.063,55.701,21.3877
31/07/2024 01:43:39.998,21.4608,33.4820,1.29,8.063,55.608,21.3875
31/07/2024 01:44:39.001,21.4598,33.4825,1.29,8.063,55.638,21.3875
31/07/2024 01:45:39.000,21.4606,33.4818,1.29,8.063,55.526,21.3859
31/07/2024 01:46:39.999,21.4609,33.4829,1.28,8.063,55.673,21.3879
31/07/2024 01:47:39.002,21.4615,33.4819,1.29,8.063,55.583,21.3870
31/07/2024 01:48:39.001,21.4615,33.4821,1.29,8.063,55.558,21.3882
31/07/2024 01:49:39.000,21.4628,33.4816,1.29,8.063,55.660,21.3887
31/07/2024 01:50:39.999,21.4639,33.4829,1.29,8.064,55.628,21.3893
31/07/2024 01:51:39.001,21.4639,33.4821,1.29,8.064,55.549,21.3891
31/07/2024 01:52:39.000,21.4633,33.4812,1.29,8.063,55.570,21.3888
31/07/2024 01:53:39.000,21.4609,33.4820,1.29,8.063,55.620,21.3891
31/07/2024 01:54:39.999,21.4584,33.4814,1.29,8.063,55.589,21.3891
31/07/2024 01:55:39.001,21.4568,33.4814,1.29,8.063,55.740,21.3879
31/07/2024 01:56:39.000,21.4551,33.4808,1.29,8.064,55.569,21.3890
31/07/2024 01:57:39.999,21.4530,33.4819,1.29,8.064,55.539,21.3894
31/07/2024 01:58:39.998,21.4510,33.4816,1.30,8.064,55.630,21.3890
31/07/2024 01:59:39.001,21.4499,33.4826,1.29,8.064,55.606,21.3896
31/07/2024 02:00:39.000,21.4495,33.4833,1.29,8.064,55.562,21.3887
31/07/2024 02:01:39.999,21.4494,33.4821,1.30,8.064,55.453,21.3892
31/07/2024 02:02:39.002,21.4495,33.4823,1.29,8.064,55.601,21.3894
31/07/2024 02:03:39.001,21.4485,33.4826,1.29,8.064,55.468,21.3893
31/07/2024 02:04:39.000,21.4493,33.4823,1.30,8.064,55.445,21.3878
31/07/2024 02:05:39.999,21.4484,33.4827,1.28,8.063,55.510,21.3901
31/07/2024 02:06:39.001,21.4468,33.4828,1.29,8.063,55.488,21.3898
31/07/2024 02:07:39.000,21.4468,33.4824,1.30,8.063,55.426,21.3872
31/07/2024 02:08:39.000,21.4468,33.4823,1.29,8.063,55.447,21.3864
31/07/2024 02:09:39.999,21.4469,33.4825,1.29,8.063,55.489,21.3873
31/07/2024 02:10:39.001,21.4460,33.4828,1.30,8.063,55.459,21.3876
31/07/2024 02:11:39.000,21.4452,33.4826,1.29,8.063,55.715,21.3864
31/07/2024 02:12:39.999,21.4444,33.4825,1.29,8.062,55.449,21.3878
31/07/2024 02:13:39.998,21.4455,33.4829,1.29,8.062,55.523,21.3868
31/07/2024 02:14:39.001,21.4465,33.4845,1.30,8.062,55.530,21.3862
31/07/2024 02:15:39.000,21.4480,33.4847,1.29,8.062,55.605,21.3873
31/07/2024 02:16:39.999,21.4502,33.4838,1.29,8.063,55.586,21.3871
31/07/2024 02:17:39.002,21.4506,33.4833,1.29,8.063,55.488,21.3893
31/07/2024 02:18:39.001,21.4525,33.4825,1.29,8.063,55.553,21.3892
31/07/2024 02:19:39.000,21.4541,33.4834,1.29,8.063,55.528,21.3897
31/07/2024 02:20:39.999,21.4558,33.4825,1.29,8.063,55.432,21.3898
31/07/2024 02:21:39.001,21.4561,33.4818,1.30,8.063,55.533,21.3902
31/07/2024 02:22:39.000,21.4570,33.4838,1.29,8.063,55.671,21.3896
31/07/2024 02:23:39.000,21.4573,33.4832,1.29,8.063,55.475,21.3902
31/07/2024 02:24:39.999,21.4583,33.4825,1.29,8.063,55.469,21.3888
31/07/2024 02:25:39.001,21.4584,33.4838,1.30,8.063,55.536,21.3904
31/07/2024 02:26:39.000,21.4596,33.4828,1.29,8.063,55.452,21.3909
31/07/2024 02:27:39.999,21.4604,33.4829,1.29,8.063,55.536,21.3905
31/07/2024 02:28:39.998,21.4610,33.4839,1.29,8.062,55.428,21.3909
31/07/2024 02:29:39.001,21.4607,33.4855,1.29,8.063,55.478,21.3907
31/07/2024 02:30:39.000,21.4621,33.4826,1.29,8.062,55.582,21.3903
31/07/2024 02:31:39.999,21.4611,33.4839,1.30,8.062,55.561,21.3909
31/07/2024 02:32:39.002,21.4634,33.4833,1.29,8.062,55.535,21.3893
31/07/2024 02:33:39.001,21.4630,33.4831,1.29,8.062,55.481,21.3910
31/07/2024 02:34:39.000,21.4639,33.4839,1.29,8.062,55.542,21.3909
31/07/2024 02:35:39.999,21.4638,33.4836,1.29,8.062,55.568,21.3906
31/07/2024 02:36:39.001,21.4638,33.4844,1.29,8.062,55.470,21.3912
31/07/2024 02:37:39.000,21.4644,33.4836,1.29,8.062,55.503,21.3911
31/07/2024 02:38:39.000,21.4643,33.4835,1.29,8.063,55.620,21.3915
31/07/2024 02:39:39.999,21.4641,33.4836,1.30,8.062,55.729,21.3912
31/07/2024 02:40:39.001,21.4646,33.4845,1.29,8.062,55.543,21.3915
31/07/2024 02:41:39.000,21.4645,33.4849,1.29,8.062,55.490,21.3919
31/07/2024 02:42:39.999,21.4656,33.4834,1.29,8.062,55.554,21.3924
31/07/2024 02:43:39.998,21.4662,33.4835,1.29,8.062,55.527,21.3911
31/07/2024 02:44:39.001,21.4658,33.4837,1.29,8.062,55.621,21.3918
31/07/2024 02:45:39.000,21.4676,33.4833,1.29,8.062,55.432,21.3928
31/07/2024 02:46:39.999,21.4675,33.4842,1.29,8.062,55.494,21.3924
31/07/2024 02:47:39.002,21.4677,33.4842,1.30,8.062,55.475,21.3930
31/07/2024 02:48:39.001,21.4666,33.4829,1.29,8.062,55.577,21.3927
31/07/2024 02:49:39.000,21.4654,33.4839,1.29,8.062,55.527,21.3928
31/07/2024 02:50:39.999,21.4644,33.4821,1.29,8.062,55.605,21.3917
31/07/2024 02:51:39.001,21.4609,33.4837,1.29,8.062,55.591,21.3930
31/07/2024 02:52:39.000,21.4588,33.4844,1.29,8.063,55.612,21.3927
31/07/2024 02:53:39.000,21.4581,33.4840,1.30,8.063,55.562,21.3931
31/07/2024 02:54:39.999,21.4568,33.4838,1.29,8.063,55.672,21.3932
31/07/2024 02:55:39.001,21.4554,33.4853,1.29,8.063,55.551,21.3927
31/07/2024 02:56:39.000,21.4561,33.4836,1.29,8.063,55.630,21.3922
31/07/2024 02:57:39.999,21.4540,33.4843,1.30,8.062,55.552,21.3920
31/07/2024 02:58:39.998,21.4528,33.4833,1.29,8.062,55.618,21.3934
31/07/2024 02:59:39.001,21.4521,33.4836,1.29,8.062,55.527,21.3924
31/07/2024 03:00:39.000,21.4509,33.4837,1.30,8.062,55.606,21.3920
31/07/2024 03:01:39.999,21.4508,33.4857,1.29,8.062,55.559,21.3933
31/07/2024 03:02:39.002,21.4518,33.4839,1.30,8.062,55.513,21.3921
31/07/2024 03:03:39.001,21.4508,33.4843,1.30,8.062,55.665,21.3927
31/07/2024 03:04:39.000,21.4505,33.4839,1.29,8.062,55.582,21.3932
31/07/2024 03:05:39.999,21.4497,33.4848,1.29,8.062,55.618,21.3931
31/07/2024 03:06:39.001,21.4502,33.4833,1.29,8.062,55.685,21.3932
31/07/2024 03:07:39.000,21.4493,33.4838,1.29,8.062,55.644,21.3933
31/07/2024 03:08:39.000,21.4474,33.4846,1.30,8.061,55.660,21.3927
31/07/2024 03:09:39.999,21.4471,33.4840,1.29,8.061,55.748,21.3930
31/07/2024 03:10:39.001,21.4466,33.4842,1.29,8.062,55.741,21.3930
31/07/2024 03:11:39.000,21.4469,33.4862,1.29,8.061,55.738,21.3923
31/07/2024 03:12:39.999,21.4466,33.4854,1.29,8.061,55.646,21.3932
31/07/2024 03:13:39.998,21.4466,33.4845,1.30,8.061,55.675,21.3925
31/07/2024 03:14:39.001,21.4452,33.4848,1.29,8.061,55.691,21.3934
31/07/2024 03:15:39.000,21.4456,33.4854,1.30,8.061,55.567,21.3931
31/07/2024 03:16:39.999,21.4446,33.4842,1.29,8.061,55.601,21.3931
31/07/2024 03:17:39.998,21.4439,33.4857,1.29,8.061,55.652,21.3934
31/07/2024 03:18:39.997,21.4446,33.4850,1.30,8.061,55.551,21.3921
31/07/2024 03:19:39.003,21.4438,33.4859,1.30,8.061,55.669,21.3917
31/07/2024 03:20:39.002,21.4433,33.4857,1.29,8.063,55.573,21.3933
31/07/2024 03:21:39.001,21.4431,33.4863,1.29,8.068,55.689,21.3922
31/07/2024 03:22:39.000,21.4428,33.4862,1.29,8.066,55.667,21.3919
31/07/2024 03:23:39.000,21.4434,33.4870,1.29,8.065,55.729,21.3925
31/07/2024 03:24:39.999,21.4463,33.4866,1.30,8.065,55.669,21.3931
31/07/2024 03:25:39.998,21.4470,33.4852,1.29,8.064,55.588,21.3927
31/07/2024 03:26:39.997,21.4483,33.4869,1.30,8.064,55.593,21.3927
31/07/2024 03:27:39.003,21.4495,33.4859,1.29,8.064,55.575,21.3923
31/07/2024 03:28:39.002,21.4508,33.4863,1.29,8.065,55.632,21.3928
31/07/2024 03:29:39.001,21.4514,33.4862,1.29,8.065,55.553,21.3929
31/07/2024 03:30:39.000,21.4526,33.4863,1.29,8.065,55.642,21.3932
31/07/2024 03:31:39.999,21.4544,33.4860,1.29,8.065,55.772,21.3932
31/07/2024 03:32:39.998,21.4549,33.4862,1.29,8.065,55.634,21.3935
31/07/2024 03:33:39.997,21.4572,33.4864,1.29,8.065,55.772,21.3935
31/07/2024 03:34:39.003,21.4583,33.4849,1.29,8.065,55.715,21.3933
31/07/2024 03:35:39.002,21.4589,33.4863,1.29,8.064,55.652,21.3937
31/07/2024 03:36:39.001,21.4594,33.4859,1.30,8.064,55.726,21.3932
31/07/2024 03:37:39.000,21.4587,33.4855,1.30,8.065,55.779,21.3935
31/07/2024 03:38:39.000,21.4583,33.4872,1.29,8.064,55.764,21.3926
31/07/2024 03:39:39.999,21.4598,33.4863,1.29,8.064,55.643,21.3935
31/07/2024 03:40:39.998,21.4606,33.4868,1.29,8.064,55.699,21.3929
31/07/2024 03:41:39.997,21.4622,33.4861,1.29,8.064,55.667,21.3938
31/07/2024 03:42:39.003,21.4617,33.4859,1.29,8.064,55.662,21.3942
31/07/2024 03:43:39.002,21.4625,33.4842,1.29,8.064,55.708,21.3937
31/07/2024 03:44:39.001,21.4611,33.4854,1.29,8.064,55.682,21.3940
31/07/2024 03:45:39.000,21.4618,33.4863,1.29,8.064,55.624,21.3939
31/07/2024 03:46:39.999,21.4625,33.4859,1.29,8.064,55.666,21.3938
31/07/2024 03:47:39.998,21.4621,33.4863,1.29,8.065,55.620,21.3929
31/07/2024 03:48:39.997,21.4631,33.4856,1.29,8.065,55.636,21.3944
31/07/2024 03:49:39.003,21.4628,33.4860,1.30,8.066,55.735,21.3933
31/07/2024 03:50:39.002,21.4637,33.4852,1.29,8.066,55.711,21.3945
31/07/2024 03:51:39.001,21.4641,33.4862,1.30,8.067,55.689,21.3951
31/07/2024 03:52:39.000,21.4640,33.4867,1.30,8.067,55.563,21.3947
31/07/2024 03:53:39.000,21.4643,33.4863,1.29,8.068,55.809,21.3947
31/07/2024 03:54:39.999,21.4653,33.4852,1.30,8.069,55.645,21.3950
31/07/2024 03:55:39.998,21.4643,33.4862,1.30,8.069,55.655,21.3942
31/07/2024 03:56:39.997,21.4642,33.4861,1.29,8.070,55.664,21.3951
31/07/2024 03:57:39.003,21.4652,33.4859,1.30,8.071,55.533,21.3952
31/07/2024 03:58:39.002,21.4655,33.4862,1.29,8.071,55.753,21.3945
31/07/2024 03:59:39.001,21.4651,33.4862,1.30,8.072,55.728,21.3949
31/07/2024 04:00:39.000,21.4669,33.4861,1.29,8.073,55.681,21.3951
31/07/2024 04:01:39.999,21.4662,33.4866,1.29,8.073,55.712,21.3950
31/07/2024 04:02:39.998,21.4663,33.4862,1.30,8.073,55.715,21.3960
31/07/2024 04:03:39.997,21.4666,33.4865,1.30,8.074,55.708,21.3953
31/07/2024 04:04:39.003,21.4665,33.4879,1.30,8.074,55.687,21.3954
31/07/2024 04:05:39.002,21.4667,33.4869,1.29,8.074,55.720,21.3957
31/07/2024 04:06:39.001,21.4685,33.4853,1.30,8.073,55.656,21.3960
31/07/2024 04:07:39.000,21.4668,33.4857,1.29,8.073,55.677,21.3958
31/07/2024 04:08:39.000,21.4671,33.4855,1.30,8.072,55.668,21.3958
31/07/2024 04:09:39.999,21.4677,33.4863,1.30,8.072,55.632,21.3958
31/07/2024 04:10:39.998,21.4672,33.4872,1.29,8.071,55.698,21.3961
31/07/2024 04:11:39.997,21.4677,33.4885,1.30,8.071,55.649,21.3958
31/07/2024 04:12:39.003,21.4690,33.4861,1.29,8.070,55.562,21.3957
31/07/2024 04:13:39.002,21.4687,33.4857,1.30,8.070,55.599,21.3961
31/07/2024 04:14:39.001,21.4675,33.4855,1.29,8.069,55.556,21.3967
31/07/2024 04:15:39.000,21.4668,33.4857,1.30,8.069,55.566,21.3968
31/07/2024 04:16:39.999,21.4656,33.4858,1.29,8.068,55.647,21.3966
31/07/2024 04:17:39.998,21.4646,33.4855,1.29,8.068,55.619,21.3965
31/07/2024 04:18:39.997,21.4627,33.4855,1.30,8.067,55.567,21.3968
31/07/2024 04:19:39.003,21.4615,33.4860,1.30,8.067,55.604,21.3965
31/07/2024 04:20:39.002,21.4600,33.4885,1.30,8.067,55.782,21.3967
31/07/2024 04:21:39.001,21.4593,33.4869,1.30,8.067,55.502,21.3975
31/07/2024 04:22:39.000,21.4590,33.4862,1.30,8.067,55.645,21.3973
31/07/2024 04:23:39.000,21.4588,33.4859,1.29,8.066,55.573,21.3967
31/07/2024 04:24:39.999,21.4560,33.4876,1.30,8.066,55.481,21.3959
31/07/2024 04:25:39.998,21.4563,33.4870,1.30,8.065,55.609,21.3967
31/07/2024 04:26:39.997,21.4553,33.4873,1.30,8.065,55.461,21.3959
31/07/2024 04:27:39.003,21.4550,33.4863,1.30,8.065,55.685,21.3975
31/07/2024 04:28:39.002,21.4533,33.4869,1.30,8.064,55.618,21.3970
31/07/2024 04:29:39.001,21.4528,33.4870,1.30,8.064,55.654,21.3971
31/07/2024 04:30:39.000,21.4527,33.4874,1.29,8.064,55.527,21.3975
31/07/2024 04:31:39.999,21.4524,33.4863,1.30,8.064,55.653,21.3970
31/07/2024 04:32:39.998,21.4508,33.4877,1.30,8.064,55.630,21.3975
31/07/2024 04:33:39.997,21.4520,33.4868,1.30,8.064,55.550,21.3964
31/07/2024 04:34:39.003,21.4512,33.4879,1.30,8.064,55.660,21.3956
31/07/2024 04:35:39.002,21.4506,33.4871,1.30,8.064,55.574,21.3961
31/07/2024 04:36:39.001,21.4512,33.4859,1.29,8.064,55.548,21.3952
31/07/2024 04:37:39.000,21.4504,33.4862,1.29,8.064,55.600,21.3964
31/07/2024 04:38:39.000,21.4498,33.4885,1.29,8.064,55.606,21.3963
31/07/2024 04:39:39.999,21.4500,33.4874,1.29,8.064,55.500,21.3961
31/07/2024 04:40:39.998,21.4476,33.4864,1.30,8.063,55.654,21.3954
31/07/2024 04:41:39.997,21.4475,33.4870,1.30,8.063,55.491,21.3953
31/07/2024 04:42:39.003,21.4477,33.4870,1.30,8.063,55.505,21.3956
31/07/2024 04:43:39.002,21.4490,33.4872,1.30,8.063,55.447,21.3960
31/07/2024 04:44:39.001,21.4481,33.4885,1.30,8.063,55.537,21.3946
31/07/2024 04:45:39.000,21.4502,33.4880,1.29,8.063,55.542,21.3938
31/07/2024 04:46:39.999,21.4514,33.4886,1.29,8.063,55.563,21.3950
31/07/2024 04:47:39.998,21.4514,33.4874,1.31,8.063,55.529,21.3960
31/07/2024 04:48:39.997,21.4528,33.4879,1.30,8.063,55.586,21.3963
31/07/2024 04:49:39.003,21.4536,33.4887,1.29,8.063,55.573,21.3958
31/07/2024 04:50:39.002,21.4544,33.4889,1.30,8.062,55.534,21.3947
31/07/2024 04:51:39.001,21.4564,33.4879,1.30,8.062,55.496,21.3958
31/07/2024 04:52:39.000,21.4569,33.4878,1.29,8.062,55.588,21.3950
31/07/2024 04:53:39.000,21.4576,33.4885,1.30,8.062,55.463,21.3950
31/07/2024 04:54:39.999,21.4586,33.4883,1.29,8.062,55.581,21.3958
31/07/2024 04:55:39.998,21.4595,33.4881,1.30,8.062,55.682,21.3942
31/07/2024 04:56:39.997,21.4598,33.4877,1.29,8.062,55.677,21.3958
31/07/2024 04:57:39.003,21.4591,33.4878,1.30,8.062,55.605,21.3965
31/07/2024 04:58:39.002,21.4590,33.4880,1.30,8.062,55.652,21.3957
31/07/2024 04:59:39.001,21.4598,33.4897,1.30,8.062,55.595,21.3959
31/07/2024 05:00:39.000,21.4596,33.4892,1.30,8.062,55.686,21.3952
31/07/2024 05:01:39.999,21.4612,33.4871,1.30,8.062,55.667,21.3956
31/07/2024 05:02:39.998,21.4607,33.4877,1.29,8.062,55.513,21.3961
31/07/2024 05:03:39.997,21.4613,33.4887,1.30,8.062,55.673,21.3962
31/07/2024 05:04:39.003,21.4611,33.4883,1.29,8.062,55.624,21.3963
31/07/2024 05:05:39.002,21.4618,33.4889,1.29,8.062,55.664,21.3959
31/07/2024 05:06:39.001,21.4622,33.4876,1.29,8.062,55.594,21.3970
31/07/2024 05:07:39.000,21.4623,33.4888,1.30,8.062,55.639,21.3945
31/07/2024 05:08:39.000,21.4624,33.4872,1.30,8.062,55.537,21.3946
31/07/2024 05:09:39.999,21.4629,33.4887,1.30,8.062,55.558,21.3939
31/07/2024 05:10:39.998,21.4629,33.4890,1.30,8.062,55.539,21.3948
31/07/2024 05:11:39.997,21.4630,33.4896,1.30,8.062,55.549,21.3942
31/07/2024 05:12:39.003,21.4641,33.4872,1.30,8.062,55.585,21.3953
31/07/2024 05:13:39.002,21.4642,33.4883,1.30,8.062,55.594,21.3958
31/07/2024 05:14:39.001,21.4634,33.4890,1.30,8.061,55.648,21.3951
31/07/2024 05:15:39.000,21.4646,33.4888,1.29,8.061,55.621,21.3963
31/07/2024 05:16:39.999,21.4653,33.4878,1.30,8.061,55.643,21.3960
31/07/2024 05:17:39.998,21.4648,33.4889,1.30,8.061,55.637,21.3971
31/07/2024 05:18:39.997,21.4650,33.4887,1.30,8.062,55.749,21.3973
31/07/2024 05:19:39.003,21.4655,33.4885,1.30,8.062,55.544,21.3966
31/07/2024 05:20:39.002,21.4654,33.4896,1.30,8.062,55.624,21.3981
31/07/2024 05:21:39.001,21.4653,33.4878,1.30,8.062,55.564,21.3968
31/07/2024 05:22:39.000,21.4663,33.4894,1.30,8.061,55.587,21.3965
31/07/2024 05:23:39.000,21.4665,33.4882,1.30,8.061,55.529,21.3977
31/07/2024 05:24:39.999,21.4672,33.4882,1.30,8.061,55.609,21.3982
31/07/2024 05:25:39.998,21.4677,33.4880,1.30,8.061,55.646,21.3975
31/07/2024 05:26:39.997,21.4676,33.4888,1.29,8.061,55.673,21.3976
31/07/2024 05:27:39.003,21.4675,33.4898,1.29,8.061,55.689,21.3977
31/07/2024 05:28:39.002,21.4683,33.4885,1.29,8.061,55.671,21.3976
31/07/2024 05:29:39.001,21.4679,33.4888,1.29,8.061,55.650,21.3977
31/07/2024 05:30:39.000,21.4680,33.4893,1.29,8.061,55.595,21.3989
31/07/2024 05:31:39.999,21.4688,33.4889,1.29,8.061,55.718,21.3972
31/07/2024 05:32:39.998,21.4690,33.4888,1.29,8.061,55.589,21.3986
31/07/2024 05:33:39.997,21.4691,33.4884,1.30,8.061,55.606,21.3983
31/07/2024 05:34:39.003,21.4691,33.4899,1.29,8.061,55.678,21.3984
31/07/2024 05:35:39.002,21.4693,33.4901,1.30,8.061,55.557,21.3986
31/07/2024 05:36:39.001,21.4708,33.4892,1.29,8.061,55.591,21.3983
31/07/2024 05:37:39.000,21.4711,33.4882,1.30,8.061,55.498,21.3984
31/07/2024 05:38:39.000,21.4703,33.4898,1.30,8.061,55.614,21.3986
31/07/2024 05:39:39.999,21.4715,33.4902,1.30,8.061,55.645,21.3991
31/07/2024 05:40:39.998,21.4708,33.4898,1.30,8.061,55.690,21.3981
31/07/2024 05:41:39.997,21.4710,33.4894,1.30,8.061,55.593,21.3982
31/07/2024 05:42:39.003,21.4695,33.4892,1.30,8.061,55.632,21.3992
31/07/2024 05:43:39.002,21.4687,33.4884,1.29,8.061,55.627,21.3984
31/07/2024 05:44:39.001,21.4666,33.4888,1.30,8.061,55.615,21.3989
31/07/2024 05:45:39.000,21.4655,33.4887,1.30,8.061,55.579,21.3989
31/07/2024 05:46:39.999,21.4640,33.4898,1.30,8.061,55.611,21.3985
31/07/2024 05:47:39.998,21.4637,33.4887,1.30,8.061,55.603,21.3986
31/07/2024 05:48:39.997,21.4613,33.4903,1.30,8.061,55.594,21.3987
31/07/2024 05:49:39.003,21.4612,33.4896,1.29,8.061,55.544,21.3992
31/07/2024 05:50:39.002,21.4606,33.4897,1.29,8.061,55.659,21.3976
31/07/2024 05:51:39.001,21.4606,33.4896,1.30,8.061,55.661,21.3991
31/07/2024 05:52:39.000,21.4595,33.4900,1.29,8.061,55.541,21.3997
31/07/2024 05:53:39.000,21.4589,33.4905,1.30,8.061,55.565,21.3987
31/07/2024 05:54:39.999,21.4583,33.4896,1.29,8.061,55.612,21.3995
31/07/2024 05:55:39.998,21.4577,33.4892,1.30,8.061,55.529,21.3997
31/07/2024 05:56:39.997,21.4579,33.4888,1.29,8.061,55.522,21.3993
31/07/2024 05:57:39.003,21.4565,33.4897,1.30,8.060,55.601,21.3986
31/07/2024 05:58:39.002,21.4544,33.4906,1.30,8.060,55.522,21.3981
31/07/2024 05:59:39.001,21.4553,33.4900,1.30,8.060,55.542,21.3993
31/07/2024 06:00:39.000,21.4551,33.4905,1.30,8.060,55.533,21.3993
31/07/2024 06:01:39.999,21.4540,33.4903,1.30,8.061,55.659,21.3995
31/07/2024 06:02:39.998,21.4525,33.4909,1.30,8.061,55.633,21.3993
31/07/2024 06:03:39.997,21.4535,33.4915,1.30,8.061,55.502,21.3991
31/07/2024 06:04:39.003,21.4533,33.4902,1.30,8.061,55.709,21.3990
31/07/2024 06:05:39.002,21.4541,33.4891,1.30,8.061,55.771,21.3994
31/07/2024 06:06:39.001,21.4543,33.4909,1.30,8.060,55.680,21.3990
31/07/2024 06:07:39.000,21.4555,33.4910,1.30,8.060,55.524,21.3986
31/07/2024 06:08:39.000,21.4568,33.4912,1.30,8.060,55.563,21.3996
31/07/2024 06:09:39.999,21.4591,33.4908,1.30,8.061,55.614,21.3993
31/07/2024 06:10:39.998,21.4606,33.4906,1.30,8.060,55.708,21.3998
31/07/2024 06:11:39.997,21.4617,33.4914,1.30,8.060,55.634,21.3996
31/07/2024 06:12:39.003,21.4625,33.4907,1.31,8.060,55.718,21.3996
31/07/2024 06:13:39.002,21.4633,33.4893,1.30,8.060,55.557,21.3993
31/07/2024 06:14:39.001,21.4650,33.4905,1.30,8.060,55.640,21.3997
31/07/2024 06:15:39.000,21.4656,33.4914,1.30,8.060,55.547,21.3987
31/07/2024 06:16:39.999,21.4663,33.4906,1.30,8.060,55.519,21.3995
31/07/2024 06:17:39.998,21.4665,33.4916,1.30,8.060,55.533,21.4000
31/07/2024 06:18:39.997,21.4665,33.4921,1.30,8.060,55.589,21.3989
31/07/2024 06:19:39.003,21.4677,33.4914,1.30,8.060,55.492,21.3995
31/07/2024 06:20:39.002,21.4680,33.4906,1.30,8.060,55.590,21.4001
31/07/2024 06:21:39.001,21.4691,33.4903,1.29,8.060,55.590,21.4002
31/07/2024 06:22:39.000,21.4690,33.4919,1.30,8.060,55.681,21.4002
31/07/2024 06:23:39.000,21.4702,33.4909,1.30,8.060,55.540,21.4006
31/07/2024 06:24:39.999,21.4700,33.4915,1.30,8.060,55.497,21.4004
31/07/2024 06:25:39.998,21.4699,33.4905,1.30,8.060,55.607,21.3998
31/07/2024 06:26:39.997,21.4703,33.4927,1.30,8.060,55.587,21.3993
31/07/2024 06:27:39.003,21.4710,33.4911,1.30,8.060,55.523,21.4011
31/07/2024 06:28:39.002,21.4711,33.4894,1.30,8.060,55.577,21.4007
31/07/2024 06:29:39.001,21.4709,33.4912,1.29,8.060,55.684,21.4014
31/07/2024 06:30:39.000,21.4726,33.4910,1.30,8.060,55.606,21.4012
31/07/2024 06:31:39.999,21.4727,33.4908,1.29,8.060,55.573,21.4015
31/07/2024 06:32:39.998,21.4741,33.4904,1.30,8.060,55.545,21.4014
31/07/2024 06:33:39.997,21.4736,33.4911,1.30,8.060,55.629,21.4019
31/07/2024 06:34:39.003,21.4720,33.4909,1.30,8.060,55.600,21.4012
31/07/2024 06:35:39.002,21.4719,33.4899,1.30,8.060,55.603,21.4021
31/07/2024 06:36:39.001,21.4706,33.4902,1.30,8.060,55.621,21.4021
31/07/2024 06:37:39.000,21.4691,33.4906,1.30,8.060,55.571,21.4018
31/07/2024 06:38:39.000,21.4670,33.4916,1.30,8.060,55.516,21.4021
31/07/2024 06:39:39.999,21.4661,33.4912,1.30,8.060,55.555,21.4014
31/07/2024 06:40:39.998,21.4654,33.4912,1.30,8.060,55.611,21.4015
31/07/2024 06:41:39.997,21.4648,33.4919,1.30,8.060,55.614,21.4012
31/07/2024 06:42:39.003,21.4637,33.4923,1.30,8.060,55.605,21.4019
31/07/2024 06:43:39.002,21.4631,33.4908,1.30,8.060,55.537,21.4013
31/07/2024 06:44:39.001,21.4625,33.4919,1.30,8.060,55.616,21.4008
31/07/2024 06:45:39.000,21.4620,33.4912,1.30,8.060,55.577,21.4024
31/07/2024 06:46:39.999,21.4604,33.4915,1.30,8.060,55.670,21.4006
31/07/2024 06:47:39.998,21.4604,33.4930,1.30,8.060,55.691,21.4015
31/07/2024 06:48:39.997,21.4606,33.4923,1.30,8.060,55.730,21.4016
31/07/2024 06:49:39.003,21.4595,33.4923,1.31,8.059,55.621,21.4024
31/07/2024 06:50:39.002,21.4591,33.4923,1.30,8.059,55.677,21.4023
31/07/2024 06:51:39.001,21.4574,33.4920,1.30,8.059,55.686,21.4020
31/07/2024 06:52:39.000,21.4577,33.4918,1.30,8.060,55.583,21.4021
31/07/2024 06:53:39.000,21.4568,33.4913,1.30,8.059,55.593,21.4021
31/07/2024 06:54:39.999,21.4555,33.4912,1.29,8.060,55.668,21.4007
31/07/2024 06:55:39.998,21.4551,33.4912,1.29,8.059,55.555,21.4014
31/07/2024 06:56:39.997,21.4543,33.4909,1.30,8.060,55.751,21.4006
31/07/2024 06:57:39.003,21.4541,33.4929,1.30,8.059,55.582,21.4017
31/07/2024 06:58:39.002,21.4544,33.4927,1.30,8.059,55.560,21.4014
31/07/2024 06:59:39.001,21.4553,33.4919,1.30,8.059,55.569,21.4019
31/07/2024 07:00:39.000,21.4562,33.4915,1.30,8.059,55.600,21.4020
31/07/2024 07:01:39.999,21.4563,33.4922,1.30,8.059,55.630,21.4018
31/07/2024 07:02:39.998,21.4579,33.4922,1.30,8.059,55.616,21.4022
31/07/2024 07:03:39.997,21.4586,33.4923,1.30,8.059,55.708,21.4002
31/07/2024 07:04:39.003,21.4591,33.4939,1.30,8.059,55.641,21.4016
31/07/2024 07:05:39.002,21.4611,33.4934,1.30,8.059,55.579,21.4001
31/07/2024 07:06:39.001,21.4620,33.4926,1.30,8.059,55.637,21.4019
31/07/2024 07:07:39.000,21.4626,33.4937,1.30,8.059,55.579,21.4015
31/07/2024 07:08:39.000,21.4633,33.4927,1.30,8.059,55.630,21.4015
31/07/2024 07:09:39.999,21.4643,33.4934,1.30,8.059,55.736,21.4016
31/07/2024 07:10:39.998,21.4647,33.4921,1.30,8.059,55.616,21.4015
31/07/2024 07:11:39.997,21.4650,33.4929,1.29,8.059,55.648,21.4012
31/07/2024 07:12:39.003,21.4650,33.4942,1.30,8.060,55.659,21.4003
31/07/2024 07:13:39.002,21.4657,33.4925,1.30,8.060,55.638,21.4019
31/07/2024 07:14:39.001,21.4655,33.4930,1.30,8.060,55.646,21.4011
31/07/2024 07:15:39.000,21.4665,33.4930,1.30,8.059,55.467,21.4010
31/07/2024 07:16:39.999,21.4665,33.4935,1.30,8.060,55.640,21.4020
31/07/2024 07:17:39.998,21.4668,33.4931,1.30,8.059,55.592,21.4019
31/07/2024 07:18:39.997,21.4666,33.4929,1.30,8.059,55.716,21.4016
31/07/2024 07:19:39.003,21.4672,33.4930,1.30,8.059,55.624,21.4015
31/07/2024 07:20:39.002,21.4679,33.4938,1.30,8.059,55.812,21.4020
31/07/2024 07:21:39.001,21.4664,33.4926,1.30,8.060,55.691,21.4011
31/07/2024 07:22:39.000,21.4672,33.4931,1.30,8.060,55.743,21.4017
31/07/2024 07:23:39.000,21.4671,33.4935,1.30,8.060,55.541,21.4014
31/07/2024 07:24:39.999,21.4683,33.4919,1.30,8.060,55.652,21.4020
31/07/2024 07:25:39.998,21.4669,33.4932,1.30,8.060,55.769,21.4011
31/07/2024 07:26:39.997,21.4680,33.4941,1.30,8.060,55.692,21.4019
31/07/2024 07:27:39.003,21.4678,33.4933,1.30,8.061,55.575,21.4022
31/07/2024 07:28:39.002,21.4681,33.4936,1.30,8.061,55.599,21.4022
31/07/2024 07:29:39.001,21.4673,33.4938,1.30,8.061,55.628,21.4018
31/07/2024 07:30:39.000,21.4659,33.4946,1.30,8.061,55.681,21.4011
31/07/2024 07:31:39.999,21.4675,33.4932,1.30,8.061,55.504,21.4023
31/07/2024 07:32:39.998,21.4668,33.4937,1.30,8.061,55.792,21.4020
31/07/2024 07:33:39.997,21.4671,33.4943,1.30,8.061,55.601,21.4007
31/07/2024 07:34:39.003,21.4664,33.4948,1.31,8.061,55.598,21.4018
31/07/2024 07:35:39.002,21.4678,33.4941,1.30,8.060,55.541,21.4021
31/07/2024 07:36:39.001,21.4681,33.4936,1.30,8.061,55.599,21.4016
31/07/2024 07:37:39.000,21.4682,33.4932,1.30,8.061,55.712,21.4022
31/07/2024 07:38:39.000,21.4660,33.4933,1.30,8.060,55.531,21.4019
31/07/2024 07:39:39.999,21.4638,33.4925,1.30,8.061,55.694,21.4007
31/07/2024 07:40:39.998,21.4612,33.4932,1.30,8.060,55.591,21.4009
31/07/2024 07:41:39.997,21.4582,33.4936,1.30,8.061,55.616,21.4013
31/07/2024 07:42:39.003,21.4577,33.4940,1.30,8.061,55.650,21.4006
31/07/2024 07:43:39.002,21.4560,33.4936,1.30,8.061,55.636,21.4016
31/07/2024 07:44:39.001,21.4553,33.4930,1.30,8.061,55.687,21.4016
31/07/2024 07:45:39.000,21.4537,33.4944,1.30,8.061,55.534,21.4013
31/07/2024 07:46:39.999,21.4531,33.4944,1.31,8.061,55.623,21.4016
31/07/2024 07:47:39.998,21.4533,33.4928,1.30,8.061,55.658,21.4011
31/07/2024 07:48:39.997,21.4513,33.4937,1.30,8.061,55.533,21.4013
31/07/2024 07:49:39.003,21.4511,33.4934,1.30,8.065,55.620,21.4002
31/07/2024 07:50:39.002,21.4500,33.4948,1.31,8.066,55.531,21.4009
31/07/2024 07:51:39.001,21.4491,33.4953,1.31,8.068,55.613,21.3996
31/07/2024 07:52:39.000,21.4495,33.4947,1.30,8.069,55.624,21.4006
31/07/2024 07:53:39.000,21.4495,33.4951,1.30,8.070,55.629,21.4003
31/07/2024 07:54:39.999,21.4488,33.4950,1.31,8.071,55.569,21.3995
31/07/2024 07:55:39.998,21.4486,33.4937,1.30,8.072,55.571,21.4002
31/07/2024 07:56:39.997,21.4498,33.4925,1.31,8.073,55.664,21.4007
31/07/2024 07:57:39.003,21.4502,33.4945,1.30,8.074,55.603,21.4007
31/07/2024 07:58:39.002,21.4508,33.4972,1.30,8.074,55.615,21.3998
31/07/2024 07:59:39.001,21.4524,33.4950,1.30,8.074,55.733,21.3994
31/07/2024 08:00:39.000,21.4536,33.4958,1.30,8.074,55.705,21.3991
31/07/2024 08:01:39.999,21.4553,33.4950,1.31,8.073,55.718,21.3993
31/07/2024 08:02:39.998,21.4550,33.4955,1.30,8.072,55.646,21.3971
31/07/2024 08:03:39.997,21.4560,33.4945,1.30,8.072,55.616,21.3994
31/07/2024 08:04:39.003,21.4573,33.4951,1.31,8.072,55.695,21.3989
31/07/2024 08:05:39.002,21.4591,33.4963,1.31,8.071,55.633,21.3999
31/07/2024 08:06:39.001,21.4596,33.4944,1.31,8.071,55.577,21.3989
31/07/2024 08:07:39.000,21.4585,33.4951,1.30,8.071,55.571,21.3969
31/07/2024 08:08:39.000,21.4591,33.4955,1.31,8.071,55.615,21.3977
31/07/2024 08:09:39.999,21.4609,33.4952,1.30,8.071,55.671,21.3969
31/07/2024 08:10:39.998,21.4608,33.4954,1.31,8.070,55.626,21.3965
31/07/2024 08:11:39.997,21.4626,33.4957,1.31,8.070,55.630,21.3968
31/07/2024 08:12:39.003,21.4650,33.5042,1.28,8.070,55.978,21.3981
31/07/2024 08:13:39.002,21.4629,33.4893,1.27,8.070,55.881,21.3986
31/07/2024 08:14:39.001,21.4390,33.4847,1.28,8.070,55.432,21.3965
31/07/2024 08:15:39.000,21.4408,33.5009,1.28,8.070,55.311,21.3978
31/07/2024 08:16:39.999,21.4578,33.4973,1.27,8.070,55.411,21.3973
31/07/2024 08:17:39.998,21.4659,33.4960,1.27,8.070,55.456,21.3981
31/07/2024 08:18:39.997,21.4685,33.4949,1.27,8.070,55.413,21.3985
31/07/2024 08:19:39.003,21.4694,33.4951,1.27,8.070,55.420,21.3983
31/07/2024 08:20:39.002,21.4699,33.4956,1.26,8.070,55.456,21.3980
31/07/2024 08:21:39.001,21.4707,33.4961,1.27,8.069,55.488,21.3981
31/07/2024 08:22:39.000,21.4724,33.4954,1.27,8.069,55.457,21.3963
31/07/2024 08:23:39.000,21.4718,33.4957,1.26,8.069,55.457,21.3986
31/07/2024 08:24:39.999,21.4725,33.4964,1.27,8.069,55.446,21.3990
31/07/2024 08:25:39.998,21.4732,33.4956,1.26,8.069,55.447,21.3988
31/07/2024 08:26:39.997,21.4733,33.4964,1.26,8.069,55.294,21.3988
31/07/2024 08:27:39.003,21.4718,33.4961,1.27,8.069,55.453,21.3974
31/07/2024 08:28:39.002,21.4733,33.5046,1.22,8.067,55.234,21.3998
31/07/2024 08:29:39.001,21.4750,33.5052,1.24,7.934,55.397,21.4001
31/07/2024 08:30:39.000,21.4764,33.5003,1.26,7.776,55.328,21.3990
31/07/2024 08:31:39.999,21.4757,33.4996,1.26,7.777,55.306,21.4002
31/07/2024 08:32:39.998,21.4787,33.4975,1.26,7.824,55.358,21.4063
31/07/2024 08:33:39.997,21.4778,33.5001,1.26,7.874,55.258,21.4045
31/07/2024 08:34:39.003,21.4777,33.5038,1.25,7.905,55.177,21.4037
31/07/2024 08:35:39.002,21.4779,33.5015,1.25,7.870,55.253,21.4041
31/07/2024 08:36:39.001,21.4797,33.4989,1.26,7.856,55.376,21.4041
31/07/2024 08:37:39.000,21.4784,33.5002,1.27,7.875,55.389,21.4042
31/07/2024 08:38:39.000,21.4779,33.4989,1.26,7.899,55.225,21.4044
31/07/2024 08:39:39.999,21.4770,33.5001,1.26,7.920,55.333,21.4046
31/07/2024 08:40:39.998,21.4782,33.4990,1.26,7.935,55.306,21.4038
31/07/2024 08:41:39.997,21.4782,33.5018,1.25,7.945,55.272,21.4044
31/07/2024 08:42:39.003,21.4782,33.5009,1.26,7.916,55.306,21.4014
31/07/2024 08:43:39.002,21.4763,33.4992,1.26,7.901,55.391,21.4010
31/07/2024 08:44:39.001,21.4742,33.4993,1.26,7.910,55.344,21.4017
31/07/2024 08:45:39.000,21.4749,33.5000,1.25,7.921,55.425,21.4016
31/07/2024 08:46:39.999,21.4732,33.4981,1.26,7.931,55.359,21.4024
31/07/2024 08:47:39.998,21.4694,33.5003,1.25,7.939,55.437,21.4019
31/07/2024 08:48:39.997,21.4691,33.4990,1.26,7.945,55.386,21.4010
31/07/2024 08:49:39.003,21.4668,33.4992,1.26,7.949,55.335,21.4016
31/07/2024 08:50:39.002,21.4654,33.4987,1.26,7.952,55.442,21.4025
31/07/2024 08:51:39.001,21.4646,33.4989,1.26,7.954,55.344,21.4030
31/07/2024 08:52:39.000,21.4647,33.5001,1.26,7.955,55.414,21.4023
31/07/2024 08:53:39.000,21.4648,33.4992,1.26,7.956,55.359,21.4025
31/07/2024 08:54:39.999,21.4632,33.5010,1.26,7.957,55.339,21.4017
31/07/2024 08:55:39.998,21.4650,33.4998,1.26,7.957,55.215,21.4029
31/07/2024 08:56:39.997,21.4620,33.5001,1.26,7.957,55.333,21.3938
31/07/2024 08:57:39.003,21.4613,33.5007,1.26,7.958,55.207,21.4034
31/07/2024 08:58:39.002,21.4624,33.5009,1.26,7.957,55.307,21.4032
31/07/2024 08:59:39.001,21.4639,33.4998,1.26,7.957,55.297,21.4020
31/07/2024 09:00:39.000,21.4640,33.5009,1.26,7.957,55.361,21.4024
31/07/2024 09:01:39.999,21.4639,33.5010,1.26,7.956,55.232,21.4023
31/07/2024 09:02:39.998,21.4647,33.5011,1.26,7.956,55.204,21.4038
31/07/2024 09:03:39.997,21.4655,33.5010,1.26,7.955,55.370,21.4023
31/07/2024 09:04:39.003,21.4655,33.5008,1.25,7.955,55.078,21.4030
31/07/2024 09:05:39.002,21.4654,33.5014,1.26,7.954,55.221,21.4026
31/07/2024 09:06:39.001,21.4655,33.5011,1.26,7.954,55.286,21.4029
31/07/2024 09:07:39.000,21.4649,33.5014,1.26,7.953,55.307,21.4004
31/07/2024 09:08:39.000,21.4507,33.4918,1.25,7.953,56.900,21.4018
31/07/2024 09:09:39.999,21.4283,33.4988,1.26,7.952,55.485,21.4023
31/07/2024 09:10:39.998,21.4246,33.5052,1.26,7.952,55.434,21.4032
31/07/2024 09:11:39.997,21.4421,33.5043,1.26,7.952,55.387,21.4027
31/07/2024 09:12:39.003,21.4515,33.5041,1.26,7.952,55.322,21.4018
31/07/2024 09:13:39.002,21.4572,33.5023,1.26,7.951,55.336,21.4018
31/07/2024 09:14:39.001,21.4609,33.5033,1.26,7.951,55.291,21.4017
31/07/2024 09:15:39.000,21.4630,33.5018,1.26,7.950,55.411,21.4011
31/07/2024 09:16:39.999,21.4643,33.5018,1.26,7.950,55.404,21.4022
31/07/2024 09:17:39.998,21.4679,33.5013,1.26,7.950,55.384,21.4033
31/07/2024 09:18:39.997,21.4701,33.5018,1.26,7.949,55.374,21.4034
31/07/2024 09:19:39.003,21.4726,33.5033,1.26,7.949,55.328,21.4033
31/07/2024 09:20:39.002,21.4751,33.5001,1.25,7.949,55.323,21.4024
31/07/2024 09:21:39.001,21.4745,33.5025,1.26,7.949,55.332,21.4016
31/07/2024 09:22:39.000,21.4781,33.5016,1.26,7.949,55.374,21.3741
31/07/2024 09:23:39.000,21.4789,33.5007,1.26,7.948,55.420,21.3766
31/07/2024 09:24:39.999,21.4780,33.5020,1.26,7.948,55.363,21.3782
