Cruise namePNNL Tank
cast nameCast 190
cruise start date15/08/2023
cruise end date15/08/2023
24/07/2024 11:26:07.000,21.3858,33.0696,1.16,8.086,55.353,21.2335
24/07/2024 11:27:07.000,21.3874,33.0689,1.17,8.086,55.274,21.2324
24/07/2024 11:28:07.000,21.3890,33.0675,1.17,8.087,55.266,21.2342
24/07/2024 11:29:07.000,21.3887,33.0682,1.17,8.087,55.294,21.2370
24/07/2024 11:30:07.000,21.3894,33.0690,1.17,8.087,55.267,21.2365
24/07/2024 11:31:07.000,21.3901,33.0681,1.17,8.087,55.379,21.2349
24/07/2024 11:32:07.000,21.3896,33.0690,1.17,8.087,55.403,21.2345
24/07/2024 11:33:07.000,21.3897,33.0692,1.17,8.087,55.329,21.2453
24/07/2024 11:34:07.000,21.3914,33.0673,1.17,8.088,55.413,21.2432
24/07/2024 11:35:07.000,21.3920,33.0679,1.17,8.088,55.325,21.2456
24/07/2024 11:36:07.000,21.3906,33.0685,1.17,8.089,55.459,21.2242
24/07/2024 11:37:07.000,21.3903,33.0679,1.18,8.089,55.256,21.2361
24/07/2024 11:38:07.000,21.3912,33.0692,1.17,8.089,55.264,21.2369
24/07/2024 11:39:07.000,21.3900,33.0708,1.17,8.090,55.349,21.2356
24/07/2024 11:40:07.000,21.3919,33.0682,1.17,8.091,55.241,21.2356
24/07/2024 11:41:07.000,21.3924,33.0688,1.17,8.090,55.295,21.2348
24/07/2024 11:42:07.000,21.3942,33.0688,1.17,8.090,55.271,21.2352
24/07/2024 11:43:07.000,21.3946,33.0686,1.16,8.090,55.260,21.2365
24/07/2024 11:44:07.000,21.3939,33.0694,1.16,8.089,55.324,21.2377
24/07/2024 11:45:07.000,21.3944,33.0685,1.17,8.089,55.318,21.2375
24/07/2024 11:46:07.000,21.3942,33.0695,1.17,8.089,55.262,21.2376
24/07/2024 11:47:07.000,21.3945,33.0686,1.17,8.089,55.349,21.2370
24/07/2024 11:48:07.000,21.3947,33.0683,1.17,8.089,55.329,21.2380
24/07/2024 11:49:07.000,21.3951,33.0685,1.17,8.089,55.370,21.2387
24/07/2024 11:50:07.000,21.3961,33.0688,1.17,8.089,55.315,21.2371
24/07/2024 11:51:07.000,21.3960,33.0695,1.17,8.089,55.417,21.2374
24/07/2024 11:52:07.000,21.3962,33.0700,1.16,8.089,55.386,21.2373
24/07/2024 11:53:07.000,21.3980,33.0691,1.17,8.089,55.406,21.2376
24/07/2024 11:54:07.000,21.3980,33.0714,1.17,8.089,55.321,21.2378
24/07/2024 11:55:07.000,21.3985,33.0693,1.17,8.089,55.301,21.2399
24/07/2024 11:56:07.000,21.3986,33.0693,1.17,8.088,55.321,21.2389
24/07/2024 11:57:07.000,21.3992,33.0687,1.16,8.088,55.291,21.2401
24/07/2024 11:58:07.000,21.3982,33.0693,1.16,8.088,55.248,21.2400
24/07/2024 11:59:07.000,21.3983,33.0687,1.16,8.088,55.215,21.2396
24/07/2024 12:00:07.000,21.3978,33.0689,1.16,8.088,55.188,21.2376
24/07/2024 12:01:07.000,21.3984,33.0694,1.17,8.088,55.200,21.2403
24/07/2024 12:02:07.000,21.3993,33.0707,1.17,8.088,55.153,21.2400
24/07/2024 12:03:07.000,21.4005,33.0687,1.17,8.088,55.262,21.2398
24/07/2024 12:04:07.000,21.3996,33.0692,1.17,8.088,55.156,21.2390
24/07/2024 12:05:07.000,21.3993,33.0688,1.16,8.088,55.223,21.2407
24/07/2024 12:06:07.000,21.3992,33.0691,1.16,8.090,55.269,21.2263
24/07/2024 12:07:07.000,21.3997,33.0703,1.16,8.092,55.223,21.2251
24/07/2024 12:08:07.000,21.3998,33.0703,1.16,8.092,55.195,21.2259
24/07/2024 12:09:07.000,21.4004,33.0703,1.17,8.091,55.275,21.2233
24/07/2024 12:10:07.000,21.3995,33.0709,1.16,8.091,55.293,21.2272
24/07/2024 12:11:07.000,21.4004,33.0690,1.16,8.091,55.187,21.2225
24/07/2024 12:12:07.000,21.4006,33.0689,1.17,8.091,55.256,21.2243
24/07/2024 12:13:07.000,21.4009,33.0689,1.16,8.091,55.306,21.2230
24/07/2024 12:14:07.000,21.4012,33.0697,1.16,8.090,55.270,21.2243
24/07/2024 12:15:07.000,21.4014,33.0705,1.17,8.090,55.245,21.2271
24/07/2024 12:16:07.000,21.4020,33.0699,1.17,8.090,55.300,21.2270
24/07/2024 12:17:07.000,21.4018,33.0707,1.17,8.090,55.278,21.2265
24/07/2024 12:18:07.000,21.4027,33.0698,1.17,8.090,55.280,21.2281
24/07/2024 12:19:07.000,21.4032,33.0702,1.16,8.089,55.256,21.2274
24/07/2024 12:20:07.000,21.4045,33.0696,1.17,8.089,55.268,21.2273
24/07/2024 12:21:07.000,21.4052,33.0699,1.16,8.089,55.177,21.2275
24/07/2024 12:22:07.000,21.4056,33.0704,1.17,8.089,55.378,21.2281
24/07/2024 12:23:07.000,21.4071,33.0694,1.17,8.089,55.207,21.2472
24/07/2024 12:24:07.000,21.4068,33.0701,1.16,8.089,55.248,21.2469
24/07/2024 12:25:07.000,21.4077,33.0708,1.16,8.089,55.368,21.2479
24/07/2024 12:26:07.000,21.4081,33.0705,1.16,8.089,55.308,21.2483
24/07/2024 12:27:07.000,21.4097,33.0700,1.16,8.089,55.221,21.2479
24/07/2024 12:28:07.000,21.4100,33.0694,1.16,8.089,55.218,21.2478
24/07/2024 12:29:07.000,21.4100,33.0706,1.16,8.089,55.273,21.2391
24/07/2024 12:30:07.000,21.4109,33.0692,1.17,8.089,55.248,21.2409
24/07/2024 12:31:07.000,21.4106,33.0708,1.16,8.089,55.342,21.2399
24/07/2024 12:32:07.000,21.4116,33.0717,1.16,8.089,55.168,21.2405
24/07/2024 12:33:07.000,21.4125,33.0700,1.16,8.089,55.259,21.2411
24/07/2024 12:34:07.000,21.4126,33.0710,1.16,8.089,55.292,21.2425
24/07/2024 12:35:07.000,21.4134,33.0691,1.16,8.089,55.261,21.2433
24/07/2024 12:36:07.000,21.4137,33.0702,1.16,8.089,55.344,21.2428
24/07/2024 12:37:07.000,21.4145,33.0698,1.17,8.089,55.292,21.2444
24/07/2024 12:38:07.000,21.4148,33.0705,1.16,8.089,55.339,21.2424
24/07/2024 12:39:07.000,21.4148,33.0712,1.16,8.089,55.160,21.2422
24/07/2024 12:40:07.000,21.4149,33.0713,1.16,8.089,55.262,21.2450
24/07/2024 12:41:07.000,21.4141,33.0702,1.17,8.089,55.270,21.2452
24/07/2024 12:42:07.000,21.4143,33.0716,1.16,8.089,55.293,21.2453
24/07/2024 12:43:07.000,21.4143,33.0711,1.16,8.089,55.374,21.2463
24/07/2024 12:44:07.000,21.4142,33.0712,1.16,8.089,55.286,21.2457
24/07/2024 12:45:07.000,21.4143,33.0712,1.17,8.089,55.318,21.2461
24/07/2024 12:46:07.000,21.4141,33.0715,1.16,8.088,55.160,21.2463
24/07/2024 12:47:07.000,21.4150,33.0702,1.15,8.088,55.371,21.2460
24/07/2024 12:48:07.000,21.4146,33.0705,1.16,8.088,55.117,21.2454
24/07/2024 12:49:07.000,21.4144,33.0714,1.16,8.088,55.269,21.2451
24/07/2024 12:50:07.000,21.4148,33.0713,1.16,8.088,55.267,21.2460
24/07/2024 12:51:07.000,21.4160,33.0715,1.16,8.088,55.226,21.2479
24/07/2024 12:52:07.000,21.4170,33.0717,1.15,8.087,55.288,21.2462
24/07/2024 12:53:07.000,21.4200,33.0713,1.15,8.087,55.178,21.2476
24/07/2024 12:54:07.000,21.4226,33.0709,1.16,8.087,55.303,21.2476
24/07/2024 12:55:07.000,21.4256,33.0714,1.16,8.087,55.257,21.2477
24/07/2024 12:56:07.000,21.4271,33.0716,1.15,8.087,55.249,21.2475
24/07/2024 12:57:07.000,21.4290,33.0718,1.16,8.087,55.179,21.2486
24/07/2024 12:58:07.000,21.4306,33.0718,1.16,8.086,55.342,21.2537
24/07/2024 12:59:07.000,21.4320,33.0728,1.15,8.086,55.297,21.2470
24/07/2024 13:00:07.000,21.4338,33.0710,1.19,8.086,55.223,21.2490
24/07/2024 13:01:07.000,21.4351,33.0711,1.15,8.086,55.284,21.2489
24/07/2024 13:02:07.000,21.4358,33.0717,1.16,8.086,55.185,21.2497
24/07/2024 13:03:07.000,21.4372,33.0721,1.16,8.086,55.270,21.2495
24/07/2024 13:04:07.000,21.4390,33.0716,1.16,8.086,55.244,21.2504
24/07/2024 13:05:07.000,21.4395,33.0720,1.16,8.086,55.344,21.2499
24/07/2024 13:06:07.000,21.4407,33.0718,1.16,8.086,55.265,21.2505
24/07/2024 13:07:07.000,21.4427,33.0714,1.16,8.086,55.275,21.2499
24/07/2024 13:08:07.000,21.4440,33.0715,1.16,8.085,55.188,21.2510
24/07/2024 13:09:07.000,21.4438,33.0706,1.16,8.085,55.265,21.2513
24/07/2024 13:10:07.000,21.4443,33.0707,1.16,8.086,55.233,21.2499
24/07/2024 13:11:07.000,21.4450,33.0714,1.16,8.086,55.270,21.2515
24/07/2024 13:12:07.000,21.4460,33.0707,1.16,8.086,55.240,21.2521
24/07/2024 13:13:07.000,21.4472,33.0713,1.16,8.086,55.291,21.2525
24/07/2024 13:14:07.000,21.4479,33.0717,1.15,8.086,55.261,21.2525
24/07/2024 13:15:07.000,21.4488,33.0715,1.16,8.086,55.191,21.2543
24/07/2024 13:16:07.000,21.4501,33.0713,1.16,8.086,55.327,21.2539
24/07/2024 13:17:07.000,21.4500,33.0717,1.16,8.086,55.233,21.2538
24/07/2024 13:18:07.000,21.4512,33.0719,1.16,8.086,55.157,21.2506
24/07/2024 13:19:07.000,21.4519,33.0718,1.16,8.086,55.038,21.2530
24/07/2024 13:20:07.000,21.4536,33.0723,1.17,8.087,55.241,21.2535
24/07/2024 13:21:07.000,21.4548,33.0722,1.16,8.087,55.214,21.2548
24/07/2024 13:22:07.000,21.4554,33.0724,1.17,8.088,55.197,21.2550
24/07/2024 13:23:07.000,21.4557,33.0712,1.16,8.088,55.165,21.2543
24/07/2024 13:24:07.000,21.4561,33.0718,1.16,8.088,55.183,21.2545
24/07/2024 13:25:07.000,21.4537,33.0728,1.16,8.088,55.192,21.2548
24/07/2024 13:26:07.000,21.4528,33.0715,1.16,8.088,55.305,21.2537
24/07/2024 13:27:07.000,21.4514,33.0714,1.16,8.088,55.242,21.2559
24/07/2024 13:28:07.000,21.4501,33.0716,1.16,8.089,55.112,21.2557
24/07/2024 13:29:07.000,21.4498,33.0710,1.16,8.089,55.190,21.2567
24/07/2024 13:30:07.000,21.4480,33.0713,1.15,8.089,55.219,21.2649
24/07/2024 13:31:07.000,21.4474,33.0718,1.16,8.088,55.266,21.2644
24/07/2024 13:32:07.000,21.4484,33.0714,1.16,8.089,55.267,21.2646
24/07/2024 13:33:07.000,21.4477,33.0717,1.16,8.089,55.269,21.2647
24/07/2024 13:34:07.000,21.4477,33.0719,1.17,8.089,55.336,21.2653
24/07/2024 13:35:07.000,21.4488,33.0716,1.17,8.089,55.310,21.2646
24/07/2024 13:36:07.000,21.4474,33.0722,1.17,8.090,55.269,21.2647
24/07/2024 13:37:07.000,21.4476,33.0722,1.16,8.090,55.217,21.2632
24/07/2024 13:38:07.000,21.4488,33.0718,1.16,8.090,55.159,21.2634
24/07/2024 13:39:07.000,21.4473,33.0719,1.16,8.091,55.267,21.2647
24/07/2024 13:40:07.000,21.4475,33.0709,1.17,8.092,55.335,21.2655
24/07/2024 13:41:07.000,21.4460,33.0735,1.16,8.094,55.195,21.2664
24/07/2024 13:42:07.000,21.4463,33.0724,1.16,8.094,55.219,21.2672
24/07/2024 13:43:07.000,21.4452,33.0723,1.17,8.095,55.235,21.2687
24/07/2024 13:44:07.000,21.4447,33.0726,1.16,8.096,55.164,21.2701
24/07/2024 13:45:07.000,21.4450,33.0717,1.17,8.098,55.331,21.2688
24/07/2024 13:46:07.000,21.4453,33.0731,1.17,8.099,55.205,21.2698
24/07/2024 13:47:07.000,21.4446,33.0720,1.16,8.100,55.217,21.2697
24/07/2024 13:48:07.000,21.4443,33.0734,1.17,8.101,55.316,21.2705
24/07/2024 13:49:07.000,21.4442,33.0725,1.17,8.102,55.230,21.2697
24/07/2024 13:50:07.000,21.4439,33.0726,1.16,8.104,55.267,21.2640
24/07/2024 13:51:07.000,21.4446,33.0739,1.16,8.105,55.122,21.2694
24/07/2024 13:52:07.000,21.4451,33.0725,1.17,8.107,55.158,21.2677
24/07/2024 13:53:07.000,21.4450,33.0739,1.17,8.108,55.239,21.2690
24/07/2024 13:54:07.000,21.4439,33.0738,1.17,8.109,55.217,21.2691
24/07/2024 13:55:07.000,21.4443,33.0733,1.17,8.110,55.193,21.2711
24/07/2024 13:56:07.000,21.4442,33.0741,1.16,8.111,55.151,21.2694
24/07/2024 13:57:07.000,21.4443,33.0730,1.17,8.112,55.067,21.2713
24/07/2024 13:58:07.000,21.4438,33.0742,1.17,8.113,55.236,21.2700
24/07/2024 13:59:07.000,21.4435,33.0725,1.17,8.113,55.204,21.2706
24/07/2024 14:00:07.000,21.4429,33.0760,1.16,8.114,55.195,21.2719
24/07/2024 14:01:07.000,21.4434,33.0742,1.16,8.114,55.119,21.2712
24/07/2024 14:02:07.000,21.4436,33.0739,1.16,8.114,55.191,21.2757
24/07/2024 14:03:07.000,21.4449,33.0733,1.17,8.115,55.239,21.2721
24/07/2024 14:04:07.000,21.4430,33.0745,1.17,8.115,55.322,21.2753
24/07/2024 14:05:07.000,21.4441,33.0740,1.17,8.115,55.226,21.2763
24/07/2024 14:06:07.000,21.4446,33.0743,1.17,8.115,55.272,21.2755
24/07/2024 14:07:07.000,21.4448,33.0759,1.16,8.115,55.383,21.2749
24/07/2024 14:08:07.000,21.4440,33.0741,1.16,8.115,55.221,21.2763
24/07/2024 14:09:07.000,21.4434,33.0745,1.16,8.115,55.169,21.2776
24/07/2024 14:10:07.000,21.4451,33.0760,1.17,8.115,55.275,21.2781
24/07/2024 14:11:07.000,21.4451,33.0744,1.17,8.115,55.248,21.2328
24/07/2024 14:12:07.000,21.4451,33.0746,1.16,8.115,55.212,21.2799
24/07/2024 14:13:07.000,21.4459,33.0757,1.16,8.115,55.289,21.2806
24/07/2024 14:14:07.000,21.4465,33.0752,1.17,8.115,55.259,21.2796
24/07/2024 14:15:07.000,21.4479,33.0728,1.17,8.115,55.207,21.2811
24/07/2024 14:16:07.000,21.4469,33.0753,1.17,8.115,55.118,21.2810
24/07/2024 14:17:07.000,21.4463,33.0757,1.17,8.115,55.196,21.2824
24/07/2024 14:18:07.000,21.4480,33.0760,1.17,8.114,55.132,21.2811
24/07/2024 14:19:07.000,21.4491,33.0745,1.16,8.114,55.252,21.2821
24/07/2024 14:20:07.000,21.4499,33.0746,1.17,8.114,55.091,21.2816
24/07/2024 14:21:07.000,21.4508,33.0751,1.16,8.113,55.175,21.2840
24/07/2024 14:22:07.000,21.4504,33.0753,1.17,8.113,55.313,21.2829
24/07/2024 14:23:07.000,21.4504,33.0745,1.17,8.112,55.366,21.2828
24/07/2024 14:24:07.000,21.4497,33.0755,1.17,8.111,55.177,21.2849
24/07/2024 14:25:07.000,21.4505,33.0745,1.17,8.110,55.261,21.2852
24/07/2024 14:26:07.000,21.4503,33.0750,1.16,8.109,55.200,21.2860
24/07/2024 14:27:07.000,21.4512,33.0752,1.16,8.109,55.353,21.2859
24/07/2024 14:28:07.000,21.4516,33.0752,1.16,8.108,55.200,21.2861
24/07/2024 14:29:07.000,21.4518,33.0747,1.16,8.107,55.223,21.2866
24/07/2024 14:30:07.000,21.4523,33.0755,1.16,8.106,55.220,21.2865
24/07/2024 14:31:07.000,21.4534,33.0752,1.17,8.106,55.160,21.2873
24/07/2024 14:32:07.000,21.4530,33.0764,1.17,8.105,55.265,21.2857
24/07/2024 14:33:07.000,21.4534,33.0755,1.16,8.104,55.201,21.2873
24/07/2024 14:34:07.000,21.4533,33.0751,1.16,8.103,55.203,21.2868
24/07/2024 14:35:07.000,21.4523,33.0749,1.17,8.103,55.264,21.2883
24/07/2024 14:36:07.000,21.4501,33.0757,1.17,8.102,55.243,21.2879
24/07/2024 14:37:07.000,21.4496,33.0763,1.16,8.101,55.258,21.2885
24/07/2024 14:38:07.000,21.4496,33.0740,1.16,8.101,55.237,21.2890
24/07/2024 14:39:07.000,21.4503,33.0771,1.16,8.100,55.305,21.2892
24/07/2024 14:40:07.000,21.4514,33.0756,1.17,8.099,55.259,21.2886
24/07/2024 14:41:07.000,21.4530,33.0770,1.16,8.099,55.259,21.2878
24/07/2024 14:42:07.000,21.4553,33.0766,1.16,8.099,55.228,21.2900
24/07/2024 14:43:07.000,21.4566,33.0762,1.17,8.098,55.300,21.2887
24/07/2024 14:44:07.000,21.4583,33.0767,1.17,8.098,55.220,21.2903
24/07/2024 14:45:07.000,21.4593,33.0774,1.17,8.097,55.209,21.2906
24/07/2024 14:46:07.000,21.4606,33.0752,1.17,8.097,55.223,21.2903
24/07/2024 14:47:07.000,21.4609,33.0771,1.17,8.097,55.126,21.2914
24/07/2024 14:48:07.000,21.4623,33.0766,1.17,8.097,55.072,21.2911
24/07/2024 14:49:07.000,21.4635,33.0766,1.17,8.096,55.171,21.2900
24/07/2024 14:50:07.000,21.4642,33.0768,1.17,8.096,55.226,21.2920
24/07/2024 14:51:07.000,21.4647,33.0769,1.16,8.097,55.305,21.2922
24/07/2024 14:52:07.000,21.4653,33.0761,1.16,8.097,55.216,21.2917
24/07/2024 14:53:07.000,21.4661,33.0766,1.16,8.097,55.247,21.2924
24/07/2024 14:54:07.000,21.4670,33.0759,1.17,8.098,55.318,21.2918
24/07/2024 14:55:07.000,21.4677,33.0767,1.17,8.098,55.215,21.2925
24/07/2024 14:56:07.000,21.4684,33.0767,1.17,8.098,55.122,21.2934
24/07/2024 14:57:07.000,21.4689,33.0772,1.16,8.097,55.233,21.2947
24/07/2024 14:58:07.000,21.4705,33.0765,1.16,8.097,55.079,21.2951
24/07/2024 14:59:07.000,21.4711,33.0755,1.17,8.097,55.152,21.2967
24/07/2024 15:00:07.000,21.4703,33.0767,1.17,8.097,55.174,21.2971
24/07/2024 15:01:07.000,21.4721,33.0770,1.17,8.097,55.178,21.2983
24/07/2024 15:02:07.000,21.4733,33.0771,1.17,8.096,55.012,21.2997
24/07/2024 15:03:07.000,21.4743,33.0764,1.17,8.096,55.186,21.3003
24/07/2024 15:04:07.000,21.4747,33.0767,1.17,8.096,55.167,21.3002
24/07/2024 15:05:07.000,21.4746,33.0768,1.17,8.095,55.153,21.3004
24/07/2024 15:06:07.000,21.4757,33.0770,1.17,8.095,55.182,21.3011
24/07/2024 15:07:07.000,21.4771,33.0765,1.18,8.095,55.199,21.3017
24/07/2024 15:08:07.000,21.4755,33.0775,1.17,8.095,55.143,21.3030
24/07/2024 15:09:07.000,21.4754,33.0774,1.18,8.096,55.185,21.3041
24/07/2024 15:10:07.000,21.4753,33.0759,1.16,8.096,55.162,21.3035
24/07/2024 15:11:07.000,21.4760,33.0768,1.17,8.096,55.060,21.3040
24/07/2024 15:12:07.000,21.4763,33.0775,1.17,8.096,55.192,21.3047
24/07/2024 15:13:07.000,21.4765,33.0782,1.17,8.096,55.113,21.3018
24/07/2024 15:14:07.000,21.4786,33.0777,1.17,8.096,55.201,21.3055
24/07/2024 15:15:07.000,21.4797,33.0776,1.17,8.096,55.076,21.3053
24/07/2024 15:16:07.000,21.4800,33.0768,1.18,8.096,55.084,21.3056
24/07/2024 15:17:07.000,21.4803,33.0776,1.18,8.096,55.229,21.3059
24/07/2024 15:18:07.000,21.4818,33.0764,1.18,8.096,55.104,21.3061
24/07/2024 15:19:07.000,21.4813,33.0761,1.18,8.096,55.049,21.3046
24/07/2024 15:20:07.000,21.4809,33.0794,1.18,8.096,55.041,21.3070
24/07/2024 15:21:07.000,21.4821,33.0771,1.16,8.096,55.094,21.3070
24/07/2024 15:22:07.000,21.4825,33.0787,1.17,8.096,55.062,21.3077
24/07/2024 15:23:07.000,21.4837,33.0768,1.18,8.096,55.293,21.3082
24/07/2024 15:24:07.000,21.4838,33.0790,1.17,8.096,55.221,21.3077
24/07/2024 15:25:07.000,21.4847,33.0781,1.16,8.096,55.185,21.3084
24/07/2024 15:26:07.001,21.4859,33.0771,1.17,8.096,55.150,21.3076
24/07/2024 15:27:07.000,21.4854,33.0765,1.17,8.096,55.043,21.3076
24/07/2024 15:28:07.001,21.4843,33.0777,1.17,8.096,55.092,21.3089
24/07/2024 15:29:07.000,21.4828,33.0777,1.17,8.096,55.112,21.3089
24/07/2024 15:30:07.001,21.4822,33.0757,1.17,8.096,55.092,21.3091
24/07/2024 15:31:07.000,21.4785,33.0775,1.17,8.096,55.077,21.3103
24/07/2024 15:32:07.000,21.4765,33.0770,1.17,8.096,55.080,21.3105
24/07/2024 15:33:07.000,21.4757,33.0764,1.17,8.095,55.049,21.3115
24/07/2024 15:34:07.000,21.4741,33.0770,1.17,8.096,55.164,21.3118
24/07/2024 15:35:07.999,21.4731,33.0769,1.18,8.096,55.174,21.3111
24/07/2024 15:36:07.000,21.4718,33.0776,1.17,8.096,55.066,21.3114
24/07/2024 15:37:07.999,21.4711,33.0769,1.17,8.096,55.158,21.3126
24/07/2024 15:38:07.000,21.4713,33.0790,1.18,8.096,55.235,21.3127
24/07/2024 15:39:07.999,21.4699,33.0786,1.18,8.096,55.069,21.3121
24/07/2024 15:40:07.000,21.4697,33.0795,1.17,8.096,55.279,21.3134
24/07/2024 15:41:07.001,21.4692,33.0787,1.16,8.096,55.126,21.3134
24/07/2024 15:42:07.000,21.4687,33.0781,1.18,8.096,55.111,21.3132
24/07/2024 15:43:07.001,21.4689,33.0775,1.18,8.096,55.069,21.3131
24/07/2024 15:44:07.000,21.4686,33.0781,1.17,8.096,55.131,21.3137
24/07/2024 15:45:07.001,21.4680,33.0797,1.18,8.096,55.109,21.3141
24/07/2024 15:46:07.000,21.4680,33.0785,1.17,8.097,55.112,21.3144
24/07/2024 15:47:07.000,21.4681,33.0782,1.17,8.097,55.147,21.3142
24/07/2024 15:48:07.000,21.4677,33.0782,1.17,8.098,55.109,21.3135
24/07/2024 15:49:07.000,21.4663,33.0794,1.17,8.098,55.177,21.3148
24/07/2024 15:50:07.999,21.4667,33.0799,1.17,8.098,55.201,21.3151
24/07/2024 15:51:07.000,21.4668,33.0787,1.17,8.099,55.081,21.3152
24/07/2024 15:52:07.999,21.4660,33.0793,1.17,8.100,55.198,21.3155
24/07/2024 15:53:07.000,21.4664,33.0781,1.18,8.100,55.245,21.3156
24/07/2024 15:54:07.999,21.4655,33.0815,1.16,8.101,55.161,21.3157
24/07/2024 15:55:07.000,21.4670,33.0796,1.17,8.101,55.129,21.3141
24/07/2024 15:56:07.001,21.4664,33.0799,1.18,8.102,55.143,21.3149
24/07/2024 15:57:07.000,21.4655,33.0798,1.18,8.103,55.077,21.3164
24/07/2024 15:58:07.001,21.4648,33.0799,1.17,8.103,55.159,21.3164
24/07/2024 15:59:07.000,21.4649,33.0794,1.18,8.103,55.084,21.3162
24/07/2024 16:00:07.001,21.4641,33.0800,1.17,8.103,55.106,21.3170
24/07/2024 16:01:07.000,21.4646,33.0794,1.18,8.102,55.228,21.3161
24/07/2024 16:02:07.000,21.4645,33.0804,1.18,8.102,55.226,21.3170
24/07/2024 16:03:07.000,21.4642,33.0797,1.17,8.102,55.239,21.3171
24/07/2024 16:04:07.000,21.4636,33.0785,1.18,8.102,55.270,21.3161
24/07/2024 16:05:07.999,21.4639,33.0801,1.18,8.102,55.169,21.3150
24/07/2024 16:06:07.000,21.4634,33.0796,1.17,8.102,55.146,21.3173
24/07/2024 16:07:07.999,21.4637,33.0804,1.16,8.102,55.137,21.3162
24/07/2024 16:08:07.000,21.4650,33.0794,1.18,8.101,55.278,21.3171
24/07/2024 16:09:07.999,21.4644,33.0804,1.18,8.101,55.037,21.3179
24/07/2024 16:10:07.000,21.4649,33.0795,1.17,8.101,55.149,21.3179
24/07/2024 16:11:07.001,21.4659,33.0796,1.18,8.101,55.168,21.3176
24/07/2024 16:12:07.000,21.4651,33.0811,1.18,8.101,55.178,21.3172
24/07/2024 16:13:07.001,21.4661,33.0796,1.18,8.100,55.097,21.3178
24/07/2024 16:14:07.000,21.4664,33.0800,1.17,8.100,55.067,21.3171
24/07/2024 16:15:07.001,21.4668,33.0811,1.18,8.100,55.152,21.3184
24/07/2024 16:16:07.000,21.4665,33.0802,1.18,8.100,55.037,21.3185
24/07/2024 16:17:07.000,21.4667,33.0805,1.18,8.100,55.054,21.3188
24/07/2024 16:18:07.000,21.4680,33.0796,1.17,8.100,55.176,21.3188
24/07/2024 16:19:07.000,21.4686,33.0797,1.17,8.099,55.255,21.3193
24/07/2024 16:20:07.999,21.4706,33.0815,1.17,8.099,55.176,21.3194
24/07/2024 16:21:07.000,21.4744,33.0818,1.17,8.099,55.119,21.3190
24/07/2024 16:22:07.999,21.4774,33.0797,1.18,8.099,55.083,21.3193
24/07/2024 16:23:07.000,21.4794,33.0808,1.17,8.099,55.271,21.3200
24/07/2024 16:24:07.999,21.4830,33.0809,1.18,8.098,55.208,21.3188
24/07/2024 16:25:07.000,21.4854,33.0804,1.17,8.098,55.212,21.3207
24/07/2024 16:26:07.001,21.4865,33.0812,1.17,8.098,55.150,21.3199
24/07/2024 16:27:07.000,21.4883,33.0803,1.17,8.098,55.180,21.3201
24/07/2024 16:28:07.001,21.4889,33.0812,1.18,8.098,55.223,21.3215
24/07/2024 16:29:07.000,21.4904,33.0804,1.18,8.097,55.173,21.3207
24/07/2024 16:30:07.001,21.4915,33.0806,1.19,8.097,55.115,21.3212
24/07/2024 16:31:07.000,21.4930,33.0806,1.18,8.097,55.246,21.3226
24/07/2024 16:32:07.000,21.4940,33.0810,1.17,8.097,55.072,21.3232
24/07/2024 16:33:07.000,21.4940,33.0809,1.18,8.097,55.315,21.3214
24/07/2024 16:34:07.000,21.4945,33.0818,1.18,8.097,55.231,21.3226
24/07/2024 16:35:07.999,21.4950,33.0812,1.18,8.096,55.147,21.3223
24/07/2024 16:36:07.000,21.4957,33.0805,1.19,8.096,55.193,21.3250
24/07/2024 16:37:07.999,21.4974,33.0809,1.18,8.096,55.223,21.3250
24/07/2024 16:38:07.000,21.4975,33.0807,1.19,8.096,55.219,21.3255
24/07/2024 16:39:07.999,21.4979,33.0809,1.17,8.096,55.223,21.3260
24/07/2024 16:40:07.000,21.4989,33.0810,1.18,8.096,55.083,21.3265
24/07/2024 16:41:07.001,21.4988,33.0813,1.18,8.097,55.200,21.3268
24/07/2024 16:42:07.000,21.4983,33.0806,1.18,8.097,55.157,21.3258
24/07/2024 16:43:07.001,21.4984,33.0817,1.18,8.097,55.073,21.3270
24/07/2024 16:44:07.000,21.4984,33.0807,1.17,8.097,55.208,21.3279
24/07/2024 16:45:07.001,21.4991,33.0800,1.17,8.097,55.023,21.3275
24/07/2024 16:46:07.000,21.4999,33.0802,1.18,8.097,55.086,21.3287
24/07/2024 16:47:07.000,21.5010,33.0803,1.17,8.098,55.192,21.3289
24/07/2024 16:48:07.000,21.5017,33.0820,1.18,8.099,55.162,21.3295
24/07/2024 16:49:07.000,21.5017,33.0822,1.18,8.099,55.275,21.3299
24/07/2024 16:50:07.999,21.5025,33.0800,1.18,8.099,55.203,21.3291
24/07/2024 16:51:07.000,21.5026,33.0812,1.18,8.100,55.150,21.3307
24/07/2024 16:52:07.999,21.5033,33.0812,1.17,8.100,55.225,21.3309
24/07/2024 16:53:07.000,21.5034,33.0814,1.17,8.101,55.073,21.3302
24/07/2024 16:54:07.999,21.5043,33.0818,1.18,8.101,55.214,21.3314
24/07/2024 16:55:07.000,21.5039,33.0817,1.18,8.101,55.244,21.3326
24/07/2024 16:56:07.001,21.5043,33.0815,1.17,8.102,55.150,21.3324
24/07/2024 16:57:07.000,21.5050,33.0813,1.18,8.102,55.144,21.3323
24/07/2024 16:58:07.001,21.5059,33.0811,1.18,8.102,55.206,21.3332
24/07/2024 16:59:07.000,21.5056,33.0819,1.18,8.102,55.287,21.3337
24/07/2024 17:00:07.001,21.5055,33.0816,1.18,8.102,55.322,21.3335
24/07/2024 17:01:07.000,21.5051,33.0810,1.17,8.103,55.117,21.3333
24/07/2024 17:02:07.000,21.5042,33.0813,1.18,8.103,55.269,21.3345
24/07/2024 17:03:07.000,21.5015,33.0812,1.18,8.103,55.204,21.3348
24/07/2024 17:04:07.000,21.4992,33.0808,1.17,8.103,55.249,21.3348
24/07/2024 17:05:07.999,21.4980,33.0808,1.18,8.103,55.230,21.3356
24/07/2024 17:06:07.000,21.4964,33.0806,1.18,8.103,55.254,21.3359
24/07/2024 17:07:07.999,21.4947,33.0804,1.18,8.103,55.331,21.3347
24/07/2024 17:08:07.000,21.4947,33.0814,1.19,8.104,55.214,21.3350
24/07/2024 17:09:07.999,21.4941,33.0815,1.18,8.104,55.187,21.3354
24/07/2024 17:10:07.000,21.4923,33.0826,1.18,8.104,55.270,21.3366
24/07/2024 17:11:07.001,21.4923,33.0821,1.18,8.104,55.257,21.3354
24/07/2024 17:12:07.000,21.4925,33.0807,1.19,8.104,55.236,21.3359
24/07/2024 17:13:07.001,21.4913,33.0809,1.18,8.105,55.272,21.3352
24/07/2024 17:14:07.000,21.4907,33.0813,1.18,8.105,55.172,21.3365
24/07/2024 17:15:07.001,21.4894,33.0832,1.17,8.105,55.132,21.3364
24/07/2024 17:16:07.000,21.4886,33.0828,1.18,8.105,55.208,21.3372
24/07/2024 17:17:07.000,21.4895,33.0815,1.18,8.105,55.209,21.3375
24/07/2024 17:18:07.000,21.4884,33.0824,1.19,8.105,55.232,21.3382
24/07/2024 17:19:07.000,21.4876,33.0821,1.18,8.105,55.304,21.3395
24/07/2024 17:20:07.999,21.4881,33.0828,1.19,8.105,55.125,21.3377
24/07/2024 17:21:07.000,21.4875,33.0829,1.18,8.105,55.315,21.3397
24/07/2024 17:22:07.999,21.4884,33.0821,1.17,8.105,55.319,21.3389
24/07/2024 17:23:07.000,21.4874,33.0824,1.18,8.105,55.356,21.3395
24/07/2024 17:24:07.999,21.4866,33.0828,1.18,8.104,55.120,21.3395
24/07/2024 17:25:07.000,21.4874,33.0823,1.19,8.105,55.242,21.3405
24/07/2024 17:26:07.001,21.4871,33.0819,1.18,8.104,55.288,21.3400
24/07/2024 17:27:07.000,21.4878,33.0839,1.19,8.105,55.230,21.3409
24/07/2024 17:28:07.001,21.4867,33.0827,1.18,8.104,55.245,21.3397
24/07/2024 17:29:07.000,21.4865,33.0831,1.18,8.104,55.305,21.3392
24/07/2024 17:30:07.001,21.4860,33.0833,1.18,8.104,55.218,21.3411
24/07/2024 17:31:07.000,21.4873,33.0825,1.18,8.104,55.298,21.3415
24/07/2024 17:32:07.000,21.4868,33.0837,1.18,8.104,55.337,21.3412
24/07/2024 17:33:07.000,21.4867,33.0832,1.17,8.104,55.236,21.3420
24/07/2024 17:34:07.000,21.4873,33.0835,1.19,8.104,55.192,21.3418
24/07/2024 17:35:07.999,21.4870,33.0834,1.18,8.104,55.178,21.3419
24/07/2024 17:36:07.000,21.4862,33.0848,1.18,8.104,55.313,21.3416
24/07/2024 17:37:07.999,21.4855,33.0855,1.18,8.104,55.324,21.3425
24/07/2024 17:38:07.000,21.4853,33.0847,1.19,8.104,55.224,21.3431
24/07/2024 17:39:07.999,21.4850,33.0846,1.18,8.104,55.180,21.3420
24/07/2024 17:40:07.000,21.4854,33.0841,1.18,8.103,55.222,21.3420
24/07/2024 17:41:07.001,21.4879,33.0846,1.18,8.103,55.293,21.3435
24/07/2024 17:42:07.000,21.4891,33.0845,1.18,8.103,55.151,21.3439
24/07/2024 17:43:07.001,21.4912,33.0850,1.17,8.103,55.271,21.3441
24/07/2024 17:44:07.000,21.4925,33.0850,1.19,8.102,55.183,21.3441
24/07/2024 17:45:07.001,21.4954,33.0860,1.18,8.102,55.157,21.3444
24/07/2024 17:46:07.000,21.4976,33.0847,1.18,8.102,55.199,21.3449
24/07/2024 17:47:07.000,21.4987,33.0841,1.19,8.102,55.166,21.3433
24/07/2024 17:48:07.000,21.4994,33.0853,1.18,8.101,55.181,21.3455
24/07/2024 17:49:07.000,21.5005,33.0852,1.17,8.101,55.191,21.3455
24/07/2024 17:50:07.999,21.5008,33.0854,1.18,8.101,55.172,21.3448
24/07/2024 17:51:07.000,21.5010,33.0842,1.18,8.101,55.119,21.3459
24/07/2024 17:52:07.999,21.5016,33.0854,1.17,8.100,55.180,21.3457
24/07/2024 17:53:07.000,21.5041,33.0837,1.18,8.100,55.251,21.3462
24/07/2024 17:54:07.999,21.5037,33.0839,1.18,8.100,55.351,21.3467
24/07/2024 17:55:07.000,21.5039,33.0846,1.19,8.100,55.248,21.3464
24/07/2024 17:56:07.001,21.5039,33.0856,1.18,8.099,55.253,21.3470
24/07/2024 17:57:07.000,21.5048,33.0849,1.21,8.099,55.272,21.3458
24/07/2024 17:58:07.001,21.5054,33.0842,1.18,8.099,55.254,21.3477
24/07/2024 17:59:07.000,21.5050,33.0847,1.18,8.099,55.284,21.3474
24/07/2024 18:00:07.001,21.5053,33.0830,1.19,8.098,55.288,21.3475
24/07/2024 18:01:07.000,21.5050,33.0851,1.18,8.098,55.158,21.3482
24/07/2024 18:02:07.000,21.5048,33.0846,1.18,8.098,55.254,21.3483
24/07/2024 18:03:07.000,21.5049,33.0850,1.19,8.098,55.128,21.3483
24/07/2024 18:04:07.000,21.5059,33.0845,1.18,8.098,55.235,21.3483
24/07/2024 18:05:07.999,21.5058,33.0830,1.18,8.098,55.310,21.3475
24/07/2024 18:06:07.000,21.5059,33.0845,1.19,8.098,55.338,21.3481
24/07/2024 18:07:07.999,21.5064,33.0862,1.19,8.098,55.378,21.3482
24/07/2024 18:08:07.000,21.5069,33.0849,1.19,8.097,55.224,21.3496
24/07/2024 18:09:07.999,21.5071,33.0857,1.18,8.097,55.290,21.3497
24/07/2024 18:10:07.000,21.5070,33.0853,1.18,8.097,55.281,21.3503
24/07/2024 18:11:07.001,21.5075,33.0866,1.18,8.097,55.286,21.3498
24/07/2024 18:12:07.000,21.5077,33.0846,1.19,8.097,55.320,21.3493
24/07/2024 18:13:07.001,21.5068,33.0850,1.18,8.097,55.312,21.3506
24/07/2024 18:14:07.000,21.5074,33.0854,1.19,8.097,55.249,21.3499
24/07/2024 18:15:07.001,21.5086,33.0856,1.19,8.097,55.173,21.3509
24/07/2024 18:16:07.000,21.5091,33.0840,1.20,8.097,55.275,21.3515
24/07/2024 18:17:07.000,21.5085,33.0848,1.19,8.097,55.192,21.3514
24/07/2024 18:18:07.000,21.5082,33.0848,1.19,8.097,55.269,21.3515
24/07/2024 18:19:07.000,21.5080,33.0859,1.19,8.097,55.237,21.3511
24/07/2024 18:20:07.999,21.5085,33.0862,1.19,8.097,55.267,21.3505
24/07/2024 18:21:07.000,21.5083,33.0851,1.19,8.097,55.394,21.3523
24/07/2024 18:22:07.999,21.5082,33.0861,1.19,8.097,55.265,21.3526
24/07/2024 18:23:07.000,21.5082,33.0847,1.17,8.097,55.272,21.3523
24/07/2024 18:24:07.999,21.5078,33.0869,1.18,8.098,55.388,21.3524
24/07/2024 18:25:07.000,21.5083,33.0861,1.20,8.098,55.211,21.3515
24/07/2024 18:26:07.001,21.5083,33.0859,1.18,8.098,55.146,21.3534
24/07/2024 18:27:07.000,21.5082,33.0862,1.18,8.098,55.354,21.3526
24/07/2024 18:28:07.001,21.5082,33.0855,1.18,8.098,55.333,21.3529
24/07/2024 18:29:07.000,21.5079,33.0852,1.18,8.098,55.309,21.3538
24/07/2024 18:30:07.001,21.5076,33.0857,1.18,8.098,55.299,21.3534
24/07/2024 18:31:07.000,21.5080,33.0849,1.18,8.098,55.219,21.3541
24/07/2024 18:32:07.000,21.5080,33.0872,1.20,8.098,55.239,21.3544
24/07/2024 18:33:07.000,21.5085,33.0866,1.19,8.099,55.213,21.3539
24/07/2024 18:34:07.000,21.5091,33.0861,1.19,8.098,55.197,21.3538
24/07/2024 18:35:07.999,21.5083,33.0854,1.18,8.099,55.317,21.3544
24/07/2024 18:36:07.000,21.5077,33.0856,1.20,8.099,55.286,21.3534
24/07/2024 18:37:07.999,21.5077,33.0858,1.19,8.099,55.230,21.3543
24/07/2024 18:38:07.000,21.5086,33.0861,1.18,8.099,55.154,21.3545
24/07/2024 18:39:07.999,21.5077,33.0866,1.18,8.099,55.298,21.3541
24/07/2024 18:40:07.000,21.5072,33.0872,1.19,8.099,55.280,21.3552
24/07/2024 18:41:07.001,21.5072,33.0855,1.19,8.100,55.336,21.3552
24/07/2024 18:42:07.000,21.5064,33.0864,1.19,8.100,55.285,21.3542
24/07/2024 18:43:07.001,21.5070,33.0874,1.18,8.100,55.166,21.3546
24/07/2024 18:44:07.000,21.5078,33.0871,1.18,8.099,55.208,21.3540
24/07/2024 18:45:07.001,21.5076,33.0871,1.18,8.099,55.329,21.3554
24/07/2024 18:46:07.000,21.5074,33.0864,1.19,8.099,55.114,21.3551
24/07/2024 18:47:07.000,21.5072,33.0859,1.18,8.099,55.218,21.3565
24/07/2024 18:48:07.000,21.5062,33.0877,1.18,8.099,55.272,21.3549
24/07/2024 18:49:07.000,21.5067,33.0861,1.18,8.099,55.272,21.3564
24/07/2024 18:50:07.999,21.5052,33.0868,1.19,8.099,55.284,21.3559
24/07/2024 18:51:07.000,21.5049,33.0866,1.18,8.099,55.231,21.3559
24/07/2024 18:52:07.999,21.5058,33.0871,1.19,8.099,55.242,21.3567
24/07/2024 18:53:07.000,21.5057,33.0867,1.18,8.099,55.061,21.3540
24/07/2024 18:54:07.999,21.5059,33.0874,1.18,8.099,55.201,21.3566
24/07/2024 18:55:07.000,21.5063,33.0868,1.20,8.099,55.172,21.3559
24/07/2024 18:56:07.001,21.5054,33.0880,1.20,8.099,55.231,21.3568
24/07/2024 18:57:07.000,21.5055,33.0867,1.18,8.099,55.229,21.3565
24/07/2024 18:58:07.001,21.5064,33.0872,1.19,8.099,55.122,21.3572
24/07/2024 18:59:07.000,21.5069,33.0864,1.19,8.099,55.205,21.3569
24/07/2024 19:00:07.001,21.5063,33.0875,1.19,8.098,55.273,21.3573
24/07/2024 19:01:07.000,21.5062,33.0868,1.19,8.098,55.292,21.3570
24/07/2024 19:02:07.000,21.5056,33.0875,1.17,8.098,55.268,21.3561
24/07/2024 19:03:07.000,21.5060,33.0876,1.19,8.097,55.275,21.3576
24/07/2024 19:04:07.000,21.5056,33.0878,1.19,8.097,55.297,21.3573
24/07/2024 19:05:07.999,21.5061,33.0881,1.19,8.097,55.132,21.3577
24/07/2024 19:06:07.000,21.5058,33.0875,1.19,8.096,55.235,21.3581
24/07/2024 19:07:07.999,21.5055,33.0869,1.18,8.096,55.209,21.3587
24/07/2024 19:08:07.000,21.5049,33.0886,1.21,8.096,55.184,21.3581
24/07/2024 19:09:07.999,21.5053,33.0878,1.19,8.095,55.267,21.3581
24/07/2024 19:10:07.000,21.5054,33.0867,1.18,8.095,55.300,21.3582
24/07/2024 19:11:07.001,21.5054,33.0875,1.18,8.095,55.103,21.3570
24/07/2024 19:12:07.000,21.5043,33.0879,1.19,8.094,55.310,21.3581
24/07/2024 19:13:07.001,21.5042,33.0882,1.19,8.094,55.265,21.3574
24/07/2024 19:14:07.000,21.5047,33.0904,1.17,8.094,55.327,21.3587
24/07/2024 19:15:07.001,21.5053,33.0883,1.19,8.094,55.311,21.3581
24/07/2024 19:16:07.000,21.5047,33.0883,1.19,8.094,55.308,21.3586
24/07/2024 19:17:07.000,21.5048,33.0878,1.19,8.094,55.227,21.3587
24/07/2024 19:18:07.000,21.5058,33.0884,1.19,8.094,55.253,21.3584
24/07/2024 19:19:07.000,21.5055,33.0882,1.19,8.093,55.312,21.3587
24/07/2024 19:20:07.999,21.5062,33.0874,1.19,8.093,55.200,21.3587
24/07/2024 19:21:07.000,21.5057,33.0884,1.18,8.093,55.329,21.3579
24/07/2024 19:22:07.999,21.5062,33.0878,1.18,8.093,55.295,21.3591
24/07/2024 19:23:07.000,21.5042,33.0889,1.19,8.093,55.238,21.3588
24/07/2024 19:24:07.999,21.5053,33.0878,1.19,8.093,55.231,21.3594
24/07/2024 19:25:07.000,21.5051,33.0885,1.18,8.094,55.097,21.3594
24/07/2024 19:26:07.999,21.5054,33.0883,1.18,8.094,55.155,21.3592
24/07/2024 19:27:07.002,21.5041,33.0894,1.18,8.094,55.156,21.3594
24/07/2024 19:28:07.001,21.5062,33.0880,1.19,8.095,55.204,21.3595
24/07/2024 19:29:07.000,21.5059,33.0901,1.18,8.095,55.254,21.3599
24/07/2024 19:30:07.999,21.5063,33.0886,1.19,8.095,55.203,21.3601
24/07/2024 19:31:07.001,21.5070,33.0902,1.19,8.095,55.191,21.3585
24/07/2024 19:32:07.000,21.5067,33.0900,1.19,8.096,55.191,21.3597
24/07/2024 19:33:07.000,21.5068,33.0907,1.20,8.096,55.098,21.3592
24/07/2024 19:34:07.999,21.5075,33.0897,1.19,8.095,55.242,21.3599
24/07/2024 19:35:07.001,21.5069,33.0901,1.20,8.096,55.197,21.3602
24/07/2024 19:36:07.000,21.5055,33.0887,1.18,8.096,55.128,21.3604
24/07/2024 19:37:07.999,21.5059,33.0887,1.19,8.096,55.129,21.3598
24/07/2024 19:38:07.998,21.5048,33.0913,1.19,8.095,55.215,21.3604
24/07/2024 19:39:07.001,21.5057,33.0895,1.18,8.095,55.181,21.3608
24/07/2024 19:40:07.000,21.5059,33.0897,1.17,8.095,55.248,21.3592
24/07/2024 19:41:07.999,21.5059,33.0894,1.18,8.095,55.140,21.3608
24/07/2024 19:42:07.002,21.5061,33.0897,1.19,8.095,55.216,21.3597
24/07/2024 19:43:07.001,21.5058,33.0889,1.18,8.094,55.141,21.3607
24/07/2024 19:44:07.000,21.5058,33.0884,1.18,8.095,55.087,21.3608
24/07/2024 19:45:07.999,21.5037,33.0911,1.18,8.094,55.222,21.3609
24/07/2024 19:46:07.001,21.5050,33.0887,1.19,8.094,55.217,21.3613
24/07/2024 19:47:07.000,21.5053,33.0897,1.18,8.094,55.239,21.3597
24/07/2024 19:48:07.000,21.5050,33.0900,1.19,8.094,55.211,21.3613
24/07/2024 19:49:07.999,21.5042,33.0904,1.19,8.094,55.185,21.3617
24/07/2024 19:50:07.001,21.5051,33.0892,1.19,8.094,55.160,21.3604
24/07/2024 19:51:07.000,21.5059,33.0893,1.18,8.094,55.230,21.3607
24/07/2024 19:52:07.999,21.5047,33.0907,1.19,8.094,55.228,21.3615
24/07/2024 19:53:07.998,21.5047,33.0908,1.19,8.095,55.295,21.3614
24/07/2024 19:54:07.001,21.5047,33.0901,1.18,8.095,55.232,21.3616
24/07/2024 19:55:07.000,21.5056,33.0898,1.19,8.095,55.281,21.3619
24/07/2024 19:56:07.999,21.5051,33.0899,1.18,8.095,55.195,21.3612
24/07/2024 19:57:07.002,21.5041,33.0896,1.18,8.095,55.165,21.3621
24/07/2024 19:58:07.001,21.5033,33.0904,1.18,8.095,55.160,21.3608
24/07/2024 19:59:07.000,21.5033,33.0915,1.20,8.095,55.232,21.3619
24/07/2024 20:00:07.999,21.5031,33.0910,1.19,8.095,55.254,21.3624
24/07/2024 20:01:07.001,21.5040,33.0900,1.18,8.095,55.158,21.3619
24/07/2024 20:02:07.000,21.5036,33.0911,1.19,8.095,55.213,21.3618
24/07/2024 20:03:07.000,21.5038,33.0911,1.19,8.094,55.217,21.3619
24/07/2024 20:04:07.999,21.5041,33.0913,1.18,8.094,55.177,21.3624
24/07/2024 20:05:07.001,21.5051,33.0902,1.19,8.094,55.251,21.3619
24/07/2024 20:06:07.000,21.5036,33.0908,1.19,8.094,55.174,21.3619
24/07/2024 20:07:07.999,21.5037,33.0907,1.18,8.094,55.176,21.3598
24/07/2024 20:08:07.998,21.5037,33.0915,1.19,8.094,55.192,21.3601
24/07/2024 20:09:07.001,21.5031,33.0911,1.20,8.094,55.260,21.3612
24/07/2024 20:10:07.000,21.5034,33.0915,1.18,8.094,55.196,21.3598
24/07/2024 20:11:07.999,21.5039,33.0910,1.18,8.094,55.299,21.3604
24/07/2024 20:12:07.002,21.5041,33.0908,1.18,8.094,55.189,21.3607
24/07/2024 20:13:07.001,21.5037,33.0908,1.19,8.094,55.321,21.3611
24/07/2024 20:14:07.000,21.5026,33.0922,1.19,8.094,55.284,21.3617
24/07/2024 20:15:07.999,21.5027,33.0921,1.18,8.094,55.279,21.3607
24/07/2024 20:16:07.001,21.5026,33.0906,1.20,8.094,55.221,21.3613
24/07/2024 20:17:07.000,21.5020,33.0923,1.19,8.093,55.195,21.3619
24/07/2024 20:18:07.000,21.5015,33.0923,1.20,8.093,55.074,21.3607
24/07/2024 20:19:07.999,21.5030,33.0917,1.19,8.093,55.208,21.3623
24/07/2024 20:20:07.001,21.5034,33.0909,1.18,8.093,55.229,21.3623
24/07/2024 20:21:07.000,21.5028,33.0922,1.19,8.093,55.258,21.3625
24/07/2024 20:22:07.999,21.5029,33.0906,1.18,8.093,55.272,21.3628
24/07/2024 20:23:07.998,21.5020,33.0909,1.19,8.093,55.332,21.3630
24/07/2024 20:24:07.001,21.5012,33.0916,1.19,8.093,55.203,21.3624
24/07/2024 20:25:07.000,21.5023,33.0917,1.18,8.093,55.217,21.3615
24/07/2024 20:26:07.999,21.5015,33.0932,1.19,8.093,55.245,21.3627
24/07/2024 20:27:07.002,21.5017,33.0930,1.19,8.093,55.224,21.3610
24/07/2024 20:28:07.001,21.5014,33.0925,1.19,8.093,55.361,21.3629
24/07/2024 20:29:07.000,21.5011,33.0928,1.18,8.093,55.306,21.3623
24/07/2024 20:30:07.999,21.5013,33.0918,1.18,8.093,55.235,21.3631
24/07/2024 20:31:07.001,21.5014,33.0940,1.18,8.093,55.275,21.3626
24/07/2024 20:32:07.000,21.5012,33.0926,1.19,8.093,55.260,21.3632
24/07/2024 20:33:07.000,21.5012,33.0927,1.19,8.093,55.233,21.3630
24/07/2024 20:34:07.999,21.5014,33.0925,1.19,8.093,55.347,21.3624
24/07/2024 20:35:07.001,21.5015,33.0921,1.19,8.093,55.196,21.3622
24/07/2024 20:36:07.000,21.5013,33.0922,1.19,8.093,55.322,21.3632
24/07/2024 20:37:07.999,21.5014,33.0931,1.18,8.093,55.304,21.3634
24/07/2024 20:38:07.998,21.5014,33.0921,1.20,8.093,55.200,21.3633
24/07/2024 20:39:07.001,21.5016,33.0938,1.19,8.094,55.078,21.3629
24/07/2024 20:40:07.000,21.5010,33.0933,1.19,8.094,55.227,21.3626
24/07/2024 20:41:07.999,21.5017,33.0926,1.19,8.094,55.084,21.3630
24/07/2024 20:42:07.002,21.5007,33.0924,1.18,8.094,55.196,21.3634
24/07/2024 20:43:07.001,21.5008,33.0930,1.19,8.094,55.240,21.3633
24/07/2024 20:44:07.000,21.5011,33.0934,1.18,8.094,55.146,21.3624
24/07/2024 20:45:07.999,21.5009,33.0929,1.19,8.094,55.188,21.3632
24/07/2024 20:46:07.001,21.5003,33.0934,1.18,8.094,55.223,21.3619
24/07/2024 20:47:07.000,21.5001,33.0937,1.18,8.094,55.112,21.3637
24/07/2024 20:48:07.000,21.5003,33.0934,1.20,8.095,55.144,21.3630
24/07/2024 20:49:07.999,21.4999,33.0935,1.18,8.095,55.189,21.3627
24/07/2024 20:50:07.001,21.5005,33.0931,1.19,8.095,55.176,21.3640
24/07/2024 20:51:07.000,21.5009,33.0930,1.19,8.095,55.202,21.3634
24/07/2024 20:52:07.999,21.5011,33.0930,1.18,8.095,55.148,21.3628
24/07/2024 20:53:07.998,21.4998,33.0938,1.18,8.095,55.226,21.3635
24/07/2024 20:54:07.001,21.5009,33.0939,1.20,8.095,55.161,21.3634
24/07/2024 20:55:07.000,21.4992,33.0941,1.20,8.095,55.219,21.3632
24/07/2024 20:56:07.999,21.4998,33.0948,1.19,8.095,55.172,21.3635
24/07/2024 20:57:07.002,21.4995,33.0932,1.19,8.095,55.237,21.3622
24/07/2024 20:58:07.001,21.4998,33.0938,1.19,8.095,55.244,21.3637
24/07/2024 20:59:07.000,21.4989,33.0934,1.19,8.094,55.296,21.3639
24/07/2024 21:00:07.999,21.4998,33.0931,1.19,8.094,55.106,21.3635
24/07/2024 21:01:07.001,21.4991,33.0948,1.18,8.094,55.258,21.3639
24/07/2024 21:02:07.000,21.4987,33.0947,1.20,8.094,55.228,21.3634
24/07/2024 21:03:07.000,21.4989,33.0941,1.18,8.093,55.187,21.3627
24/07/2024 21:04:07.999,21.4991,33.0927,1.18,8.093,55.165,21.3639
24/07/2024 21:05:07.001,21.4980,33.0944,1.18,8.093,55.218,21.3635
24/07/2024 21:06:07.000,21.4973,33.0943,1.20,8.093,55.117,21.3634
24/07/2024 21:07:07.999,21.4978,33.0946,1.19,8.092,55.285,21.3628
24/07/2024 21:08:07.998,21.4975,33.0940,1.19,8.092,55.114,21.3637
24/07/2024 21:09:07.001,21.4969,33.0950,1.19,8.092,55.125,21.3642
24/07/2024 21:10:07.000,21.4983,33.0945,1.18,8.092,55.171,21.3635
24/07/2024 21:11:07.999,21.4968,33.0959,1.18,8.092,55.144,21.3642
24/07/2024 21:12:07.002,21.4973,33.0956,1.20,8.092,55.157,21.3623
24/07/2024 21:13:07.001,21.4974,33.0938,1.19,8.092,55.332,21.3632
24/07/2024 21:14:07.000,21.4971,33.0946,1.19,8.092,55.190,21.3621
24/07/2024 21:15:07.999,21.4977,33.0952,1.20,8.092,55.412,21.3625
24/07/2024 21:16:07.001,21.4972,33.0963,1.19,8.092,55.225,21.3634
24/07/2024 21:17:07.000,21.4972,33.0947,1.18,8.092,55.243,21.3633
24/07/2024 21:18:07.000,21.4972,33.0933,1.19,8.092,55.350,21.3635
24/07/2024 21:19:07.999,21.4964,33.0959,1.19,8.092,55.210,21.3634
24/07/2024 21:20:07.001,21.4960,33.0961,1.19,8.092,55.213,21.3637
24/07/2024 21:21:07.000,21.4959,33.0950,1.19,8.092,55.338,21.3639
24/07/2024 21:22:07.999,21.4950,33.0968,1.19,8.092,55.247,21.3636
24/07/2024 21:23:07.998,21.4955,33.0957,1.19,8.092,55.242,21.3639
24/07/2024 21:24:07.001,21.4957,33.0959,1.18,8.092,55.127,21.3635
24/07/2024 21:25:07.000,21.4954,33.0948,1.19,8.092,55.118,21.3624
24/07/2024 21:26:07.999,21.4947,33.0957,1.18,8.093,55.094,21.3642
24/07/2024 21:27:07.002,21.4946,33.0955,1.19,8.093,55.155,21.3636
24/07/2024 21:28:07.001,21.4955,33.0944,1.20,8.093,55.220,21.3633
24/07/2024 21:29:07.000,21.4951,33.0953,1.18,8.094,55.184,21.3634
24/07/2024 21:30:07.999,21.4944,33.0961,1.19,8.094,55.223,21.3637
24/07/2024 21:31:07.001,21.4944,33.0957,1.18,8.094,55.311,21.3631
24/07/2024 21:32:07.000,21.4946,33.0952,1.18,8.094,55.193,21.3639
24/07/2024 21:33:07.000,21.4931,33.0961,1.19,8.094,55.247,21.3637
24/07/2024 21:34:07.999,21.4933,33.0963,1.19,8.094,55.087,21.3640
24/07/2024 21:35:07.001,21.4937,33.0966,1.19,8.095,55.174,21.3636
24/07/2024 21:36:07.000,21.4921,33.0973,1.19,8.095,55.169,21.3633
24/07/2024 21:37:07.999,21.4928,33.0949,1.20,8.094,55.183,21.3633
24/07/2024 21:38:07.998,21.4925,33.0970,1.19,8.094,55.267,21.3631
24/07/2024 21:39:07.001,21.4923,33.0953,1.19,8.094,55.283,21.3628
24/07/2024 21:40:07.000,21.4919,33.0969,1.18,8.094,55.161,21.3623
24/07/2024 21:41:07.999,21.4917,33.0960,1.18,8.094,55.229,21.3634
24/07/2024 21:42:07.002,21.4923,33.0969,1.19,8.094,55.296,21.3622
24/07/2024 21:43:07.001,21.4917,33.0968,1.19,8.094,55.281,21.3638
24/07/2024 21:44:07.000,21.4921,33.0962,1.19,8.093,55.336,21.3634
24/07/2024 21:45:07.999,21.4911,33.0965,1.20,8.093,55.226,21.3635
24/07/2024 21:46:07.001,21.4918,33.0975,1.19,8.093,55.311,21.3628
24/07/2024 21:47:07.000,21.4917,33.0968,1.18,8.093,55.308,21.3637
24/07/2024 21:48:07.000,21.4915,33.0978,1.18,8.093,55.440,21.3640
24/07/2024 21:49:07.999,21.4907,33.0969,1.19,8.093,55.376,21.3625
24/07/2024 21:50:07.001,21.4902,33.0972,1.20,8.092,55.279,21.3620
24/07/2024 21:51:07.000,21.4907,33.0976,1.19,8.092,55.253,21.3636
24/07/2024 21:52:07.999,21.4906,33.0973,1.19,8.092,55.212,21.3634
24/07/2024 21:53:07.998,21.4915,33.0958,1.19,8.092,55.326,21.3631
24/07/2024 21:54:07.001,21.4904,33.0977,1.19,8.092,55.258,21.3624
24/07/2024 21:55:07.000,21.4894,33.0969,1.18,8.093,55.302,21.3631
24/07/2024 21:56:07.999,21.4907,33.0964,1.18,8.093,55.288,21.3632
24/07/2024 21:57:07.002,21.4903,33.0965,1.19,8.093,55.340,21.3633
24/07/2024 21:58:07.001,21.4902,33.0979,1.19,8.093,55.171,21.3624
24/07/2024 21:59:07.000,21.4901,33.0983,1.18,8.094,55.284,21.3625
24/07/2024 22:00:07.999,21.4893,33.0969,1.18,8.094,55.312,21.3631
24/07/2024 22:01:07.001,21.4900,33.0967,1.18,8.094,55.320,21.3617
24/07/2024 22:02:07.000,21.4889,33.0971,1.19,8.094,55.307,21.3624
24/07/2024 22:03:07.000,21.4873,33.0973,1.18,8.095,55.208,21.3631
24/07/2024 22:04:07.999,21.4874,33.0974,1.20,8.095,55.384,21.3628
24/07/2024 22:05:07.001,21.4873,33.0972,1.20,8.095,55.272,21.3621
24/07/2024 22:06:07.000,21.4881,33.0972,1.18,8.095,55.216,21.3627
24/07/2024 22:07:07.999,21.4877,33.0979,1.18,8.096,55.351,21.3629
24/07/2024 22:08:07.998,21.4877,33.0979,1.20,8.096,55.310,21.3618
24/07/2024 22:09:07.001,21.4873,33.0968,1.18,8.096,55.413,21.3632
24/07/2024 22:10:07.000,21.4866,33.0979,1.19,8.096,55.346,21.3631
24/07/2024 22:11:07.999,21.4857,33.0968,1.19,8.096,55.291,21.3614
24/07/2024 22:12:07.002,21.4856,33.0981,1.20,8.096,55.260,21.3625
24/07/2024 22:13:07.001,21.4855,33.0975,1.19,8.096,55.338,21.3628
24/07/2024 22:14:07.000,21.4851,33.0987,1.20,8.096,55.247,21.3626
24/07/2024 22:15:07.999,21.4847,33.0987,1.21,8.096,55.267,21.3621
24/07/2024 22:16:07.001,21.4844,33.0981,1.18,8.096,55.174,21.3621
24/07/2024 22:17:07.000,21.4847,33.0991,1.19,8.095,55.350,21.3618
24/07/2024 22:18:07.000,21.4839,33.0997,1.21,8.095,55.328,21.3620
24/07/2024 22:19:07.999,21.4848,33.0979,1.18,8.095,55.223,21.3617
24/07/2024 22:20:07.001,21.4841,33.0988,1.19,8.095,55.293,21.3602
24/07/2024 22:21:07.000,21.4845,33.0990,1.18,8.095,55.251,21.3622
24/07/2024 22:22:07.999,21.4844,33.0988,1.18,8.095,55.139,21.3621
24/07/2024 22:23:07.998,21.4847,33.0984,1.19,8.095,55.235,21.3622
24/07/2024 22:24:07.001,21.4840,33.0994,1.19,8.095,55.237,21.3622
24/07/2024 22:25:07.000,21.4839,33.0998,1.19,8.095,55.175,21.3618
24/07/2024 22:26:07.999,21.4840,33.0989,1.19,8.096,55.267,21.3611
24/07/2024 22:27:07.002,21.4831,33.0995,1.19,8.096,55.262,21.3611
24/07/2024 22:28:07.001,21.4833,33.0993,1.20,8.096,55.214,21.3621
24/07/2024 22:29:07.000,21.4829,33.0984,1.18,8.096,55.155,21.3603
24/07/2024 22:30:07.999,21.4826,33.0999,1.18,8.095,55.196,21.3613
24/07/2024 22:31:07.001,21.4828,33.0994,1.19,8.096,55.098,21.3617
24/07/2024 22:32:07.000,21.4820,33.0994,1.19,8.095,55.257,21.3618
24/07/2024 22:33:07.000,21.4823,33.0988,1.22,8.095,55.260,21.3612
24/07/2024 22:34:07.999,21.4806,33.1000,1.21,8.095,55.153,21.3613
24/07/2024 22:35:07.001,21.4812,33.0997,1.20,8.095,55.187,21.3615
24/07/2024 22:36:07.000,21.4817,33.1002,1.21,8.095,55.235,21.3615
24/07/2024 22:37:07.999,21.4808,33.0994,1.21,8.095,55.245,21.3614
24/07/2024 22:38:07.998,21.4807,33.0990,1.18,8.094,55.253,21.3601
24/07/2024 22:39:07.001,21.4808,33.1005,1.20,8.094,55.275,21.3598
24/07/2024 22:40:07.000,21.4807,33.1002,1.18,8.094,55.190,21.3617
24/07/2024 22:41:07.999,21.4803,33.0997,1.20,8.093,55.270,21.3607
24/07/2024 22:42:07.002,21.4801,33.1000,1.20,8.093,55.160,21.3615
24/07/2024 22:43:07.001,21.4813,33.0987,1.20,8.093,55.237,21.3590
24/07/2024 22:44:07.000,21.4800,33.1007,1.18,8.092,55.179,21.3604
24/07/2024 22:45:07.999,21.4796,33.0995,1.20,8.092,55.206,21.3602
24/07/2024 22:46:07.001,21.4789,33.1009,1.19,8.092,55.121,21.3606
24/07/2024 22:47:07.000,21.4798,33.1006,1.22,8.092,55.316,21.3591
24/07/2024 22:48:07.000,21.4794,33.1006,1.20,8.092,55.308,21.3608
24/07/2024 22:49:07.999,21.4790,33.1007,1.19,8.092,55.244,21.3610
24/07/2024 22:50:07.001,21.4789,33.0994,1.18,8.092,55.139,21.3600
24/07/2024 22:51:07.000,21.4781,33.1001,1.18,8.092,55.191,21.3603
24/07/2024 22:52:07.999,21.4770,33.1002,1.20,8.092,55.330,21.3602
24/07/2024 22:53:07.998,21.4777,33.1000,1.19,8.092,55.307,21.3603
24/07/2024 22:54:07.001,21.4779,33.1011,1.19,8.092,55.209,21.3604
24/07/2024 22:55:07.000,21.4777,33.1008,1.19,8.092,55.355,21.3599
24/07/2024 22:56:07.999,21.4786,33.1013,1.19,8.093,55.237,21.3599
24/07/2024 22:57:07.002,21.4780,33.1013,1.18,8.093,55.327,21.3593
24/07/2024 22:58:07.001,21.4773,33.1016,1.18,8.094,55.275,21.3600
24/07/2024 22:59:07.000,21.4777,33.1007,1.19,8.094,55.319,21.3600
24/07/2024 23:00:07.999,21.4771,33.1018,1.20,8.094,55.278,21.3600
24/07/2024 23:01:07.001,21.4772,33.1018,1.19,8.094,55.314,21.3599
24/07/2024 23:02:07.000,21.4764,33.1014,1.20,8.094,55.272,21.3598
24/07/2024 23:03:07.000,21.4766,33.1009,1.18,8.094,55.270,21.3593
24/07/2024 23:04:07.999,21.4763,33.1012,1.21,8.094,55.136,21.3592
24/07/2024 23:05:07.001,21.4753,33.1022,1.18,8.093,55.344,21.3571
24/07/2024 23:06:07.000,21.4751,33.1015,1.20,8.093,55.259,21.3593
24/07/2024 23:07:07.999,21.4741,33.1009,1.20,8.093,55.281,21.3586
24/07/2024 23:08:07.998,21.4745,33.1013,1.21,8.093,55.137,21.3583
24/07/2024 23:09:07.001,21.4741,33.1015,1.21,8.093,55.352,21.3585
24/07/2024 23:10:07.000,21.4732,33.1020,1.18,8.093,55.303,21.3579
24/07/2024 23:11:07.999,21.4723,33.1022,1.21,8.093,55.211,21.3577
24/07/2024 23:12:07.002,21.4737,33.1014,1.19,8.093,55.251,21.3569
24/07/2024 23:13:07.001,21.4728,33.1009,1.19,8.092,55.321,21.3567
24/07/2024 23:14:07.000,21.4729,33.1010,1.18,8.092,55.393,21.3576
24/07/2024 23:15:07.999,21.4727,33.1023,1.20,8.092,55.269,21.3566
24/07/2024 23:16:07.001,21.4718,33.1027,1.21,8.092,55.218,21.3560
24/07/2024 23:17:07.000,21.4716,33.1018,1.20,8.092,55.373,21.3565
24/07/2024 23:18:07.000,21.4721,33.1016,1.20,8.092,55.369,21.3576
24/07/2024 23:19:07.999,21.4731,33.1022,1.20,8.092,55.282,21.3575
24/07/2024 23:20:07.001,21.4727,33.1022,1.20,8.092,55.320,21.3573
24/07/2024 23:21:07.000,21.4716,33.1017,1.19,8.091,55.329,21.3572
24/07/2024 23:22:07.999,21.4724,33.1023,1.19,8.091,55.344,21.3566
24/07/2024 23:23:07.998,21.4718,33.1022,1.18,8.091,55.246,21.3574
24/07/2024 23:24:07.001,21.4721,33.1012,1.20,8.091,55.362,21.3570
24/07/2024 23:25:07.000,21.4705,33.1023,1.21,8.091,55.257,21.3561
24/07/2024 23:26:07.999,21.4706,33.1022,1.18,8.091,55.268,21.3552
24/07/2024 23:27:07.002,21.4691,33.1037,1.18,8.091,55.267,21.3564
24/07/2024 23:28:07.001,21.4697,33.1014,1.20,8.091,55.333,21.3563
24/07/2024 23:29:07.000,21.4692,33.1031,1.20,8.091,55.318,21.3561
24/07/2024 23:30:07.999,21.4688,33.1032,1.21,8.092,55.385,21.3557
24/07/2024 23:31:07.001,21.4689,33.1025,1.20,8.092,55.471,21.3554
24/07/2024 23:32:07.000,21.4688,33.1034,1.19,8.092,55.359,21.3542
24/07/2024 23:33:07.000,21.4679,33.1023,1.20,8.093,55.350,21.3539
24/07/2024 23:34:07.999,21.4679,33.1037,1.20,8.093,55.362,21.3543
24/07/2024 23:35:07.001,21.4684,33.1015,1.19,8.093,55.318,21.3536
24/07/2024 23:36:07.000,21.4671,33.1029,1.19,8.093,55.344,21.3545
24/07/2024 23:37:07.999,21.4669,33.1033,1.20,8.093,55.185,21.3548
24/07/2024 23:38:07.998,21.4673,33.1029,1.20,8.093,55.181,21.3546
24/07/2024 23:39:07.001,21.4669,33.1028,1.20,8.093,55.250,21.3544
24/07/2024 23:40:07.000,21.4675,33.1017,1.20,8.093,55.308,21.3540
24/07/2024 23:41:07.999,21.4658,33.1039,1.20,8.093,55.226,21.3540
24/07/2024 23:42:07.002,21.4656,33.1036,1.19,8.093,55.275,21.3541
24/07/2024 23:43:07.001,21.4658,33.1043,1.20,8.093,55.403,21.3514
24/07/2024 23:44:07.000,21.4653,33.1035,1.20,8.092,55.208,21.3537
24/07/2024 23:45:07.999,21.4646,33.1033,1.20,8.092,55.271,21.3530
24/07/2024 23:46:07.001,21.4645,33.1028,1.21,8.092,55.261,21.3528
24/07/2024 23:47:07.000,21.4635,33.1032,1.21,8.092,55.312,21.3530
24/07/2024 23:48:07.000,21.4635,33.1037,1.20,8.092,55.241,21.3532
24/07/2024 23:49:07.999,21.4634,33.1033,1.20,8.092,55.376,21.3525
24/07/2024 23:50:07.001,21.4625,33.1035,1.22,8.091,55.383,21.3522
24/07/2024 23:51:07.000,21.4619,33.1040,1.19,8.092,55.475,21.3526
24/07/2024 23:52:07.999,21.4618,33.1037,1.21,8.092,55.339,21.3511
24/07/2024 23:53:07.998,21.4610,33.1036,1.20,8.091,55.374,21.3526
24/07/2024 23:54:07.001,21.4618,33.1037,1.20,8.091,55.310,21.3514
24/07/2024 23:55:07.000,21.4601,33.1046,1.21,8.091,55.256,21.3509
24/07/2024 23:56:07.999,21.4605,33.1041,1.20,8.091,55.200,21.3509
24/07/2024 23:57:07.002,21.4603,33.1030,1.19,8.091,55.357,21.3514
24/07/2024 23:58:07.001,21.4595,33.1056,1.20,8.091,55.292,21.3510
24/07/2024 23:59:07.000,21.4589,33.1049,1.20,8.091,55.381,21.3504
25/07/2024 00:00:07.999,21.4599,33.1038,1.20,8.091,55.208,21.3507
25/07/2024 00:01:07.001,21.4585,33.1044,1.20,8.091,55.333,21.3507
25/07/2024 00:02:07.000,21.4589,33.1047,1.20,8.091,55.196,21.3507
25/07/2024 00:03:07.000,21.4585,33.1044,1.20,8.092,55.213,21.3506
25/07/2024 00:04:07.999,21.4596,33.1030,1.19,8.092,55.237,21.3498
25/07/2024 00:05:07.001,21.4583,33.1057,1.19,8.091,55.325,21.3504
25/07/2024 00:06:07.000,21.4579,33.1056,1.20,8.091,55.326,21.3491
25/07/2024 00:07:07.999,21.4582,33.1057,1.17,8.092,55.308,21.3493
25/07/2024 00:08:07.998,21.4581,33.1026,1.19,8.092,55.227,21.3487
25/07/2024 00:09:07.001,21.4558,33.1057,1.19,8.092,55.182,21.3489
25/07/2024 00:10:07.000,21.4554,33.1055,1.21,8.092,55.281,21.3486
25/07/2024 00:11:07.999,21.4561,33.1042,1.21,8.092,55.256,21.3492
25/07/2024 00:12:07.002,21.4549,33.1061,1.19,8.092,55.187,21.3489
25/07/2024 00:13:07.001,21.4545,33.1052,1.21,8.092,55.262,21.3483
25/07/2024 00:14:07.000,21.4544,33.1047,1.21,8.092,55.168,21.3475
25/07/2024 00:15:07.999,21.4533,33.1060,1.20,8.091,55.270,21.3484
25/07/2024 00:16:07.001,21.4528,33.1069,1.20,8.091,55.186,21.3483
25/07/2024 00:17:07.000,21.4538,33.1045,1.22,8.091,55.311,21.3486
25/07/2024 00:18:07.000,21.4535,33.1043,1.20,8.091,55.241,21.3470
25/07/2024 00:19:07.999,21.4516,33.1061,1.19,8.092,55.243,21.3473
25/07/2024 00:20:07.001,21.4515,33.1066,1.19,8.092,55.299,21.3473
25/07/2024 00:21:07.000,21.4521,33.1055,1.21,8.091,55.250,21.3462
25/07/2024 00:22:07.999,21.4514,33.1053,1.20,8.091,55.205,21.3457
25/07/2024 00:23:07.998,21.4507,33.1058,1.20,8.091,55.313,21.3461
25/07/2024 00:24:07.001,21.4503,33.1049,1.20,8.091,55.242,21.3461
25/07/2024 00:25:07.000,21.4483,33.1063,1.20,8.090,55.241,21.3466
25/07/2024 00:26:07.999,21.4485,33.1064,1.21,8.090,55.418,21.3464
25/07/2024 00:27:07.002,21.4487,33.1060,1.21,8.090,55.327,21.3464
25/07/2024 00:28:07.001,21.4487,33.1056,1.19,8.090,55.351,21.3454
25/07/2024 00:29:07.000,21.4468,33.1070,1.21,8.090,55.361,21.3462
25/07/2024 00:30:07.999,21.4466,33.1064,1.20,8.089,55.245,21.3445
25/07/2024 00:31:07.001,21.4473,33.1062,1.19,8.089,55.331,21.3454
25/07/2024 00:32:07.000,21.4466,33.1056,1.19,8.089,55.467,21.3451
25/07/2024 00:33:07.000,21.4469,33.1060,1.21,8.089,55.306,21.3449
25/07/2024 00:34:07.999,21.4466,33.1062,1.21,8.089,55.343,21.3448
25/07/2024 00:35:07.001,21.4461,33.1060,1.20,8.089,55.386,21.3444
25/07/2024 00:36:07.000,21.4449,33.1059,1.19,8.089,55.442,21.3441
25/07/2024 00:37:07.999,21.4456,33.1051,1.21,8.088,55.448,21.3429
25/07/2024 00:38:07.998,21.4441,33.1067,1.22,8.089,55.412,21.3426
25/07/2024 00:39:07.001,21.4440,33.1067,1.19,8.089,55.331,21.3424
25/07/2024 00:40:07.000,21.4432,33.1073,1.21,8.089,55.304,21.3437
25/07/2024 00:41:07.999,21.4427,33.1065,1.20,8.089,55.320,21.3429
25/07/2024 00:42:07.002,21.4427,33.1056,1.19,8.088,55.396,21.3425
25/07/2024 00:43:07.001,21.4424,33.1070,1.19,8.088,55.448,21.3407
25/07/2024 00:44:07.000,21.4417,33.1068,1.20,8.088,55.357,21.3426
25/07/2024 00:45:07.999,21.4416,33.1070,1.19,8.088,55.426,21.3416
25/07/2024 00:46:07.001,21.4405,33.1072,1.20,8.087,55.269,21.3408
25/07/2024 00:47:07.000,21.4411,33.1066,1.20,8.087,55.306,21.3417
25/07/2024 00:48:07.000,21.4405,33.1085,1.20,8.087,55.365,21.3411
25/07/2024 00:49:07.999,21.4404,33.1069,1.21,8.087,55.300,21.3394
25/07/2024 00:50:07.001,21.4389,33.1078,1.20,8.087,55.353,21.3396
25/07/2024 00:51:07.000,21.4407,33.1064,1.19,8.087,55.339,21.3408
25/07/2024 00:52:07.999,21.4389,33.1074,1.20,8.087,55.290,21.3407
25/07/2024 00:53:07.998,21.4388,33.1065,1.18,8.087,55.239,21.3402
25/07/2024 00:54:07.001,21.4379,33.1083,1.18,8.087,55.233,21.3396
25/07/2024 00:55:07.000,21.4360,33.1078,1.19,8.087,55.232,21.3404
25/07/2024 00:56:07.999,21.4367,33.1074,1.19,8.087,55.285,21.3394
25/07/2024 00:57:07.002,21.4366,33.1072,1.19,8.087,55.254,21.3398
25/07/2024 00:58:07.001,21.4354,33.1084,1.20,8.087,55.360,21.3393
25/07/2024 00:59:07.000,21.4352,33.1084,1.20,8.087,55.428,21.3381
25/07/2024 01:00:07.999,21.4353,33.1088,1.20,8.087,55.294,21.3385
25/07/2024 01:01:07.001,21.4347,33.1080,1.20,8.088,55.374,21.3388
25/07/2024 01:02:07.000,21.4338,33.1076,1.20,8.088,55.223,21.3388
25/07/2024 01:03:07.000,21.4338,33.1071,1.19,8.088,55.278,21.3381
25/07/2024 01:04:07.999,21.4336,33.1084,1.18,8.088,55.358,21.3380
25/07/2024 01:05:07.001,21.4333,33.1086,1.19,8.088,55.349,21.3377
25/07/2024 01:06:07.000,21.4323,33.1070,1.20,8.088,55.365,21.3380
25/07/2024 01:07:07.999,21.4312,33.1086,1.19,8.089,55.296,21.3372
25/07/2024 01:08:07.998,21.4319,33.1084,1.19,8.089,55.429,21.3371
25/07/2024 01:09:07.001,21.4311,33.1082,1.21,8.089,55.278,21.3367
25/07/2024 01:10:07.000,21.4299,33.1093,1.20,8.089,55.294,21.3363
25/07/2024 01:11:07.999,21.4305,33.1093,1.21,8.089,55.441,21.3368
25/07/2024 01:12:07.002,21.4297,33.1089,1.20,8.090,55.275,21.3356
25/07/2024 01:13:07.001,21.4286,33.1091,1.19,8.090,55.257,21.3352
25/07/2024 01:14:07.000,21.4283,33.1080,1.19,8.090,55.304,21.3352
25/07/2024 01:15:07.999,21.4277,33.1092,1.19,8.090,55.381,21.3339
25/07/2024 01:16:07.001,21.4272,33.1091,1.19,8.090,55.387,21.3348
25/07/2024 01:17:07.000,21.4273,33.1091,1.22,8.090,55.201,21.3340
25/07/2024 01:18:07.000,21.4274,33.1086,1.20,8.090,55.357,21.3336
25/07/2024 01:19:07.999,21.4250,33.1101,1.21,8.090,55.264,21.3337
25/07/2024 01:20:07.001,21.4258,33.1095,1.19,8.090,55.309,21.3330
25/07/2024 01:21:07.000,21.4255,33.1095,1.21,8.090,55.207,21.3332
25/07/2024 01:22:07.999,21.4252,33.1088,1.19,8.090,55.228,21.3329
25/07/2024 01:23:07.998,21.4246,33.1097,1.19,8.090,55.210,21.3328
25/07/2024 01:24:07.001,21.4236,33.1101,1.21,8.090,55.153,21.3318
25/07/2024 01:25:07.000,21.4239,33.1099,1.19,8.090,55.218,21.3314
25/07/2024 01:26:07.999,21.4226,33.1096,1.20,8.090,55.264,21.3315
25/07/2024 01:27:07.002,21.4216,33.1103,1.19,8.089,55.175,21.3301
25/07/2024 01:28:07.001,21.4209,33.1096,1.19,8.089,55.270,21.3315
25/07/2024 01:29:07.000,21.4211,33.1098,1.18,8.089,55.247,21.3309
25/07/2024 01:30:07.999,21.4203,33.1099,1.18,8.089,55.190,21.3302
25/07/2024 01:31:07.001,21.4194,33.1092,1.21,8.089,55.300,21.3302
25/07/2024 01:32:07.000,21.4191,33.1095,1.20,8.089,55.447,21.3301
25/07/2024 01:33:07.000,21.4180,33.1093,1.19,8.089,55.268,21.3293
25/07/2024 01:34:07.999,21.4177,33.1103,1.21,8.089,55.385,21.3298
25/07/2024 01:35:07.001,21.4169,33.1103,1.21,8.089,55.150,21.3291
25/07/2024 01:36:07.000,21.4159,33.1107,1.19,8.089,55.314,21.3291
25/07/2024 01:37:07.999,21.4153,33.1110,1.19,8.089,55.344,21.3286
25/07/2024 01:38:07.998,21.4159,33.1104,1.20,8.089,55.226,21.3273
25/07/2024 01:39:07.001,21.4146,33.1102,1.18,8.089,55.319,21.3279
25/07/2024 01:40:07.000,21.4137,33.1112,1.21,8.089,55.302,21.3273
25/07/2024 01:41:07.999,21.4133,33.1101,1.18,8.089,55.245,21.3273
25/07/2024 01:42:07.002,21.4125,33.1101,1.20,8.089,55.371,21.3269
25/07/2024 01:43:07.001,21.4109,33.1110,1.21,8.088,55.311,21.3263
25/07/2024 01:44:07.000,21.4098,33.1110,1.20,8.088,55.292,21.3265
25/07/2024 01:45:07.999,21.4106,33.1105,1.20,8.089,55.323,21.3262
25/07/2024 01:46:07.001,21.4100,33.1107,1.19,8.088,55.258,21.3249
25/07/2024 01:47:07.000,21.4079,33.1116,1.19,8.088,55.408,21.3247
25/07/2024 01:48:07.000,21.4078,33.1118,1.20,8.087,55.393,21.3250
25/07/2024 01:49:07.999,21.4081,33.1114,1.20,8.087,55.294,21.3245
25/07/2024 01:50:07.001,21.4067,33.1119,1.20,8.087,55.294,21.3246
25/07/2024 01:51:07.000,21.4072,33.1098,1.19,8.086,55.307,21.3239
25/07/2024 01:52:07.999,21.4062,33.1112,1.18,8.086,55.385,21.3235
25/07/2024 01:53:07.998,21.4064,33.1114,1.19,8.085,55.410,21.3231
25/07/2024 01:54:07.001,21.4049,33.1108,1.20,8.085,55.316,21.3217
25/07/2024 01:55:07.000,21.4050,33.1105,1.19,8.084,55.300,21.3217
25/07/2024 01:56:07.999,21.4045,33.1108,1.20,8.084,55.362,21.3223
25/07/2024 01:57:07.002,21.4033,33.1113,1.19,8.084,55.323,21.3224
25/07/2024 01:58:07.001,21.4034,33.1105,1.18,8.083,55.284,21.3216
25/07/2024 01:59:07.000,21.4021,33.1112,1.18,8.083,55.372,21.3210
25/07/2024 02:00:07.999,21.4019,33.1129,1.21,8.083,55.328,21.3207
25/07/2024 02:01:07.001,21.4014,33.1107,1.22,8.082,55.302,21.3208
25/07/2024 02:02:07.000,21.4007,33.1118,1.20,8.082,55.327,21.3204
25/07/2024 02:03:07.000,21.3996,33.1120,1.21,8.082,55.340,21.3192
25/07/2024 02:04:07.999,21.3989,33.1109,1.21,8.082,55.382,21.3189
25/07/2024 02:05:07.001,21.3966,33.1127,1.20,8.082,55.362,21.3194
25/07/2024 02:06:07.000,21.3977,33.1124,1.20,8.082,55.268,21.3192
25/07/2024 02:07:07.999,21.3971,33.1119,1.20,8.083,55.227,21.3182
25/07/2024 02:08:07.998,21.3969,33.1130,1.20,8.083,55.214,21.3180
25/07/2024 02:09:07.001,21.3967,33.1132,1.20,8.083,55.270,21.3178
25/07/2024 02:10:07.000,21.3955,33.1126,1.19,8.083,55.267,21.3165
25/07/2024 02:11:07.999,21.3947,33.1121,1.19,8.084,55.289,21.3166
25/07/2024 02:12:07.002,21.3948,33.1127,1.19,8.084,55.227,21.3163
25/07/2024 02:13:07.001,21.3948,33.1121,1.20,8.084,55.256,21.3165
25/07/2024 02:14:07.000,21.3932,33.1133,1.20,8.084,55.292,21.3157
25/07/2024 02:15:07.999,21.3921,33.1118,1.19,8.084,55.213,21.3155
25/07/2024 02:16:07.001,21.3919,33.1117,1.19,8.084,55.264,21.3150
25/07/2024 02:17:07.000,21.3913,33.1122,1.20,8.085,55.342,21.3148
25/07/2024 02:18:07.000,21.3894,33.1126,1.21,8.085,55.316,21.3139
25/07/2024 02:19:07.999,21.3880,33.1138,1.21,8.085,55.250,21.3142
25/07/2024 02:20:07.001,21.3887,33.1134,1.20,8.085,55.332,21.3132
25/07/2024 02:21:07.000,21.3881,33.1150,1.18,8.085,55.185,21.3107
25/07/2024 02:22:07.999,21.3886,33.1141,1.20,8.085,55.204,21.3111
25/07/2024 02:23:07.998,21.3884,33.1133,1.20,8.085,55.297,21.3103
25/07/2024 02:24:07.001,21.3869,33.1135,1.19,8.085,55.466,21.3116
25/07/2024 02:25:07.000,21.3876,33.1133,1.20,8.085,55.374,21.3111
25/07/2024 02:26:07.999,21.3842,33.1137,1.18,8.085,55.242,21.3100
25/07/2024 02:27:07.002,21.3858,33.1124,1.19,8.085,55.282,21.3097
25/07/2024 02:28:07.001,21.3839,33.1131,1.20,8.085,55.268,21.3088
25/07/2024 02:29:07.000,21.3831,33.1146,1.21,8.085,55.331,21.3091
25/07/2024 02:30:07.999,21.3808,33.1142,1.19,8.086,55.299,21.3089
25/07/2024 02:31:07.001,21.3819,33.1144,1.20,8.086,55.320,21.3084
25/07/2024 02:32:07.000,21.3807,33.1147,1.19,8.086,55.343,21.3059
25/07/2024 02:33:07.000,21.3801,33.1145,1.19,8.086,55.299,21.3077
25/07/2024 02:34:07.999,21.3798,33.1140,1.20,8.086,55.364,21.3068
25/07/2024 02:35:07.001,21.3808,33.1143,1.19,8.086,55.296,21.3070
25/07/2024 02:36:07.000,21.3810,33.1133,1.20,8.086,55.376,21.3064
25/07/2024 02:37:07.999,21.3798,33.1145,1.20,8.086,55.216,21.3063
25/07/2024 02:38:07.998,21.3788,33.1147,1.21,8.086,55.326,21.3053
25/07/2024 02:39:07.001,21.3795,33.1151,1.22,8.085,55.303,21.3041
25/07/2024 02:40:07.000,21.3804,33.1145,1.21,8.085,55.244,21.3048
25/07/2024 02:41:07.999,21.3797,33.1138,1.19,8.085,55.441,21.3035
25/07/2024 02:42:07.002,21.3789,33.1142,1.19,8.085,55.357,21.3022
25/07/2024 02:43:07.001,21.3785,33.1141,1.19,8.085,55.417,21.3035
25/07/2024 02:44:07.000,21.3759,33.1142,1.20,8.085,55.398,21.3035
25/07/2024 02:45:07.999,21.3745,33.1148,1.19,8.084,55.318,21.3031
25/07/2024 02:46:07.001,21.3739,33.1139,1.20,8.084,55.276,21.3030
25/07/2024 02:47:07.000,21.3726,33.1146,1.18,8.084,55.346,21.3023
25/07/2024 02:48:07.000,21.3725,33.1153,1.20,8.083,55.278,21.3020
25/07/2024 02:49:07.999,21.3720,33.1164,1.19,8.083,55.384,21.3006
25/07/2024 02:50:07.001,21.3732,33.1150,1.20,8.083,55.348,21.3016
25/07/2024 02:51:07.000,21.3729,33.1153,1.19,8.083,55.272,21.3010
25/07/2024 02:52:07.999,21.3738,33.1155,1.19,8.083,55.337,21.3008
25/07/2024 02:53:07.998,21.3732,33.1144,1.19,8.082,55.378,21.2994
25/07/2024 02:54:07.001,21.3709,33.1145,1.18,8.082,55.357,21.2996
25/07/2024 02:55:07.000,21.3700,33.1159,1.18,8.082,55.517,21.2991
25/07/2024 02:56:07.999,21.3687,33.1161,1.19,8.081,55.344,21.2985
25/07/2024 02:57:07.002,21.3689,33.1153,1.21,8.081,55.324,21.2983
25/07/2024 02:58:07.001,21.3686,33.1146,1.21,8.081,55.460,21.2970
25/07/2024 02:59:07.000,21.3679,33.1167,1.22,8.081,55.406,21.2973
25/07/2024 03:00:07.999,21.3690,33.1165,1.21,8.081,55.417,21.2955
25/07/2024 03:01:07.001,21.3685,33.1161,1.21,8.080,55.350,21.2965
25/07/2024 03:02:07.000,21.3684,33.1169,1.21,8.080,55.422,21.2959
25/07/2024 03:03:07.000,21.3690,33.1153,1.18,8.080,55.331,21.2952
25/07/2024 03:04:07.999,21.3670,33.1157,1.20,8.080,55.392,21.2951
25/07/2024 03:05:07.001,21.3667,33.1161,1.19,8.080,55.371,21.2948
25/07/2024 03:06:07.000,21.3647,33.1167,1.20,8.080,55.313,21.2944
25/07/2024 03:07:07.999,21.3626,33.1158,1.19,8.080,55.351,21.2941
25/07/2024 03:08:07.998,21.3626,33.1162,1.19,8.080,55.421,21.2933
25/07/2024 03:09:07.001,21.3604,33.1162,1.19,8.080,55.486,21.2934
25/07/2024 03:10:07.000,21.3596,33.1167,1.18,8.080,55.446,21.2929
25/07/2024 03:11:07.999,21.3610,33.1175,1.20,8.080,55.475,21.2922
25/07/2024 03:12:07.002,21.3615,33.1159,1.20,8.080,55.487,21.2916
25/07/2024 03:13:07.001,21.3613,33.1172,1.20,8.080,55.295,21.2912
25/07/2024 03:14:07.000,21.3617,33.1184,1.20,8.080,55.320,21.2912
25/07/2024 03:15:07.999,21.3619,33.1168,1.21,8.080,55.494,21.2903
25/07/2024 03:16:07.001,21.3603,33.1169,1.20,8.080,55.360,21.2883
25/07/2024 03:17:07.000,21.3594,33.1167,1.21,8.080,55.327,21.2886
25/07/2024 03:18:07.000,21.3577,33.1172,1.22,8.080,55.363,21.2886
25/07/2024 03:19:07.999,21.3559,33.1169,1.20,8.080,55.409,21.2883
25/07/2024 03:20:07.001,21.3542,33.1173,1.20,8.080,55.331,21.2876
25/07/2024 03:21:07.000,21.3548,33.1170,1.21,8.080,55.362,21.2888
25/07/2024 03:22:07.999,21.3558,33.1170,1.19,8.080,55.449,21.2880
25/07/2024 03:23:07.998,21.3557,33.1176,1.20,8.080,55.262,21.2873
25/07/2024 03:24:07.001,21.3559,33.1182,1.19,8.080,55.368,21.2871
25/07/2024 03:25:07.000,21.3566,33.1168,1.21,8.080,55.295,21.2861
25/07/2024 03:26:07.999,21.3551,33.1159,1.19,8.079,55.309,21.2861
25/07/2024 03:27:07.998,21.3529,33.1178,1.21,8.079,55.333,21.2853
25/07/2024 03:28:07.997,21.3521,33.1180,1.22,8.079,55.362,21.2854
25/07/2024 03:29:07.003,21.3503,33.1178,1.20,8.079,55.369,21.2833
25/07/2024 03:30:07.002,21.3495,33.1185,1.21,8.079,55.249,21.2840
25/07/2024 03:31:07.001,21.3489,33.1170,1.20,8.079,55.213,21.2830
25/07/2024 03:32:07.000,21.3492,33.1177,1.21,8.079,55.308,21.2827
25/07/2024 03:33:07.000,21.3497,33.1183,1.22,8.079,55.313,21.2826
25/07/2024 03:34:07.999,21.3506,33.1167,1.20,8.079,55.358,21.2804
25/07/2024 03:35:07.998,21.3490,33.1189,1.21,8.079,55.417,21.2802
25/07/2024 03:36:07.997,21.3494,33.1176,1.21,8.078,55.426,21.2802
25/07/2024 03:37:07.003,21.3487,33.1186,1.21,8.078,55.392,21.2806
25/07/2024 03:38:07.002,21.3473,33.1179,1.20,8.078,55.422,21.2804
25/07/2024 03:39:07.001,21.3459,33.1181,1.21,8.078,55.426,21.2789
25/07/2024 03:40:07.000,21.3445,33.1182,1.21,8.077,55.332,21.2796
25/07/2024 03:41:07.999,21.3425,33.1186,1.20,8.077,55.480,21.2787
25/07/2024 03:42:07.998,21.3429,33.1183,1.20,8.077,55.400,21.2784
25/07/2024 03:43:07.997,21.3433,33.1204,1.20,8.077,55.370,21.2785
25/07/2024 03:44:07.003,21.3453,33.1183,1.21,8.076,55.462,21.2776
25/07/2024 03:45:07.002,21.3448,33.1199,1.20,8.076,55.433,21.2777
25/07/2024 03:46:07.001,21.3447,33.1183,1.20,8.076,55.447,21.2771
25/07/2024 03:47:07.000,21.3425,33.1184,1.20,8.076,55.391,21.2748
25/07/2024 03:48:07.000,21.3404,33.1197,1.21,8.076,55.399,21.2760
25/07/2024 03:49:07.999,21.3402,33.1188,1.22,8.076,55.533,21.2757
25/07/2024 03:50:07.998,21.3407,33.1189,1.21,8.076,55.376,21.2757
25/07/2024 03:51:07.997,21.3381,33.1196,1.21,8.075,55.456,21.2755
25/07/2024 03:52:07.003,21.3379,33.1192,1.21,8.075,55.452,21.2745
25/07/2024 03:53:07.002,21.3378,33.1186,1.20,8.075,55.356,21.2739
25/07/2024 03:54:07.001,21.3380,33.1194,1.20,8.075,55.442,21.2726
25/07/2024 03:55:07.000,21.3383,33.1206,1.21,8.075,55.377,21.2724
25/07/2024 03:56:07.999,21.3391,33.1185,1.21,8.075,55.361,21.2733
25/07/2024 03:57:07.998,21.3382,33.1190,1.21,8.075,55.261,21.2727
25/07/2024 03:58:07.997,21.3359,33.1192,1.21,8.075,55.366,21.2724
25/07/2024 03:59:07.003,21.3345,33.1191,1.22,8.075,55.312,21.2720
25/07/2024 04:00:07.002,21.3332,33.1185,1.22,8.075,55.399,21.2712
25/07/2024 04:01:07.001,21.3307,33.1196,1.21,8.075,55.442,21.2712
25/07/2024 04:02:07.000,21.3308,33.1208,1.21,8.075,55.354,21.2705
25/07/2024 04:03:07.000,21.3307,33.1210,1.21,8.075,55.333,21.2700
25/07/2024 04:04:07.999,21.3320,33.1199,1.20,8.074,55.390,21.2696
25/07/2024 04:05:07.998,21.3336,33.1210,1.20,8.074,55.372,21.2689
25/07/2024 04:06:07.997,21.3330,33.1201,1.22,8.074,55.375,21.2684
25/07/2024 04:07:07.003,21.3330,33.1198,1.20,8.074,55.327,21.2682
25/07/2024 04:08:07.002,21.3318,33.1207,1.20,8.074,55.370,21.2676
25/07/2024 04:09:07.001,21.3305,33.1200,1.21,8.074,55.403,21.2673
25/07/2024 04:10:07.000,21.3296,33.1187,1.21,8.074,55.472,21.2669
25/07/2024 04:11:07.999,21.3278,33.1197,1.21,8.074,55.442,21.2658
25/07/2024 04:12:07.998,21.3251,33.1201,1.20,8.074,55.278,21.2655
25/07/2024 04:13:07.997,21.3246,33.1201,1.20,8.074,55.299,21.2638
25/07/2024 04:14:07.003,21.3247,33.1198,1.21,8.074,55.360,21.2648
25/07/2024 04:15:07.002,21.3250,33.1203,1.21,8.074,55.340,21.2631
25/07/2024 04:16:07.001,21.3255,33.1215,1.21,8.074,55.366,21.2624
25/07/2024 04:17:07.000,21.3258,33.1207,1.21,8.074,55.386,21.2633
25/07/2024 04:18:07.000,21.3253,33.1197,1.20,8.074,55.450,21.2625
25/07/2024 04:19:07.999,21.3239,33.1202,1.22,8.074,55.374,21.2625
25/07/2024 04:20:07.998,21.3227,33.1188,1.21,8.074,55.442,21.2625
25/07/2024 04:21:07.997,21.3196,33.1205,1.21,8.074,55.359,21.2611
25/07/2024 04:22:07.003,21.3178,33.1212,1.19,8.074,55.370,21.2592
25/07/2024 04:23:07.002,21.3175,33.1206,1.22,8.074,55.478,21.2605
25/07/2024 04:24:07.001,21.3167,33.1206,1.20,8.074,55.308,21.2601
25/07/2024 04:25:07.000,21.3177,33.1205,1.23,8.074,55.371,21.2585
25/07/2024 04:26:07.999,21.3176,33.1224,1.21,8.074,55.400,21.2592
25/07/2024 04:27:07.998,21.3180,33.1211,1.21,8.074,55.374,21.2591
25/07/2024 04:28:07.997,21.3179,33.1208,1.23,8.074,55.436,21.2580
25/07/2024 04:29:07.003,21.3175,33.1216,1.21,8.075,55.343,21.2576
25/07/2024 04:30:07.002,21.3166,33.1217,1.21,8.075,55.411,21.2570
25/07/2024 04:31:07.001,21.3140,33.1213,1.21,8.076,55.465,21.2570
25/07/2024 04:32:07.000,21.3128,33.1208,1.21,8.076,55.411,21.2557
25/07/2024 04:33:07.000,21.3113,33.1205,1.21,8.077,55.442,21.2557
25/07/2024 04:34:07.999,21.3096,33.1228,1.20,8.077,55.471,21.2544
25/07/2024 04:35:07.998,21.3096,33.1219,1.20,8.077,55.312,21.2547
25/07/2024 04:36:07.997,21.3107,33.1225,1.22,8.077,55.337,21.2545
25/07/2024 04:37:07.003,21.3118,33.1230,1.20,8.077,55.396,21.2547
25/07/2024 04:38:07.002,21.3132,33.1214,1.19,8.076,55.385,21.2539
25/07/2024 04:39:07.001,21.3115,33.1223,1.21,8.076,55.307,21.2537
25/07/2024 04:40:07.000,21.3099,33.1219,1.22,8.076,55.396,21.2516
25/07/2024 04:41:07.999,21.3087,33.1226,1.20,8.075,55.366,21.2526
25/07/2024 04:42:07.998,21.3082,33.1229,1.21,8.075,55.449,21.2512
25/07/2024 04:43:07.997,21.3073,33.1224,1.22,8.074,55.442,21.2513
25/07/2024 04:44:07.003,21.3053,33.1223,1.22,8.074,55.341,21.2510
25/07/2024 04:45:07.002,21.3038,33.1224,1.21,8.074,55.395,21.2493
25/07/2024 04:46:07.001,21.3027,33.1226,1.18,8.074,55.353,21.2492
25/07/2024 04:47:07.000,21.3038,33.1235,1.21,8.073,55.470,21.2488
25/07/2024 04:48:07.000,21.3052,33.1234,1.20,8.073,55.391,21.2486
25/07/2024 04:49:07.999,21.3057,33.1227,1.20,8.073,55.447,21.2478
25/07/2024 04:50:07.998,21.3056,33.1230,1.21,8.073,55.282,21.2477
25/07/2024 04:51:07.997,21.3044,33.1233,1.20,8.072,55.598,21.2449
25/07/2024 04:52:07.003,21.3033,33.1234,1.20,8.073,55.531,21.2450
25/07/2024 04:53:07.002,21.3025,33.1235,1.22,8.073,55.528,21.2462
25/07/2024 04:54:07.001,21.3003,33.1224,1.20,8.073,55.492,21.2443
25/07/2024 04:55:07.000,21.3000,33.1236,1.20,8.073,55.505,21.2448
25/07/2024 04:56:07.999,21.2985,33.1233,1.23,8.073,55.355,21.2448
25/07/2024 04:57:07.998,21.2981,33.1249,1.22,8.072,55.360,21.2436
25/07/2024 04:58:07.997,21.2992,33.1222,1.21,8.072,55.411,21.2435
25/07/2024 04:59:07.003,21.2987,33.1237,1.21,8.072,55.426,21.2432
25/07/2024 05:00:07.002,21.2986,33.1238,1.20,8.072,55.418,21.2431
25/07/2024 05:01:07.001,21.2980,33.1231,1.19,8.072,55.404,21.2422
25/07/2024 05:02:07.000,21.2979,33.1231,1.20,8.071,55.405,21.2416
25/07/2024 05:03:07.000,21.2972,33.1230,1.21,8.071,55.458,21.2409
25/07/2024 05:04:07.999,21.2951,33.1230,1.21,8.071,55.470,21.2408
25/07/2024 05:05:07.998,21.2938,33.1232,1.21,8.071,55.452,21.2400
25/07/2024 05:06:07.997,21.2911,33.1232,1.20,8.071,55.365,21.2396
25/07/2024 05:07:07.003,21.2904,33.1244,1.20,8.071,55.458,21.2392
25/07/2024 05:08:07.002,21.2911,33.1240,1.21,8.071,55.477,21.2391
25/07/2024 05:09:07.001,21.2918,33.1240,1.21,8.072,55.447,21.2383
25/07/2024 05:10:07.000,21.2916,33.1255,1.21,8.072,55.500,21.2362
25/07/2024 05:11:07.999,21.2933,33.1250,1.21,8.072,55.435,21.2373
25/07/2024 05:12:07.998,21.2936,33.1238,1.22,8.072,55.375,21.2352
25/07/2024 05:13:07.997,21.2921,33.1252,1.19,8.072,55.439,21.2357
25/07/2024 05:14:07.003,21.2912,33.1251,1.20,8.072,55.403,21.2358
25/07/2024 05:15:07.002,21.2896,33.1241,1.20,8.072,55.507,21.2350
25/07/2024 05:16:07.001,21.2868,33.1239,1.21,8.072,55.334,21.2351
25/07/2024 05:17:07.000,21.2868,33.1236,1.20,8.072,55.479,21.2336
25/07/2024 05:18:07.000,21.2858,33.1249,1.22,8.072,55.396,21.2335
25/07/2024 05:19:07.999,21.2854,33.1252,1.20,8.071,55.344,21.2316
25/07/2024 05:20:07.998,21.2858,33.1265,1.19,8.071,55.441,21.2329
25/07/2024 05:21:07.997,21.2874,33.1239,1.20,8.071,55.464,21.2316
25/07/2024 05:22:07.003,21.2871,33.1255,1.21,8.071,55.370,21.2314
25/07/2024 05:23:07.002,21.2865,33.1254,1.20,8.071,55.357,21.2310
25/07/2024 05:24:07.001,21.2860,33.1250,1.21,8.071,55.359,21.2308
25/07/2024 05:25:07.000,21.2844,33.1243,1.22,8.071,55.395,21.2302
25/07/2024 05:26:07.999,21.2825,33.1237,1.20,8.071,55.390,21.2286
25/07/2024 05:27:07.998,21.2811,33.1264,1.21,8.071,55.379,21.2285
25/07/2024 05:28:07.997,21.2799,33.1259,1.23,8.071,55.338,21.2280
25/07/2024 05:29:07.003,21.2788,33.1258,1.20,8.071,55.454,21.2256
25/07/2024 05:30:07.002,21.2794,33.1257,1.21,8.071,55.435,21.2274
25/07/2024 05:31:07.001,21.2800,33.1250,1.22,8.071,55.354,21.2264
25/07/2024 05:32:07.000,21.2805,33.1253,1.20,8.071,55.351,21.2263
25/07/2024 05:33:07.000,21.2802,33.1250,1.22,8.072,55.358,21.2257
25/07/2024 05:34:07.999,21.2788,33.1267,1.20,8.072,55.376,21.2249
25/07/2024 05:35:07.998,21.2784,33.1259,1.23,8.072,55.360,21.2248
25/07/2024 05:36:07.997,21.2768,33.1254,1.18,8.072,55.459,21.2242
25/07/2024 05:37:07.003,21.2756,33.1258,1.20,8.072,55.580,21.2235
25/07/2024 05:38:07.002,21.2742,33.1254,1.21,8.072,55.412,21.2215
25/07/2024 05:39:07.001,21.2732,33.1264,1.22,8.072,55.379,21.2222
25/07/2024 05:40:07.000,21.2733,33.1275,1.21,8.072,55.443,21.2221
25/07/2024 05:41:07.999,21.2739,33.1271,1.22,8.072,55.291,21.2206
25/07/2024 05:42:07.998,21.2752,33.1273,1.21,8.072,55.484,21.2208
25/07/2024 05:43:07.997,21.2752,33.1253,1.20,8.072,55.513,21.2205
25/07/2024 05:44:07.003,21.2752,33.1257,1.20,8.072,55.398,21.2198
25/07/2024 05:45:07.002,21.2741,33.1255,1.22,8.072,55.418,21.2185
25/07/2024 05:46:07.001,21.2724,33.1254,1.21,8.072,55.424,21.2187
25/07/2024 05:47:07.000,21.2707,33.1265,1.22,8.072,55.583,21.2185
25/07/2024 05:48:07.000,21.2693,33.1267,1.21,8.072,55.403,21.2159
25/07/2024 05:49:07.999,21.2686,33.1256,1.20,8.072,55.433,21.2164
25/07/2024 05:50:07.998,21.2684,33.1282,1.20,8.071,55.562,21.2168
25/07/2024 05:51:07.997,21.2698,33.1265,1.21,8.071,55.378,21.2168
25/07/2024 05:52:07.003,21.2703,33.1266,1.22,8.071,55.444,21.2160
25/07/2024 05:53:07.002,21.2703,33.1278,1.19,8.071,55.562,21.2158
25/07/2024 05:54:07.001,21.2696,33.1268,1.19,8.071,55.339,21.2152
25/07/2024 05:55:07.000,21.2693,33.1264,1.21,8.070,55.402,21.2135
25/07/2024 05:56:07.999,21.2691,33.1265,1.20,8.070,55.416,21.2139
25/07/2024 05:57:07.998,21.2692,33.1268,1.21,8.070,55.448,21.2120
25/07/2024 05:58:07.997,21.2678,33.1258,1.21,8.070,55.477,21.2131
25/07/2024 05:59:07.003,21.2657,33.1274,1.22,8.070,55.496,21.2114
25/07/2024 06:00:07.002,21.2656,33.1264,1.20,8.070,55.476,21.2118
25/07/2024 06:01:07.001,21.2633,33.1287,1.20,8.070,55.431,21.2115
25/07/2024 06:02:07.000,21.2650,33.1274,1.22,8.069,55.431,21.2109
25/07/2024 06:03:07.000,21.2653,33.1275,1.21,8.069,55.478,21.2113
25/07/2024 06:04:07.999,21.2641,33.1281,1.21,8.069,55.470,21.2109
25/07/2024 06:05:07.998,21.2644,33.1266,1.21,8.069,55.577,21.2100
25/07/2024 06:06:07.997,21.2631,33.1286,1.21,8.069,55.432,21.2094
25/07/2024 06:07:07.003,21.2637,33.1265,1.20,8.069,55.652,21.2094
25/07/2024 06:08:07.002,21.2616,33.1275,1.22,8.069,55.535,21.2089
25/07/2024 06:09:07.001,21.2594,33.1284,1.20,8.069,55.332,21.2079
25/07/2024 06:10:07.000,21.2585,33.1278,1.21,8.069,55.450,21.2085
25/07/2024 06:11:07.999,21.2597,33.1284,1.21,8.069,55.393,21.2061
25/07/2024 06:12:07.998,21.2592,33.1284,1.20,8.069,55.438,21.2058
25/07/2024 06:13:07.997,21.2597,33.1279,1.22,8.069,55.424,21.2059
25/07/2024 06:14:07.003,21.2597,33.1289,1.21,8.069,55.411,21.2051
25/07/2024 06:15:07.002,21.2591,33.1288,1.22,8.069,55.455,21.2061
25/07/2024 06:16:07.001,21.2595,33.1274,1.21,8.069,55.521,21.2049
25/07/2024 06:17:07.000,21.2572,33.1282,1.22,8.069,55.480,21.2022
25/07/2024 06:18:07.000,21.2562,33.1282,1.22,8.068,55.375,21.2042
25/07/2024 06:19:07.999,21.2553,33.1278,1.21,8.068,55.427,21.2039
25/07/2024 06:20:07.998,21.2547,33.1277,1.19,8.068,55.414,21.2029
25/07/2024 06:21:07.997,21.2540,33.1279,1.23,8.068,55.413,21.2023
25/07/2024 06:22:07.003,21.2542,33.1279,1.21,8.068,55.581,21.2018
25/07/2024 06:23:07.002,21.2539,33.1294,1.22,8.068,55.462,21.2014
25/07/2024 06:24:07.001,21.2544,33.1285,1.20,8.068,55.419,21.2009
25/07/2024 06:25:07.000,21.2557,33.1291,1.21,8.068,55.502,21.1993
25/07/2024 06:26:07.999,21.2563,33.1300,1.19,8.068,55.566,21.2002
25/07/2024 06:27:07.998,21.2559,33.1279,1.22,8.068,55.559,21.1986
25/07/2024 06:28:07.997,21.2555,33.1288,1.23,8.068,55.508,21.1993
25/07/2024 06:29:07.003,21.2542,33.1277,1.21,8.068,55.503,21.1984
25/07/2024 06:30:07.002,21.2513,33.1289,1.22,8.068,55.524,21.1975
25/07/2024 06:31:07.001,21.2512,33.1275,1.21,8.068,55.566,21.1974
25/07/2024 06:32:07.000,21.2502,33.1297,1.21,8.068,55.566,21.1962
25/07/2024 06:33:07.000,21.2519,33.1282,1.20,8.068,55.547,21.1946
25/07/2024 06:34:07.999,21.2518,33.1293,1.20,8.067,55.429,21.1945
25/07/2024 06:35:07.998,21.2517,33.1297,1.21,8.067,55.406,21.1939
25/07/2024 06:36:07.997,21.2521,33.1301,1.22,8.067,55.410,21.1952
25/07/2024 06:37:07.003,21.2506,33.1298,1.22,8.067,55.438,21.1945
25/07/2024 06:38:07.002,21.2507,33.1293,1.20,8.067,55.379,21.1951
25/07/2024 06:39:07.001,21.2489,33.1297,1.20,8.067,55.516,21.1945
25/07/2024 06:40:07.000,21.2479,33.1296,1.21,8.067,55.466,21.1936
25/07/2024 06:41:07.999,21.2471,33.1300,1.23,8.067,55.300,21.1931
25/07/2024 06:42:07.998,21.2465,33.1301,1.23,8.067,55.381,21.1916
25/07/2024 06:43:07.997,21.2471,33.1299,1.22,8.067,55.424,21.1927
25/07/2024 06:44:07.003,21.2460,33.1306,1.20,8.067,55.293,21.1907
25/07/2024 06:45:07.002,21.2463,33.1301,1.21,8.067,55.476,21.1914
25/07/2024 06:46:07.001,21.2469,33.1309,1.22,8.067,55.362,21.1905
25/07/2024 06:47:07.000,21.2453,33.1302,1.22,8.067,55.527,21.1911
25/07/2024 06:48:07.000,21.2441,33.1309,1.21,8.067,55.510,21.1903
25/07/2024 06:49:07.999,21.2433,33.1295,1.22,8.067,55.515,21.1899
25/07/2024 06:50:07.998,21.2433,33.1301,1.22,8.067,55.385,21.1897
25/07/2024 06:51:07.997,21.2434,33.1300,1.23,8.067,55.485,21.1882
25/07/2024 06:52:07.003,21.2439,33.1290,1.21,8.067,55.486,21.1885
25/07/2024 06:53:07.002,21.2402,33.1315,1.22,8.067,55.431,21.1868
25/07/2024 06:54:07.001,21.2400,33.1297,1.22,8.066,55.385,21.1876
25/07/2024 06:55:07.000,21.2391,33.1310,1.22,8.066,55.330,21.1854
25/07/2024 06:56:07.999,21.2400,33.1316,1.21,8.067,55.461,21.1859
25/07/2024 06:57:07.998,21.2400,33.1297,1.21,8.066,55.400,21.1850
25/07/2024 06:58:07.997,21.2412,33.1317,1.19,8.066,55.472,21.1838
25/07/2024 06:59:07.003,21.2408,33.1306,1.21,8.066,55.299,21.1833
25/07/2024 07:00:07.002,21.2414,33.1311,1.20,8.066,55.463,21.1818
25/07/2024 07:01:07.001,21.2406,33.1311,1.22,8.066,55.461,21.1817
25/07/2024 07:02:07.000,21.2397,33.1309,1.23,8.066,55.508,21.1799
25/07/2024 07:03:07.000,21.2385,33.1303,1.21,8.066,55.380,21.1818
25/07/2024 07:04:07.999,21.2392,33.1299,1.19,8.066,55.463,21.1819
25/07/2024 07:05:07.998,21.2360,33.1304,1.21,8.066,55.359,21.1817
25/07/2024 07:06:07.997,21.2357,33.1307,1.20,8.066,55.391,21.1810
25/07/2024 07:07:07.003,21.2364,33.1306,1.23,8.066,55.411,21.1810
25/07/2024 07:08:07.002,21.2351,33.1308,1.21,8.066,55.504,21.1813
25/07/2024 07:09:07.001,21.2351,33.1307,1.22,8.066,55.492,21.1802
25/07/2024 07:10:07.000,21.2346,33.1313,1.22,8.066,55.408,21.1800
25/07/2024 07:11:07.999,21.2334,33.1316,1.22,8.065,55.361,21.1782
25/07/2024 07:12:07.998,21.2331,33.1324,1.22,8.066,55.506,21.1794
25/07/2024 07:13:07.997,21.2334,33.1309,1.22,8.065,55.546,21.1783
25/07/2024 07:14:07.003,21.2333,33.1305,1.21,8.066,55.443,21.1775
25/07/2024 07:15:07.002,21.2331,33.1322,1.22,8.066,55.422,21.1775
25/07/2024 07:16:07.001,21.2339,33.1301,1.21,8.066,55.384,21.1765
25/07/2024 07:17:07.000,21.2330,33.1312,1.20,8.066,55.571,21.1760
25/07/2024 07:18:07.000,21.2333,33.1315,1.21,8.066,55.488,21.1752
25/07/2024 07:19:07.999,21.2346,33.1317,1.22,8.066,55.403,21.1737
25/07/2024 07:20:07.998,21.2344,33.1326,1.24,8.066,55.459,21.1728
25/07/2024 07:21:07.997,21.2355,33.1315,1.22,8.066,55.461,21.1745
25/07/2024 07:22:07.003,21.2344,33.1318,1.22,8.065,55.426,21.1727
25/07/2024 07:23:07.002,21.2329,33.1306,1.21,8.066,55.296,21.1727
25/07/2024 07:24:07.001,21.2312,33.1339,1.22,8.066,55.330,21.1714
25/07/2024 07:25:07.000,21.2328,33.1312,1.21,8.066,55.381,21.1714
25/07/2024 07:26:07.999,21.2325,33.1312,1.20,8.065,55.358,21.1710
25/07/2024 07:27:07.998,21.2322,33.1319,1.19,8.065,55.444,21.1709
25/07/2024 07:28:07.997,21.2323,33.1325,1.24,8.065,55.412,21.1707
25/07/2024 07:29:07.003,21.2328,33.1320,1.20,8.065,55.471,21.1696
25/07/2024 07:30:07.002,21.2330,33.1307,1.22,8.065,55.502,21.1679
25/07/2024 07:31:07.001,21.2318,33.1324,1.22,8.065,55.363,21.1704
25/07/2024 07:32:07.000,21.2314,33.1320,1.21,8.065,55.387,21.1686
25/07/2024 07:33:07.000,21.2307,33.1344,1.22,8.065,55.277,21.1695
25/07/2024 07:34:07.999,21.2318,33.1335,1.22,8.065,55.364,21.1690
25/07/2024 07:35:07.998,21.2325,33.1316,1.22,8.065,55.439,21.1695
25/07/2024 07:36:07.997,21.2332,33.1314,1.22,8.065,55.388,21.1686
25/07/2024 07:37:07.003,21.2338,33.1317,1.22,8.065,55.482,21.1676
25/07/2024 07:38:07.002,21.2337,33.1321,1.21,8.065,55.459,21.1678
25/07/2024 07:39:07.001,21.2313,33.1333,1.22,8.065,55.370,21.1656
25/07/2024 07:40:07.000,21.2322,33.1325,1.21,8.065,55.426,21.1665
25/07/2024 07:41:07.999,21.2328,33.1325,1.22,8.065,55.453,21.1646
