Cruise namePNNL Tank
cast nameCast 165
cruise start date15/08/2023
cruise end date15/08/2023
26/06/2024 10:26:16.000,19.6145,31.5118,1.64,7.848,56.688,19.2864
26/06/2024 10:27:16.000,19.6126,31.5144,1.64,7.861,56.856,19.2860
26/06/2024 10:28:16.000,19.5844,31.4773,1.58,7.866,58.505,19.2835
26/06/2024 10:29:16.000,19.5270,31.5251,1.60,7.870,56.677,19.2811
26/06/2024 10:30:16.000,19.5736,31.5207,1.59,7.872,56.715,19.2833
26/06/2024 10:31:16.000,19.5941,31.5159,1.58,7.873,56.584,19.2842
26/06/2024 10:32:16.000,19.6019,31.5143,1.58,7.874,56.714,19.2843
26/06/2024 10:33:16.000,19.6051,31.5143,1.58,7.875,56.711,19.2847
26/06/2024 10:34:16.000,19.6075,31.5133,1.58,7.876,56.624,19.2849
26/06/2024 10:35:16.000,19.6090,31.5123,1.58,7.877,56.609,19.2850
26/06/2024 10:36:16.000,19.6098,31.5126,1.57,7.877,56.537,19.2853
26/06/2024 10:37:16.000,19.6100,31.5129,1.57,7.878,56.541,19.2857
26/06/2024 10:38:16.000,19.6098,31.5130,1.57,7.879,56.609,19.2862
26/06/2024 10:39:16.000,19.6101,31.5143,1.57,7.879,56.502,19.2846
26/06/2024 10:40:16.000,19.6112,31.5121,1.57,7.879,56.602,19.2860
26/06/2024 10:41:16.000,19.6107,31.5127,1.57,7.880,56.586,19.2860
26/06/2024 10:42:16.000,19.6106,31.5134,1.57,7.880,56.649,19.2868
26/06/2024 10:43:16.000,19.6123,31.5126,1.56,7.881,56.610,19.2868
26/06/2024 10:44:16.000,19.6114,31.5137,1.57,7.881,56.650,19.2871
26/06/2024 10:45:16.000,19.6122,31.5129,1.56,7.881,56.736,19.2873
26/06/2024 10:46:16.000,19.6121,31.5134,1.56,7.882,56.567,19.2875
26/06/2024 10:47:16.000,19.6127,31.5134,1.56,7.882,56.661,19.2876
26/06/2024 10:48:16.000,19.6142,31.5143,1.56,7.882,56.562,19.2880
26/06/2024 10:49:16.000,19.6147,31.5137,1.56,7.882,56.503,19.2888
26/06/2024 10:50:16.000,19.6136,31.5138,1.56,7.883,56.540,19.2883
26/06/2024 10:51:16.000,19.6133,31.5134,1.57,7.883,56.548,19.2887
26/06/2024 10:52:16.000,19.6166,31.5131,1.57,7.884,56.640,19.2887
26/06/2024 10:53:16.000,19.6145,31.5141,1.56,7.884,56.637,19.2891
26/06/2024 10:54:16.000,19.6158,31.5135,1.56,7.884,56.606,19.2901
26/06/2024 10:55:16.000,19.6155,31.5127,1.57,7.884,56.616,19.2895
26/06/2024 10:56:16.000,19.6143,31.5148,1.57,7.885,56.612,19.2903
26/06/2024 10:57:16.000,19.6159,31.5128,1.57,7.885,56.612,19.2906
26/06/2024 10:58:16.000,19.6170,31.5162,1.57,7.885,56.578,19.2904
26/06/2024 10:59:16.000,19.6180,31.5129,1.57,7.885,56.497,19.2910
26/06/2024 11:00:16.000,19.6183,31.5132,1.57,7.886,56.573,19.2916
26/06/2024 11:01:16.000,19.6175,31.5133,1.57,7.886,56.566,19.2923
26/06/2024 11:02:16.000,19.6168,31.5132,1.57,7.886,56.620,19.2929
26/06/2024 11:03:16.000,19.6166,31.5135,1.57,7.886,56.632,19.2922
26/06/2024 11:04:16.000,19.6187,31.5140,1.57,7.886,56.643,19.2929
26/06/2024 11:05:16.000,19.6201,31.5137,1.57,7.886,56.630,19.2924
26/06/2024 11:06:16.000,19.6197,31.5140,1.58,7.886,56.590,19.2937
26/06/2024 11:07:16.000,19.6220,31.5147,1.58,7.887,56.625,19.2948
26/06/2024 11:08:16.000,19.6236,31.5131,1.58,7.887,56.492,19.2946
26/06/2024 11:09:16.000,19.6232,31.5138,1.58,7.887,56.477,19.2951
26/06/2024 11:10:16.000,19.6242,31.5117,1.58,7.888,56.694,19.2953
26/06/2024 11:11:16.000,19.6226,31.5130,1.57,7.888,56.684,19.2957
26/06/2024 11:12:16.000,19.6211,31.5133,1.58,7.888,56.630,19.2961
26/06/2024 11:13:16.000,19.6215,31.5142,1.58,7.888,56.662,19.2964
26/06/2024 11:14:16.000,19.6243,31.5133,1.58,7.889,56.690,19.2964
26/06/2024 11:15:16.000,19.6259,31.5137,1.58,7.889,56.710,19.2967
26/06/2024 11:16:16.000,19.6265,31.5135,1.58,7.889,56.607,19.2971
26/06/2024 11:17:16.000,19.6255,31.5149,1.58,7.889,56.491,19.2981
26/06/2024 11:18:16.000,19.6265,31.5141,1.58,7.889,56.594,19.2975
26/06/2024 11:19:16.000,19.6269,31.5131,1.58,7.890,56.801,19.2972
26/06/2024 11:20:16.000,19.6269,31.5135,1.58,7.890,56.680,19.2969
26/06/2024 11:21:16.000,19.6291,31.5141,1.59,7.890,56.664,19.2978
26/06/2024 11:22:16.000,19.6274,31.5133,1.58,7.890,56.581,19.2978
26/06/2024 11:23:16.000,19.6273,31.5138,1.58,7.890,56.710,19.2986
26/06/2024 11:24:16.000,19.6293,31.5129,1.58,7.890,56.661,19.2984
26/06/2024 11:25:16.000,19.6295,31.5140,1.58,7.890,56.666,19.2980
26/06/2024 11:26:16.000,19.6287,31.5145,1.59,7.890,56.607,19.2986
26/06/2024 11:27:16.000,19.6301,31.5157,1.58,7.890,56.634,19.2999
26/06/2024 11:28:16.000,19.6315,31.5123,1.58,7.891,56.647,19.2995
26/06/2024 11:29:16.000,19.6296,31.5149,1.58,7.891,56.637,19.2998
26/06/2024 11:30:16.000,19.6318,31.5151,1.58,7.891,56.638,19.3001
26/06/2024 11:31:16.000,19.6325,31.5145,1.58,7.891,56.790,19.3000
26/06/2024 11:32:16.000,19.6320,31.5142,1.58,7.892,56.760,19.3006
26/06/2024 11:33:16.000,19.6317,31.5146,1.58,7.892,56.674,19.3012
26/06/2024 11:34:16.000,19.6329,31.5136,1.58,7.892,56.693,19.3021
26/06/2024 11:35:16.000,19.6329,31.5145,1.59,7.892,56.551,19.3021
26/06/2024 11:36:16.000,19.6333,31.5157,1.58,7.892,56.768,19.3022
26/06/2024 11:37:16.000,19.6339,31.5133,1.58,7.892,56.670,19.3030
26/06/2024 11:38:16.000,19.6360,31.5141,1.57,7.892,56.689,19.3034
26/06/2024 11:39:16.000,19.6357,31.5153,1.58,7.892,56.656,19.3032
26/06/2024 11:40:16.000,19.6368,31.5148,1.58,7.893,56.633,19.3038
26/06/2024 11:41:16.000,19.6343,31.5135,1.58,7.893,56.633,19.3045
26/06/2024 11:42:16.000,19.6352,31.5143,1.58,7.893,56.626,19.3047
26/06/2024 11:43:16.000,19.6362,31.5154,1.58,7.893,56.599,19.3045
26/06/2024 11:44:16.000,19.6368,31.5144,1.58,7.893,56.533,19.3049
26/06/2024 11:45:16.000,19.6365,31.5135,1.58,7.893,56.589,19.3056
26/06/2024 11:46:16.000,19.6358,31.5150,1.58,7.893,56.598,19.3058
26/06/2024 11:47:16.000,19.6368,31.5154,1.58,7.894,56.622,19.3058
26/06/2024 11:48:16.000,19.6367,31.5144,1.58,7.894,56.707,19.3061
26/06/2024 11:49:16.000,19.6385,31.5146,1.58,7.894,56.636,19.3065
26/06/2024 11:50:16.000,19.6387,31.5143,1.58,7.894,56.652,19.3069
26/06/2024 11:51:16.000,19.6384,31.5136,1.58,7.894,56.691,19.3071
26/06/2024 11:52:16.000,19.6393,31.5141,1.58,7.894,56.599,19.3076
26/06/2024 11:53:16.000,19.6394,31.5139,1.58,7.895,56.737,19.3070
26/06/2024 11:54:16.000,19.6386,31.5136,1.58,7.895,56.759,19.3081
26/06/2024 11:55:16.000,19.6375,31.5155,1.58,7.895,56.549,19.3083
26/06/2024 11:56:16.000,19.6404,31.5153,1.58,7.895,56.511,19.3084
26/06/2024 11:57:16.000,19.6378,31.5154,1.58,7.895,56.577,19.3093
26/06/2024 11:58:16.000,19.6384,31.5161,1.58,7.895,56.598,19.3090
26/06/2024 11:59:16.000,19.6421,31.5139,1.59,7.895,56.593,19.3091
26/06/2024 12:00:16.000,19.6386,31.5140,1.59,7.895,56.702,19.3095
26/06/2024 12:01:16.000,19.6397,31.5144,1.59,7.896,56.639,19.3098
26/06/2024 12:02:16.000,19.6400,31.5152,1.58,7.896,56.638,19.3100
26/06/2024 12:03:16.000,19.6425,31.5150,1.58,7.896,56.586,19.3102
26/06/2024 12:04:16.000,19.6433,31.5145,1.58,7.896,56.780,19.3093
26/06/2024 12:05:16.000,19.6432,31.5140,1.58,7.896,56.578,19.3099
26/06/2024 12:06:16.000,19.6426,31.5142,1.58,7.895,56.524,19.3109
26/06/2024 12:07:16.000,19.6421,31.5140,1.59,7.896,56.532,19.3115
26/06/2024 12:08:16.000,19.6416,31.5158,1.58,7.896,56.589,19.3115
26/06/2024 12:09:16.000,19.6420,31.5154,1.58,7.896,56.613,19.3114
26/06/2024 12:10:16.000,19.6424,31.5149,1.58,7.896,56.626,19.3120
26/06/2024 12:11:16.000,19.6409,31.5163,1.58,7.896,56.489,19.3120
26/06/2024 12:12:16.000,19.6430,31.5135,1.58,7.896,56.483,19.3128
26/06/2024 12:13:16.000,19.6427,31.5143,1.58,7.896,56.636,19.3135
26/06/2024 12:14:16.000,19.6411,31.5154,1.58,7.896,56.560,19.3135
26/06/2024 12:15:16.000,19.6403,31.5152,1.58,7.896,56.567,19.3136
26/06/2024 12:16:16.000,19.6412,31.5149,1.58,7.896,56.518,19.3134
26/06/2024 12:17:16.000,19.6422,31.5146,1.58,7.896,56.615,19.3141
26/06/2024 12:18:16.000,19.6431,31.5145,1.58,7.896,56.624,19.3142
26/06/2024 12:19:16.000,19.6441,31.5161,1.58,7.896,56.575,19.3151
26/06/2024 12:20:16.000,19.6445,31.5158,1.58,7.896,56.670,19.3148
26/06/2024 12:21:16.000,19.6455,31.5148,1.58,7.896,56.583,19.3154
26/06/2024 12:22:16.000,19.6434,31.5157,1.58,7.897,56.511,19.3152
26/06/2024 12:23:16.000,19.6436,31.5152,1.58,7.897,56.511,19.3160
26/06/2024 12:24:16.000,19.6440,31.5147,1.58,7.897,56.508,19.3157
26/06/2024 12:25:16.000,19.6434,31.5145,1.58,7.897,56.530,19.3161
26/06/2024 12:26:16.000,19.6452,31.5151,1.58,7.897,56.513,19.3165
26/06/2024 12:27:16.000,19.6456,31.5166,1.58,7.897,56.533,19.3163
26/06/2024 12:28:16.000,19.6476,31.5145,1.58,7.897,56.531,19.3169
26/06/2024 12:29:16.000,19.6465,31.5156,1.57,7.897,56.681,19.3169
26/06/2024 12:30:16.000,19.6470,31.5152,1.58,7.898,56.577,19.3167
26/06/2024 12:31:16.000,19.6474,31.5144,1.58,7.898,56.559,19.3169
26/06/2024 12:32:16.000,19.6475,31.5165,1.58,7.898,56.570,19.3174
26/06/2024 12:33:16.000,19.6459,31.5168,1.57,7.898,56.514,19.3182
26/06/2024 12:34:16.000,19.6464,31.5164,1.58,7.898,56.571,19.3184
26/06/2024 12:35:16.000,19.6483,31.5150,1.58,7.898,56.581,19.3181
26/06/2024 12:36:16.000,19.6478,31.5148,1.58,7.898,56.439,19.3192
26/06/2024 12:37:16.000,19.6469,31.5151,1.58,7.898,56.547,19.3187
26/06/2024 12:38:16.000,19.6487,31.5158,1.58,7.898,56.505,19.3191
26/06/2024 12:39:16.000,19.6489,31.5160,1.58,7.898,56.685,19.3192
26/06/2024 12:40:16.000,19.6484,31.5142,1.58,7.898,56.564,19.3194
26/06/2024 12:41:16.000,19.6479,31.5162,1.58,7.899,56.493,19.3187
26/06/2024 12:42:16.000,19.6506,31.5160,1.58,7.899,56.432,19.3201
26/06/2024 12:43:16.000,19.6506,31.5158,1.58,7.899,56.541,19.3205
26/06/2024 12:44:16.000,19.6520,31.5143,1.58,7.899,56.611,19.3208
26/06/2024 12:45:16.000,19.6506,31.5161,1.58,7.899,56.505,19.3203
26/06/2024 12:46:16.000,19.6532,31.5159,1.58,7.899,56.465,19.3204
26/06/2024 12:47:16.000,19.6535,31.5154,1.58,7.899,56.542,19.3209
26/06/2024 12:48:16.000,19.6521,31.5162,1.58,7.899,56.387,19.3209
26/06/2024 12:49:16.000,19.6545,31.5159,1.58,7.899,56.531,19.3210
26/06/2024 12:50:16.000,19.6535,31.5160,1.58,7.899,56.437,19.3216
26/06/2024 12:51:16.000,19.6525,31.5164,1.58,7.899,56.423,19.3220
26/06/2024 12:52:16.000,19.6501,31.5160,1.58,7.899,56.562,19.3219
26/06/2024 12:53:16.000,19.6527,31.5161,1.58,7.899,56.658,19.3215
26/06/2024 12:54:16.000,19.6533,31.5159,1.58,7.900,56.626,19.3214
26/06/2024 12:55:16.000,19.6537,31.5164,1.59,7.900,56.680,19.3218
26/06/2024 12:56:16.000,19.6545,31.5163,1.58,7.900,56.582,19.3218
26/06/2024 12:57:16.000,19.6549,31.5163,1.59,7.900,56.622,19.3217
26/06/2024 12:58:16.000,19.6556,31.5151,1.59,7.900,56.574,19.3226
26/06/2024 12:59:16.000,19.6551,31.5146,1.58,7.900,56.658,19.3212
26/06/2024 13:00:16.000,19.6548,31.5167,1.58,7.900,56.510,19.3218
26/06/2024 13:01:16.000,19.6563,31.5164,1.58,7.899,56.702,19.3223
26/06/2024 13:02:16.000,19.6551,31.5168,1.58,7.900,56.626,19.3233
26/06/2024 13:03:16.000,19.6561,31.5162,1.58,7.900,56.516,19.3234
26/06/2024 13:04:16.000,19.6568,31.5152,1.58,7.900,56.629,19.3237
26/06/2024 13:05:16.000,19.6569,31.5148,1.58,7.900,56.568,19.3244
26/06/2024 13:06:16.000,19.6555,31.5173,1.58,7.900,56.550,19.3244
26/06/2024 13:07:16.000,19.6568,31.5163,1.59,7.900,56.429,19.3248
26/06/2024 13:08:16.000,19.6564,31.5164,1.58,7.900,56.538,19.3245
26/06/2024 13:09:16.000,19.6578,31.5162,1.59,7.900,56.528,19.3247
26/06/2024 13:10:16.000,19.6574,31.5161,1.59,7.900,56.466,19.3251
26/06/2024 13:11:16.000,19.6566,31.5155,1.59,7.900,56.413,19.3254
26/06/2024 13:12:16.000,19.6566,31.5175,1.59,7.900,56.648,19.3260
26/06/2024 13:13:16.000,19.6560,31.5171,1.59,7.900,56.581,19.3266
26/06/2024 13:14:16.000,19.6576,31.5168,1.59,7.900,56.561,19.3275
26/06/2024 13:15:16.000,19.6586,31.5170,1.58,7.900,56.600,19.3277
26/06/2024 13:16:16.000,19.6582,31.5177,1.59,7.900,56.659,19.3276
26/06/2024 13:17:16.000,19.6600,31.5158,1.59,7.900,56.659,19.3264
26/06/2024 13:18:16.000,19.6594,31.5160,1.59,7.900,56.636,19.3268
26/06/2024 13:19:16.000,19.6612,31.5162,1.58,7.900,56.633,19.3293
26/06/2024 13:20:16.000,19.6607,31.5164,1.58,7.900,56.514,19.3284
26/06/2024 13:21:16.000,19.6596,31.5162,1.58,7.900,56.587,19.3287
26/06/2024 13:22:16.000,19.6601,31.5165,1.59,7.901,56.700,19.3270
26/06/2024 13:23:16.000,19.6602,31.5178,1.58,7.901,56.608,19.3269
26/06/2024 13:24:16.000,19.6616,31.5165,1.59,7.901,56.527,19.3280
26/06/2024 13:25:16.000,19.6617,31.5170,1.59,7.901,56.547,19.3276
26/06/2024 13:26:16.000,19.6617,31.5164,1.58,7.901,56.679,19.3275
26/06/2024 13:27:16.000,19.6629,31.5169,1.58,7.901,56.555,19.3279
26/06/2024 13:28:16.000,19.6624,31.5158,1.59,7.901,56.727,19.3281
26/06/2024 13:29:16.000,19.6618,31.5172,1.59,7.901,56.490,19.3277
26/06/2024 13:30:16.000,19.6611,31.5166,1.58,7.901,56.626,19.3283
26/06/2024 13:31:16.000,19.6616,31.5174,1.58,7.901,56.586,19.3284
26/06/2024 13:32:16.000,19.6622,31.5164,1.58,7.901,56.705,19.3284
26/06/2024 13:33:16.000,19.6612,31.5164,1.58,7.901,56.689,19.3286
26/06/2024 13:34:16.000,19.6606,31.5176,1.58,7.901,56.670,19.3288
26/06/2024 13:35:16.000,19.6597,31.5159,1.58,7.901,56.623,19.3294
26/06/2024 13:36:16.000,19.6593,31.5201,1.58,7.901,56.652,19.3291
26/06/2024 13:37:16.000,19.6599,31.5187,1.59,7.901,56.655,19.3298
26/06/2024 13:38:16.000,19.6613,31.5175,1.58,7.900,56.707,19.3300
26/06/2024 13:39:16.000,19.6644,31.5166,1.58,7.901,56.622,19.3301
26/06/2024 13:40:16.000,19.6650,31.5179,1.58,7.900,56.729,19.3302
26/06/2024 13:41:16.000,19.6659,31.5166,1.58,7.900,56.700,19.3302
26/06/2024 13:42:16.000,19.6648,31.5171,1.58,7.900,56.646,19.3301
26/06/2024 13:43:16.000,19.6656,31.5165,1.58,7.900,56.605,19.3310
26/06/2024 13:44:16.000,19.6655,31.5184,1.58,7.900,56.591,19.3309
26/06/2024 13:45:16.000,19.6679,31.5183,1.58,7.900,56.719,19.3311
26/06/2024 13:46:16.000,19.6713,31.5168,1.58,7.900,56.570,19.3295
26/06/2024 13:47:16.000,19.6721,31.5177,1.58,7.900,56.705,19.3313
26/06/2024 13:48:16.000,19.6743,31.5158,1.58,7.900,56.742,19.3309
26/06/2024 13:49:16.000,19.6745,31.5158,1.59,7.900,56.672,19.3315
26/06/2024 13:50:16.000,19.6714,31.5164,1.59,7.900,56.641,19.3314
26/06/2024 13:51:16.000,19.6697,31.5178,1.59,7.900,56.766,19.3319
26/06/2024 13:52:16.000,19.6717,31.5165,1.59,7.900,56.712,19.3322
26/06/2024 13:53:16.000,19.6729,31.5156,1.59,7.900,56.631,19.3322
26/06/2024 13:54:16.000,19.6711,31.5169,1.58,7.900,56.612,19.3320
26/06/2024 13:55:16.000,19.6724,31.5158,1.58,7.900,56.574,19.3325
26/06/2024 13:56:16.000,19.6712,31.5170,1.58,7.900,56.611,19.3326
26/06/2024 13:57:16.000,19.6722,31.5177,1.58,7.900,56.743,19.3326
26/06/2024 13:58:16.000,19.6720,31.5172,1.58,7.900,56.593,19.3332
26/06/2024 13:59:16.000,19.6720,31.5166,1.59,7.900,56.616,19.3326
26/06/2024 14:00:16.000,19.6725,31.5156,1.58,7.900,56.664,19.3339
26/06/2024 14:01:16.000,19.6730,31.5174,1.57,7.900,56.656,19.3331
26/06/2024 14:02:16.000,19.6732,31.5181,1.58,7.900,56.656,19.3341
26/06/2024 14:03:16.000,19.6743,31.5171,1.58,7.900,56.733,19.3341
26/06/2024 14:04:16.000,19.6756,31.5169,1.58,7.900,56.577,19.3344
26/06/2024 14:05:16.000,19.6755,31.5169,1.58,7.900,56.596,19.3348
26/06/2024 14:06:16.000,19.6781,31.5174,1.58,7.900,56.503,19.3350
26/06/2024 14:07:16.000,19.6768,31.5185,1.58,7.900,56.473,19.3347
26/06/2024 14:08:16.000,19.6784,31.5163,1.58,7.900,56.665,19.3338
26/06/2024 14:09:16.000,19.6777,31.5171,1.58,7.900,56.483,19.3345
26/06/2024 14:10:16.000,19.6784,31.5173,1.58,7.900,56.495,19.3349
26/06/2024 14:11:16.000,19.6789,31.5196,1.58,7.900,56.610,19.3352
26/06/2024 14:12:16.000,19.6793,31.5161,1.58,7.900,56.578,19.3350
26/06/2024 14:13:16.000,19.6789,31.5154,1.58,7.900,56.600,19.3352
26/06/2024 14:14:16.000,19.6769,31.5176,1.58,7.900,56.656,19.3354
26/06/2024 14:15:16.000,19.6792,31.5162,1.58,7.900,56.513,19.3356
26/06/2024 14:16:16.000,19.6776,31.5176,1.58,7.900,56.507,19.3360
26/06/2024 14:17:16.000,19.6789,31.5209,1.58,7.900,56.676,19.3363
26/06/2024 14:18:16.000,19.6796,31.5201,1.58,7.900,56.674,19.3365
26/06/2024 14:19:16.000,19.6811,31.5167,1.59,7.901,56.664,19.3375
26/06/2024 14:20:16.000,19.6803,31.5189,1.58,7.901,56.513,19.3371
26/06/2024 14:21:16.000,19.6802,31.5179,1.59,7.901,56.641,19.3375
26/06/2024 14:22:16.000,19.6794,31.5162,1.58,7.901,56.545,19.3380
26/06/2024 14:23:16.000,19.6778,31.5187,1.58,7.901,56.585,19.3385
26/06/2024 14:24:16.000,19.6774,31.5179,1.58,7.901,56.653,19.3370
26/06/2024 14:25:16.000,19.6788,31.5173,1.58,7.901,56.593,19.3377
26/06/2024 14:26:16.001,19.6762,31.5184,1.58,7.901,56.472,19.3379
26/06/2024 14:27:16.000,19.6762,31.5178,1.58,7.902,56.593,19.3383
26/06/2024 14:28:16.001,19.6774,31.5169,1.58,7.902,56.378,19.3381
26/06/2024 14:29:16.000,19.6764,31.5174,1.57,7.902,56.395,19.3382
26/06/2024 14:30:16.001,19.6769,31.5174,1.58,7.902,56.665,19.3381
26/06/2024 14:31:16.000,19.6771,31.5179,1.58,7.902,56.469,19.3388
26/06/2024 14:32:16.000,19.6765,31.5188,1.58,7.902,56.681,19.3389
26/06/2024 14:33:16.000,19.6779,31.5184,1.58,7.902,56.638,19.3374
26/06/2024 14:34:16.000,19.6785,31.5175,1.58,7.902,56.659,19.3393
26/06/2024 14:35:16.999,19.6771,31.5177,1.58,7.902,56.653,19.3391
26/06/2024 14:36:16.000,19.6772,31.5171,1.58,7.903,56.635,19.3395
26/06/2024 14:37:16.999,19.6761,31.5181,1.58,7.903,56.588,19.3396
26/06/2024 14:38:16.000,19.6752,31.5193,1.58,7.903,56.562,19.3392
26/06/2024 14:39:16.999,19.6762,31.5170,1.57,7.903,56.521,19.3398
26/06/2024 14:40:16.000,19.6752,31.5201,1.57,7.903,56.693,19.3403
26/06/2024 14:41:16.001,19.6769,31.5196,1.58,7.903,56.494,19.3400
26/06/2024 14:42:16.000,19.6789,31.5178,1.58,7.903,56.544,19.3403
26/06/2024 14:43:16.001,19.6780,31.5198,1.58,7.903,56.698,19.3403
26/06/2024 14:44:16.000,19.6790,31.5187,1.58,7.903,56.524,19.3405
26/06/2024 14:45:16.001,19.6794,31.5177,1.57,7.904,56.635,19.3410
26/06/2024 14:46:16.000,19.6790,31.5185,1.58,7.904,56.558,19.3407
26/06/2024 14:47:16.000,19.6795,31.5179,1.57,7.904,56.596,19.3412
26/06/2024 14:48:16.000,19.6820,31.5175,1.57,7.904,56.701,19.3411
26/06/2024 14:49:16.000,19.6805,31.5190,1.57,7.904,56.737,19.3413
26/06/2024 14:50:16.999,19.6806,31.5173,1.57,7.904,56.661,19.3414
26/06/2024 14:51:16.000,19.6812,31.5203,1.58,7.904,56.541,19.3418
26/06/2024 14:52:16.999,19.6822,31.5197,1.58,7.905,56.595,19.3421
26/06/2024 14:53:16.000,19.6820,31.5197,1.58,7.905,56.579,19.3421
26/06/2024 14:54:16.999,19.6832,31.5183,1.58,7.905,56.608,19.3417
26/06/2024 14:55:16.000,19.6835,31.5192,1.58,7.905,56.549,19.3433
26/06/2024 14:56:16.001,19.6844,31.5189,1.58,7.905,56.536,19.3433
26/06/2024 14:57:16.000,19.6852,31.5172,1.58,7.905,56.606,19.3439
26/06/2024 14:58:16.001,19.6833,31.5186,1.58,7.905,56.588,19.3439
26/06/2024 14:59:16.000,19.6838,31.5189,1.59,7.905,56.491,19.3444
26/06/2024 15:00:16.001,19.6834,31.5188,1.59,7.906,56.492,19.3442
26/06/2024 15:01:16.000,19.6836,31.5196,1.58,7.906,56.524,19.3443
26/06/2024 15:02:16.000,19.6869,31.5182,1.58,7.906,56.665,19.3450
26/06/2024 15:03:16.000,19.6862,31.5182,1.58,7.906,56.490,19.3451
26/06/2024 15:04:16.000,19.6853,31.5191,1.58,7.906,56.665,19.3453
26/06/2024 15:05:16.999,19.6867,31.5199,1.58,7.906,56.649,19.3443
26/06/2024 15:06:16.000,19.6893,31.5185,1.59,7.906,56.678,19.3374
26/06/2024 15:07:16.999,19.6896,31.5187,1.59,7.906,56.655,19.3373
26/06/2024 15:08:16.000,19.6892,31.5187,1.59,7.906,56.573,19.3377
26/06/2024 15:09:16.999,19.6884,31.5183,1.59,7.906,56.569,19.3371
26/06/2024 15:10:16.000,19.6880,31.5184,1.59,7.906,56.508,19.3386
26/06/2024 15:11:16.001,19.6868,31.5179,1.59,7.906,56.645,19.3383
26/06/2024 15:12:16.000,19.6872,31.5205,1.59,7.906,56.505,19.3385
26/06/2024 15:13:16.001,19.6894,31.5183,1.58,7.906,56.582,19.3386
26/06/2024 15:14:16.000,19.6900,31.5218,1.58,7.906,56.455,19.3390
26/06/2024 15:15:16.001,19.6927,31.5193,1.58,7.906,56.518,19.3396
26/06/2024 15:16:16.000,19.6932,31.5192,1.57,7.906,56.682,19.3396
26/06/2024 15:17:16.000,19.6932,31.5194,1.58,7.906,56.401,19.3401
26/06/2024 15:18:16.000,19.6931,31.5197,1.58,7.907,56.558,19.3399
26/06/2024 15:19:16.000,19.6925,31.5185,1.58,7.906,56.400,19.3388
26/06/2024 15:20:16.999,19.6912,31.5197,1.58,7.906,56.524,19.3405
26/06/2024 15:21:16.000,19.6924,31.5209,1.58,7.906,56.543,19.3404
26/06/2024 15:22:16.999,19.6946,31.5188,1.58,7.906,56.487,19.3404
26/06/2024 15:23:16.000,19.6955,31.5188,1.58,7.906,56.481,19.3406
26/06/2024 15:24:16.999,19.6953,31.5188,1.58,7.906,56.578,19.3410
26/06/2024 15:25:16.000,19.6949,31.5211,1.58,7.906,56.547,19.3414
26/06/2024 15:26:16.001,19.6942,31.5201,1.57,7.906,56.525,19.3417
26/06/2024 15:27:16.000,19.6966,31.5183,1.58,7.906,56.695,19.3411
26/06/2024 15:28:16.001,19.6961,31.5191,1.57,7.906,56.440,19.3420
26/06/2024 15:29:16.000,19.6966,31.5199,1.58,7.906,56.570,19.3422
26/06/2024 15:30:16.001,19.6968,31.5193,1.58,7.906,56.477,19.3430
26/06/2024 15:31:16.000,19.6972,31.5199,1.58,7.906,56.541,19.3433
26/06/2024 15:32:16.000,19.6965,31.5194,1.58,7.906,56.524,19.3430
26/06/2024 15:33:16.000,19.6957,31.5195,1.58,7.907,56.450,19.3435
26/06/2024 15:34:16.000,19.6952,31.5197,1.58,7.907,56.429,19.3439
26/06/2024 15:35:16.999,19.6946,31.5202,1.58,7.907,56.351,19.3438
26/06/2024 15:36:16.000,19.6953,31.5198,1.58,7.907,56.559,19.3433
26/06/2024 15:37:16.999,19.6969,31.5196,1.58,7.907,56.555,19.3435
26/06/2024 15:38:16.000,19.6971,31.5195,1.57,7.907,56.579,19.3441
26/06/2024 15:39:16.999,19.6954,31.5210,1.57,7.907,56.673,19.3430
26/06/2024 15:40:16.000,19.6976,31.5220,1.57,7.907,56.579,19.3446
26/06/2024 15:41:16.001,19.6964,31.5197,1.57,7.908,56.537,19.3451
26/06/2024 15:42:16.000,19.6976,31.5179,1.57,7.908,56.562,19.3457
26/06/2024 15:43:16.001,19.6956,31.5202,1.57,7.908,56.678,19.3452
26/06/2024 15:44:16.000,19.6970,31.5186,1.57,7.908,56.561,19.3454
26/06/2024 15:45:16.001,19.6974,31.5210,1.57,7.908,56.428,19.3460
26/06/2024 15:46:16.000,19.6984,31.5193,1.57,7.908,56.503,19.3460
26/06/2024 15:47:16.000,19.6982,31.5199,1.57,7.908,56.647,19.3463
26/06/2024 15:48:16.000,19.6969,31.5201,1.56,7.908,56.531,19.3458
26/06/2024 15:49:16.000,19.6964,31.5203,1.56,7.909,56.588,19.3465
26/06/2024 15:50:16.999,19.6974,31.5214,1.57,7.909,56.637,19.3471
26/06/2024 15:51:16.000,19.6993,31.5203,1.56,7.909,56.583,19.3468
26/06/2024 15:52:16.999,19.6988,31.5199,1.56,7.909,56.636,19.3471
26/06/2024 15:53:16.000,19.6982,31.5205,1.57,7.909,56.554,19.3475
26/06/2024 15:54:16.999,19.6996,31.5190,1.57,7.909,56.580,19.3473
26/06/2024 15:55:16.000,19.6986,31.5201,1.57,7.909,56.456,19.3479
26/06/2024 15:56:16.001,19.6988,31.5182,1.57,7.909,56.604,19.3479
26/06/2024 15:57:16.000,19.7000,31.5204,1.57,7.909,56.548,19.3486
26/06/2024 15:58:16.001,19.6988,31.5207,1.57,7.909,56.516,19.3486
26/06/2024 15:59:16.000,19.6974,31.5197,1.57,7.909,56.538,19.3482
26/06/2024 16:00:16.001,19.6981,31.5203,1.57,7.909,56.516,19.3486
26/06/2024 16:01:16.000,19.6982,31.5197,1.57,7.909,56.599,19.3489
26/06/2024 16:02:16.000,19.6980,31.5202,1.57,7.909,56.483,19.3491
26/06/2024 16:03:16.000,19.6986,31.5214,1.57,7.910,56.654,19.3497
26/06/2024 16:04:16.000,19.6996,31.5207,1.57,7.910,56.557,19.3500
26/06/2024 16:05:16.999,19.6987,31.5205,1.57,7.910,56.557,19.3506
26/06/2024 16:06:16.000,19.6994,31.5216,1.57,7.910,56.457,19.3498
26/06/2024 16:07:16.999,19.7026,31.5202,1.58,7.910,56.538,19.3497
26/06/2024 16:08:16.000,19.7033,31.5206,1.57,7.910,56.442,19.3505
26/06/2024 16:09:16.999,19.7013,31.5199,1.58,7.910,56.573,19.3516
26/06/2024 16:10:16.000,19.7020,31.5203,1.58,7.910,56.548,19.3522
26/06/2024 16:11:16.001,19.7024,31.5203,1.57,7.910,56.496,19.3519
26/06/2024 16:12:16.000,19.7032,31.5198,1.58,7.910,56.578,19.3522
26/06/2024 16:13:16.001,19.7029,31.5209,1.58,7.910,56.623,19.3519
26/06/2024 16:14:16.000,19.7033,31.5206,1.57,7.910,56.598,19.3533
26/06/2024 16:15:16.001,19.7034,31.5216,1.58,7.911,56.636,19.3531
26/06/2024 16:16:16.000,19.7059,31.5194,1.57,7.910,56.599,19.3532
26/06/2024 16:17:16.000,19.7047,31.5196,1.57,7.910,56.458,19.3536
26/06/2024 16:18:16.000,19.7035,31.5218,1.57,7.910,56.652,19.3543
26/06/2024 16:19:16.000,19.7063,31.5191,1.57,7.910,56.614,19.3548
26/06/2024 16:20:16.999,19.7046,31.5210,1.58,7.910,56.570,19.3547
26/06/2024 16:21:16.000,19.7034,31.5208,1.58,7.910,56.725,19.3549
26/06/2024 16:22:16.999,19.7047,31.5205,1.58,7.910,56.652,19.3550
26/06/2024 16:23:16.000,19.7019,31.5209,1.58,7.910,56.654,19.3550
26/06/2024 16:24:16.999,19.7034,31.5206,1.58,7.910,56.610,19.3556
26/06/2024 16:25:16.000,19.7052,31.5218,1.58,7.910,56.547,19.3561
26/06/2024 16:26:16.001,19.7054,31.5206,1.58,7.910,56.496,19.3565
26/06/2024 16:27:16.000,19.7058,31.5205,1.58,7.910,56.589,19.3571
26/06/2024 16:28:16.001,19.7058,31.5218,1.57,7.910,56.531,19.3571
26/06/2024 16:29:16.000,19.7072,31.5207,1.58,7.910,56.478,19.3576
26/06/2024 16:30:16.001,19.7082,31.5196,1.58,7.910,56.603,19.3573
26/06/2024 16:31:16.000,19.7064,31.5232,1.58,7.910,56.516,19.3579
26/06/2024 16:32:16.000,19.7051,31.5204,1.58,7.910,56.613,19.3585
26/06/2024 16:33:16.000,19.7066,31.5210,1.58,7.910,56.448,19.3581
26/06/2024 16:34:16.000,19.7082,31.5197,1.58,7.910,56.594,19.3587
26/06/2024 16:35:16.999,19.7072,31.5201,1.58,7.910,56.508,19.3585
26/06/2024 16:36:16.000,19.7063,31.5227,1.58,7.910,56.588,19.3590
26/06/2024 16:37:16.999,19.7078,31.5211,1.58,7.910,56.636,19.3597
26/06/2024 16:38:16.000,19.7075,31.5216,1.58,7.910,56.574,19.3593
26/06/2024 16:39:16.999,19.7072,31.5230,1.57,7.910,56.417,19.3600
26/06/2024 16:40:16.000,19.7066,31.5227,1.58,7.910,56.517,19.3606
26/06/2024 16:41:16.001,19.7064,31.5222,1.58,7.910,56.399,19.3611
26/06/2024 16:42:16.000,19.7064,31.5211,1.58,7.910,56.529,19.3613
26/06/2024 16:43:16.001,19.7066,31.5212,1.58,7.910,56.562,19.3617
26/06/2024 16:44:16.000,19.7069,31.5197,1.58,7.910,56.614,19.3613
26/06/2024 16:45:16.001,19.7071,31.5220,1.58,7.910,56.533,19.3623
26/06/2024 16:46:16.000,19.7090,31.5210,1.58,7.910,56.691,19.3625
26/06/2024 16:47:16.000,19.7082,31.5218,1.58,7.910,56.706,19.3628
26/06/2024 16:48:16.000,19.7085,31.5206,1.58,7.910,56.543,19.3628
26/06/2024 16:49:16.000,19.7105,31.5210,1.59,7.910,56.471,19.3632
26/06/2024 16:50:16.999,19.7082,31.5211,1.58,7.910,56.422,19.3636
26/06/2024 16:51:16.000,19.7092,31.5227,1.58,7.910,56.516,19.3640
26/06/2024 16:52:16.999,19.7091,31.5219,1.58,7.910,56.581,19.3640
26/06/2024 16:53:16.000,19.7106,31.5215,1.58,7.910,56.479,19.3631
26/06/2024 16:54:16.999,19.7106,31.5210,1.58,7.910,56.456,19.3648
26/06/2024 16:55:16.000,19.7128,31.5212,1.58,7.910,56.426,19.3648
26/06/2024 16:56:16.001,19.7121,31.5219,1.59,7.910,56.595,19.3653
26/06/2024 16:57:16.000,19.7133,31.5212,1.58,7.911,56.392,19.3653
26/06/2024 16:58:16.001,19.7118,31.5220,1.59,7.910,56.516,19.3657
26/06/2024 16:59:16.000,19.7118,31.5219,1.58,7.911,56.521,19.3663
26/06/2024 17:00:16.001,19.7125,31.5228,1.57,7.911,56.477,19.3667
26/06/2024 17:01:16.000,19.7128,31.5208,1.58,7.911,56.492,19.3673
26/06/2024 17:02:16.000,19.7127,31.5210,1.58,7.911,56.296,19.3671
26/06/2024 17:03:16.000,19.7129,31.5213,1.58,7.911,56.515,19.3676
26/06/2024 17:04:16.000,19.7115,31.5210,1.58,7.911,56.420,19.3677
26/06/2024 17:05:16.999,19.7101,31.5214,1.58,7.911,56.350,19.3681
26/06/2024 17:06:16.000,19.7109,31.5226,1.58,7.912,56.414,19.3687
26/06/2024 17:07:16.999,19.7119,31.5213,1.58,7.912,56.429,19.3686
26/06/2024 17:08:16.000,19.7113,31.5238,1.57,7.912,56.454,19.3686
26/06/2024 17:09:16.999,19.7123,31.5207,1.57,7.912,56.326,19.3692
26/06/2024 17:10:16.000,19.7107,31.5224,1.57,7.912,56.399,19.3695
26/06/2024 17:11:16.001,19.7109,31.5227,1.57,7.912,56.411,19.3696
26/06/2024 17:12:16.000,19.7102,31.5224,1.57,7.912,56.540,19.3701
26/06/2024 17:13:16.001,19.7115,31.5232,1.57,7.912,56.472,19.3702
26/06/2024 17:14:16.000,19.7118,31.5209,1.57,7.912,56.539,19.3707
26/06/2024 17:15:16.001,19.7112,31.5222,1.57,7.913,56.455,19.3714
26/06/2024 17:16:16.000,19.7119,31.5230,1.57,7.913,56.526,19.3713
26/06/2024 17:17:16.000,19.7128,31.5214,1.58,7.912,56.549,19.3710
26/06/2024 17:18:16.000,19.7138,31.5224,1.57,7.913,56.465,19.3720
26/06/2024 17:19:16.000,19.7141,31.5232,1.57,7.913,56.377,19.3721
26/06/2024 17:20:16.999,19.7136,31.5223,1.58,7.913,56.523,19.3718
26/06/2024 17:21:16.000,19.7132,31.5218,1.57,7.913,56.513,19.3725
26/06/2024 17:22:16.999,19.7127,31.5227,1.57,7.913,56.298,19.3722
26/06/2024 17:23:16.000,19.7138,31.5224,1.58,7.913,56.452,19.3726
26/06/2024 17:24:16.999,19.7143,31.5222,1.58,7.913,56.437,19.3726
26/06/2024 17:25:16.000,19.7130,31.5227,1.58,7.913,56.499,19.3738
26/06/2024 17:26:16.001,19.7132,31.5228,1.58,7.913,56.455,19.3736
26/06/2024 17:27:16.000,19.7148,31.5239,1.57,7.913,56.508,19.3739
26/06/2024 17:28:16.001,19.7140,31.5226,1.58,7.913,56.500,19.3739
26/06/2024 17:29:16.000,19.7147,31.5228,1.58,7.913,56.542,19.3748
26/06/2024 17:30:16.001,19.7143,31.5222,1.58,7.913,56.527,19.3747
26/06/2024 17:31:16.000,19.7151,31.5228,1.58,7.913,56.576,19.3751
26/06/2024 17:32:16.000,19.7151,31.5229,1.57,7.913,56.576,19.3757
26/06/2024 17:33:16.000,19.7148,31.5218,1.57,7.913,56.523,19.3757
26/06/2024 17:34:16.000,19.7144,31.5236,1.57,7.913,56.493,19.3759
26/06/2024 17:35:16.999,19.7146,31.5216,1.57,7.913,56.570,19.3763
26/06/2024 17:36:16.000,19.7139,31.5238,1.57,7.913,56.583,19.3767
26/06/2024 17:37:16.999,19.7148,31.5221,1.57,7.913,56.582,19.3766
26/06/2024 17:38:16.000,19.7153,31.5228,1.58,7.913,56.614,19.3773
26/06/2024 17:39:16.999,19.7159,31.5238,1.57,7.913,56.460,19.3770
26/06/2024 17:40:16.000,19.7179,31.5214,1.57,7.913,56.520,19.3764
26/06/2024 17:41:16.001,19.7147,31.5239,1.57,7.913,56.506,19.3779
26/06/2024 17:42:16.000,19.7141,31.5228,1.57,7.913,56.568,19.3786
26/06/2024 17:43:16.001,19.7127,31.5242,1.57,7.913,56.458,19.3785
26/06/2024 17:44:16.000,19.7155,31.5223,1.56,7.914,56.584,19.3790
26/06/2024 17:45:16.001,19.7137,31.5223,1.56,7.913,56.599,19.3790
26/06/2024 17:46:16.000,19.7129,31.5235,1.56,7.914,56.627,19.3794
26/06/2024 17:47:16.000,19.7119,31.5251,1.56,7.914,56.739,19.3800
26/06/2024 17:48:16.000,19.7133,31.5237,1.56,7.914,56.590,19.3801
26/06/2024 17:49:16.000,19.7118,31.5235,1.56,7.914,56.690,19.3801
26/06/2024 17:50:16.999,19.7122,31.5248,1.56,7.914,56.619,19.3801
26/06/2024 17:51:16.000,19.7129,31.5244,1.56,7.914,56.539,19.3811
26/06/2024 17:52:16.999,19.7135,31.5229,1.56,7.914,56.388,19.3811
26/06/2024 17:53:16.000,19.7130,31.5236,1.56,7.914,56.551,19.3809
26/06/2024 17:54:16.999,19.7141,31.5238,1.56,7.915,56.484,19.3813
26/06/2024 17:55:16.000,19.7144,31.5230,1.57,7.914,56.538,19.3820
26/06/2024 17:56:16.001,19.7154,31.5220,1.56,7.915,56.625,19.3816
26/06/2024 17:57:16.000,19.7153,31.5224,1.56,7.914,56.556,19.3822
26/06/2024 17:58:16.001,19.7130,31.5228,1.55,7.915,56.518,19.3823
26/06/2024 17:59:16.000,19.7128,31.5243,1.56,7.914,56.628,19.3823
26/06/2024 18:00:16.001,19.7126,31.5241,1.55,7.915,56.529,19.3830
26/06/2024 18:01:16.000,19.7136,31.5241,1.56,7.915,56.609,19.3833
26/06/2024 18:02:16.000,19.7130,31.5222,1.55,7.915,56.534,19.3831
26/06/2024 18:03:16.000,19.7138,31.5233,1.55,7.915,56.487,19.3841
26/06/2024 18:04:16.000,19.7137,31.5229,1.55,7.915,56.459,19.3839
26/06/2024 18:05:16.999,19.7132,31.5242,1.56,7.915,56.568,19.3845
26/06/2024 18:06:16.000,19.7122,31.5251,1.55,7.915,56.595,19.3834
26/06/2024 18:07:16.999,19.7126,31.5234,1.56,7.915,56.665,19.3844
26/06/2024 18:08:16.000,19.7116,31.5235,1.55,7.915,56.532,19.3844
26/06/2024 18:09:16.999,19.7127,31.5265,1.55,7.915,56.440,19.3840
26/06/2024 18:10:16.000,19.7144,31.5248,1.55,7.915,56.474,19.3850
26/06/2024 18:11:16.001,19.7154,31.5244,1.55,7.915,56.616,19.3856
26/06/2024 18:12:16.000,19.7139,31.5250,1.55,7.915,56.575,19.3854
26/06/2024 18:13:16.001,19.7149,31.5244,1.55,7.915,56.424,19.3860
26/06/2024 18:14:16.000,19.7154,31.5240,1.55,7.915,56.530,19.3864
26/06/2024 18:15:16.001,19.7163,31.5235,1.55,7.915,56.596,19.3866
26/06/2024 18:16:16.000,19.7153,31.5239,1.55,7.915,56.435,19.3867
26/06/2024 18:17:16.000,19.7159,31.5240,1.55,7.915,56.495,19.3864
26/06/2024 18:18:16.000,19.7174,31.5246,1.55,7.915,56.631,19.3870
26/06/2024 18:19:16.000,19.7156,31.5232,1.55,7.915,56.449,19.3874
26/06/2024 18:20:16.999,19.7148,31.5246,1.55,7.915,56.457,19.3871
26/06/2024 18:21:16.000,19.7155,31.5250,1.55,7.915,56.451,19.3881
26/06/2024 18:22:16.999,19.7149,31.5249,1.55,7.914,56.675,19.3880
26/06/2024 18:23:16.000,19.7139,31.5252,1.55,7.915,56.589,19.3879
26/06/2024 18:24:16.999,19.7150,31.5239,1.55,7.915,56.542,19.3882
26/06/2024 18:25:16.000,19.7146,31.5247,1.55,7.914,56.560,19.3886
26/06/2024 18:26:16.999,19.7154,31.5247,1.55,7.914,56.560,19.3880
26/06/2024 18:27:16.002,19.7157,31.5242,1.55,7.914,56.477,19.3892
26/06/2024 18:28:16.001,19.7151,31.5251,1.55,7.914,56.593,19.3896
26/06/2024 18:29:16.000,19.7164,31.5243,1.55,7.914,56.703,19.3894
26/06/2024 18:30:16.999,19.7159,31.5247,1.56,7.914,56.509,19.3900
26/06/2024 18:31:16.001,19.7139,31.5258,1.55,7.914,56.517,19.3902
26/06/2024 18:32:16.000,19.7166,31.5254,1.55,7.914,56.506,19.3900
26/06/2024 18:33:16.000,19.7172,31.5245,1.55,7.914,56.588,19.3908
26/06/2024 18:34:16.999,19.7168,31.5250,1.56,7.914,56.557,19.3905
26/06/2024 18:35:16.001,19.7172,31.5238,1.56,7.914,56.529,19.3913
26/06/2024 18:36:16.000,19.7163,31.5253,1.56,7.914,56.394,19.3914
26/06/2024 18:37:16.999,19.7166,31.5252,1.56,7.914,56.546,19.3915
26/06/2024 18:38:16.998,19.7176,31.5245,1.56,7.914,56.452,19.3916
26/06/2024 18:39:16.001,19.7178,31.5233,1.56,7.914,56.617,19.3917
26/06/2024 18:40:16.000,19.7169,31.5258,1.55,7.914,56.592,19.3919
26/06/2024 18:41:16.999,19.7168,31.5240,1.55,7.914,56.547,19.3918
26/06/2024 18:42:16.002,19.7172,31.5243,1.56,7.913,56.531,19.3922
26/06/2024 18:43:16.001,19.7156,31.5247,1.55,7.913,56.465,19.3926
26/06/2024 18:44:16.000,19.7170,31.5258,1.55,7.913,56.587,19.3925
26/06/2024 18:45:16.999,19.7186,31.5240,1.55,7.913,56.564,19.3919
26/06/2024 18:46:16.001,19.7174,31.5243,1.55,7.913,56.677,19.3927
26/06/2024 18:47:16.000,19.7175,31.5250,1.55,7.913,56.693,19.3927
26/06/2024 18:48:16.000,19.7169,31.5248,1.55,7.913,56.606,19.3937
26/06/2024 18:49:16.999,19.7169,31.5238,1.56,7.913,56.625,19.3929
26/06/2024 18:50:16.001,19.7169,31.5262,1.56,7.913,56.511,19.3934
26/06/2024 18:51:16.000,19.7162,31.5255,1.55,7.914,56.583,19.3939
26/06/2024 18:52:16.999,19.7158,31.5243,1.55,7.914,56.697,19.3936
26/06/2024 18:53:16.998,19.7148,31.5263,1.56,7.914,56.529,19.3940
26/06/2024 18:54:16.001,19.7149,31.5255,1.55,7.913,56.630,19.3945
26/06/2024 18:55:16.000,19.7150,31.5243,1.55,7.914,56.635,19.3943
26/06/2024 18:56:16.999,19.7151,31.5243,1.55,7.914,56.469,19.3941
26/06/2024 18:57:16.002,19.7156,31.5253,1.55,7.914,56.547,19.3948
26/06/2024 18:58:16.001,19.7156,31.5243,1.55,7.913,56.624,19.3954
26/06/2024 18:59:16.000,19.7144,31.5257,1.55,7.914,56.531,19.3956
26/06/2024 19:00:16.999,19.7148,31.5264,1.55,7.914,56.635,19.3953
26/06/2024 19:01:16.001,19.7144,31.5263,1.55,7.914,56.541,19.3954
26/06/2024 19:02:16.000,19.7146,31.5258,1.55,7.914,56.479,19.3959
26/06/2024 19:03:16.000,19.7161,31.5262,1.55,7.914,56.661,19.3960
26/06/2024 19:04:16.999,19.7161,31.5260,1.55,7.914,56.649,19.3958
26/06/2024 19:05:16.001,19.7161,31.5252,1.55,7.914,56.570,19.3965
26/06/2024 19:06:16.000,19.7163,31.5256,1.55,7.914,56.632,19.3963
26/06/2024 19:07:16.999,19.7164,31.5266,1.54,7.914,56.667,19.3958
26/06/2024 19:08:16.998,19.7155,31.5244,1.55,7.915,56.576,19.3974
26/06/2024 19:09:16.001,19.7153,31.5276,1.55,7.915,56.525,19.3978
26/06/2024 19:10:16.000,19.7147,31.5267,1.55,7.915,56.552,19.3981
26/06/2024 19:11:16.999,19.7152,31.5252,1.55,7.915,56.516,19.3983
26/06/2024 19:12:16.002,19.7156,31.5255,1.55,7.915,56.576,19.3981
26/06/2024 19:13:16.001,19.7145,31.5252,1.55,7.915,56.612,19.3978
26/06/2024 19:14:16.000,19.7139,31.5251,1.55,7.915,56.565,19.3974
26/06/2024 19:15:16.999,19.7142,31.5255,1.54,7.916,56.493,19.3980
26/06/2024 19:16:16.001,19.7153,31.5258,1.54,7.916,56.542,19.3980
26/06/2024 19:17:16.000,19.7151,31.5262,1.54,7.916,56.582,19.3980
26/06/2024 19:18:16.000,19.7146,31.5257,1.54,7.916,56.670,19.3980
26/06/2024 19:19:16.999,19.7144,31.5265,1.54,7.916,56.529,19.3989
26/06/2024 19:20:16.001,19.7167,31.5267,1.54,7.916,56.469,19.3989
26/06/2024 19:21:16.000,19.7160,31.5256,1.55,7.917,56.703,19.3987
26/06/2024 19:22:16.999,19.7161,31.5268,1.54,7.917,56.539,19.3995
26/06/2024 19:23:16.998,19.7162,31.5248,1.54,7.917,56.554,19.3996
26/06/2024 19:24:16.001,19.7160,31.5263,1.54,7.917,56.525,19.3984
26/06/2024 19:25:16.000,19.7172,31.5259,1.54,7.917,56.534,19.3991
26/06/2024 19:26:16.999,19.7189,31.5262,1.54,7.917,56.616,19.4000
26/06/2024 19:27:16.002,19.7177,31.5250,1.54,7.917,56.460,19.4003
26/06/2024 19:28:16.001,19.7169,31.5255,1.54,7.917,56.545,19.4002
26/06/2024 19:29:16.000,19.7188,31.5253,1.53,7.917,56.541,19.4004
26/06/2024 19:30:16.999,19.7180,31.5271,1.52,7.918,56.646,19.4004
26/06/2024 19:31:16.001,19.7186,31.5256,1.52,7.918,56.405,19.4006
26/06/2024 19:32:16.000,19.7187,31.5268,1.52,7.918,56.618,19.4009
26/06/2024 19:33:16.000,19.7192,31.5249,1.52,7.918,56.613,19.4009
26/06/2024 19:34:16.999,19.7192,31.5268,1.52,7.918,56.558,19.4008
26/06/2024 19:35:16.001,19.7196,31.5253,1.52,7.918,56.440,19.4010
26/06/2024 19:36:16.000,19.7188,31.5268,1.53,7.918,56.517,19.4012
26/06/2024 19:37:16.999,19.7170,31.5276,1.52,7.919,56.419,19.4014
26/06/2024 19:38:16.998,19.7177,31.5259,1.52,7.919,56.567,19.4015
26/06/2024 19:39:16.001,19.7177,31.5271,1.52,7.919,56.673,19.4018
26/06/2024 19:40:16.000,19.7193,31.5274,1.53,7.919,56.563,19.4020
26/06/2024 19:41:16.999,19.7185,31.5261,1.53,7.919,56.598,19.4024
26/06/2024 19:42:16.002,19.7180,31.5263,1.53,7.919,56.542,19.4019
26/06/2024 19:43:16.001,19.7183,31.5270,1.53,7.919,56.525,19.4023
26/06/2024 19:44:16.000,19.7190,31.5275,1.53,7.919,56.467,19.4024
26/06/2024 19:45:16.999,19.7172,31.5261,1.53,7.919,56.379,19.4024
26/06/2024 19:46:16.001,19.7175,31.5269,1.53,7.919,56.714,19.4024
26/06/2024 19:47:16.000,19.7181,31.5268,1.53,7.919,56.623,19.4027
26/06/2024 19:48:16.000,19.7201,31.5267,1.53,7.919,56.542,19.4030
26/06/2024 19:49:16.999,19.7185,31.5267,1.53,7.919,56.537,19.4018
26/06/2024 19:50:16.001,19.7208,31.5265,1.52,7.919,56.542,19.4021
26/06/2024 19:51:16.000,19.7208,31.5263,1.52,7.919,56.670,19.4035
26/06/2024 19:52:16.999,19.7209,31.5266,1.53,7.919,56.471,19.4035
26/06/2024 19:53:16.998,19.7198,31.5275,1.53,7.919,56.384,19.4041
26/06/2024 19:54:16.001,19.7210,31.5270,1.52,7.919,56.498,19.4038
26/06/2024 19:55:16.000,19.7223,31.5271,1.52,7.919,56.524,19.4039
26/06/2024 19:56:16.999,19.7229,31.5261,1.52,7.919,56.464,19.4040
26/06/2024 19:57:16.002,19.7225,31.5252,1.53,7.919,56.521,19.4047
26/06/2024 19:58:16.001,19.7213,31.5264,1.53,7.919,56.510,19.4046
26/06/2024 19:59:16.000,19.7207,31.5263,1.52,7.919,56.627,19.4050
26/06/2024 20:00:16.999,19.7215,31.5271,1.52,7.919,56.532,19.4045
26/06/2024 20:01:16.001,19.7210,31.5269,1.52,7.919,56.559,19.4051
26/06/2024 20:02:16.000,19.7214,31.5271,1.52,7.919,56.518,19.4058
26/06/2024 20:03:16.000,19.7225,31.5253,1.53,7.919,56.524,19.4064
26/06/2024 20:04:16.999,19.7220,31.5269,1.53,7.919,56.407,19.4071
26/06/2024 20:05:16.001,19.7226,31.5279,1.53,7.919,56.613,19.4066
26/06/2024 20:06:16.000,19.7229,31.5264,1.53,7.919,56.501,19.4060
26/06/2024 20:07:16.999,19.7214,31.5279,1.53,7.919,56.439,19.4064
26/06/2024 20:08:16.998,19.7218,31.5279,1.52,7.919,56.491,19.4055
26/06/2024 20:09:16.001,19.7221,31.5278,1.53,7.919,56.421,19.4071
26/06/2024 20:10:16.000,19.7238,31.5272,1.52,7.919,56.584,19.4069
26/06/2024 20:11:16.999,19.7222,31.5277,1.53,7.919,56.368,19.4061
26/06/2024 20:12:16.002,19.7223,31.5263,1.53,7.919,56.518,19.4072
26/06/2024 20:13:16.001,19.7233,31.5277,1.53,7.919,56.529,19.4074
26/06/2024 20:14:16.000,19.7232,31.5266,1.53,7.919,56.427,19.4074
26/06/2024 20:15:16.999,19.7221,31.5268,1.53,7.919,56.479,19.4074
26/06/2024 20:16:16.001,19.7226,31.5279,1.53,7.919,56.603,19.4083
26/06/2024 20:17:16.000,19.7218,31.5281,1.53,7.919,56.501,19.4084
26/06/2024 20:18:16.000,19.7217,31.5273,1.53,7.919,56.576,19.4081
26/06/2024 20:19:16.999,19.7234,31.5281,1.53,7.919,56.627,19.4082
26/06/2024 20:20:16.001,19.7238,31.5274,1.53,7.918,56.557,19.4081
26/06/2024 20:21:16.000,19.7235,31.5279,1.53,7.918,56.581,19.4081
26/06/2024 20:22:16.999,19.7219,31.5267,1.53,7.918,56.448,19.4086
26/06/2024 20:23:16.998,19.7223,31.5267,1.53,7.918,56.638,19.4087
26/06/2024 20:24:16.001,19.7231,31.5273,1.53,7.918,56.532,19.4088
26/06/2024 20:25:16.000,19.7227,31.5266,1.53,7.918,56.608,19.4089
26/06/2024 20:26:16.999,19.7232,31.5284,1.53,7.918,56.553,19.4092
26/06/2024 20:27:16.002,19.7228,31.5265,1.53,7.918,56.560,19.4086
26/06/2024 20:28:16.001,19.7232,31.5280,1.53,7.918,56.531,19.4093
26/06/2024 20:29:16.000,19.7247,31.5290,1.53,7.918,56.602,19.4094
26/06/2024 20:30:16.999,19.7237,31.5283,1.53,7.918,56.527,19.4093
26/06/2024 20:31:16.001,19.7241,31.5269,1.53,7.918,56.480,19.4099
26/06/2024 20:32:16.000,19.7240,31.5272,1.53,7.918,56.479,19.4103
26/06/2024 20:33:16.000,19.7233,31.5287,1.53,7.918,56.517,19.4105
26/06/2024 20:34:16.999,19.7245,31.5279,1.53,7.918,56.534,19.4094
26/06/2024 20:35:16.001,19.7243,31.5279,1.53,7.918,56.562,19.4104
26/06/2024 20:36:16.000,19.7237,31.5276,1.53,7.918,56.647,19.4104
26/06/2024 20:37:16.999,19.7212,31.5277,1.53,7.918,56.494,19.4109
26/06/2024 20:38:16.998,19.7221,31.5280,1.53,7.919,56.551,19.4098
26/06/2024 20:39:16.001,19.7228,31.5275,1.53,7.919,56.544,19.4113
26/06/2024 20:40:16.000,19.7227,31.5288,1.53,7.919,56.475,19.4116
26/06/2024 20:41:16.999,19.7239,31.5281,1.53,7.919,56.497,19.4110
26/06/2024 20:42:16.002,19.7242,31.5278,1.53,7.919,56.635,19.4112
26/06/2024 20:43:16.001,19.7222,31.5279,1.53,7.919,56.527,19.4113
26/06/2024 20:44:16.000,19.7226,31.5267,1.53,7.919,56.603,19.4114
26/06/2024 20:45:16.999,19.7222,31.5289,1.53,7.919,56.538,19.4117
26/06/2024 20:46:16.001,19.7219,31.5269,1.53,7.919,56.602,19.4120
26/06/2024 20:47:16.000,19.7223,31.5292,1.53,7.919,56.593,19.4123
26/06/2024 20:48:16.000,19.7244,31.5270,1.53,7.919,56.533,19.4125
26/06/2024 20:49:16.999,19.7240,31.5283,1.53,7.919,56.532,19.4125
26/06/2024 20:50:16.001,19.7229,31.5282,1.53,7.919,56.559,19.4125
26/06/2024 20:51:16.000,19.7237,31.5279,1.53,7.920,56.514,19.4126
26/06/2024 20:52:16.999,19.7224,31.5281,1.53,7.920,56.515,19.4127
26/06/2024 20:53:16.998,19.7226,31.5273,1.53,7.920,56.490,19.4126
26/06/2024 20:54:16.001,19.7225,31.5279,1.53,7.920,56.653,19.4129
26/06/2024 20:55:16.000,19.7222,31.5269,1.53,7.920,56.633,19.4129
26/06/2024 20:56:16.999,19.7215,31.5280,1.53,7.920,56.529,19.4129
26/06/2024 20:57:16.002,19.7219,31.5279,1.53,7.920,56.609,19.4129
26/06/2024 20:58:16.001,19.7219,31.5281,1.53,7.920,56.560,19.4136
26/06/2024 20:59:16.000,19.7216,31.5275,1.53,7.920,56.559,19.4133
26/06/2024 21:00:16.999,19.7212,31.5292,1.53,7.920,56.659,19.4133
26/06/2024 21:01:16.001,19.7214,31.5296,1.53,7.920,56.609,19.4137
26/06/2024 21:02:16.000,19.7213,31.5278,1.53,7.920,56.316,19.4136
26/06/2024 21:03:16.000,19.7211,31.5287,1.54,7.920,56.531,19.4134
26/06/2024 21:04:16.999,19.7207,31.5286,1.54,7.920,56.529,19.4134
26/06/2024 21:05:16.001,19.7222,31.5287,1.53,7.920,56.598,19.4140
26/06/2024 21:06:16.000,19.7224,31.5289,1.53,7.920,56.542,19.4141
26/06/2024 21:07:16.999,19.7210,31.5291,1.53,7.920,56.526,19.4142
26/06/2024 21:08:16.998,19.7223,31.5272,1.53,7.920,56.610,19.4128
26/06/2024 21:09:16.001,19.7215,31.5290,1.53,7.920,56.580,19.4142
26/06/2024 21:10:16.000,19.7213,31.5293,1.52,7.920,56.354,19.4145
26/06/2024 21:11:16.999,19.7238,31.5284,1.52,7.920,56.517,19.4148
26/06/2024 21:12:16.002,19.7229,31.5284,1.52,7.920,56.523,19.4147
26/06/2024 21:13:16.001,19.7219,31.5286,1.53,7.920,56.666,19.4149
26/06/2024 21:14:16.000,19.7212,31.5288,1.53,7.920,56.693,19.4140
26/06/2024 21:15:16.999,19.7221,31.5291,1.53,7.920,56.545,19.4140
26/06/2024 21:16:16.001,19.7214,31.5288,1.53,7.920,56.462,19.4156
26/06/2024 21:17:16.000,19.7210,31.5276,1.53,7.920,56.539,19.4157
26/06/2024 21:18:16.000,19.7201,31.5289,1.53,7.920,56.539,19.4153
26/06/2024 21:19:16.999,19.7204,31.5287,1.53,7.920,56.704,19.4156
26/06/2024 21:20:16.001,19.7205,31.5299,1.53,7.920,56.587,19.4159
26/06/2024 21:21:16.000,19.7214,31.5302,1.53,7.920,56.561,19.4158
26/06/2024 21:22:16.999,19.7213,31.5282,1.53,7.920,56.459,19.4163
26/06/2024 21:23:16.998,19.7192,31.5305,1.53,7.920,56.556,19.4157
26/06/2024 21:24:16.001,19.7209,31.5288,1.53,7.920,56.538,19.4162
26/06/2024 21:25:16.000,19.7204,31.5292,1.53,7.920,56.587,19.4153
26/06/2024 21:26:16.999,19.7199,31.5305,1.53,7.920,56.662,19.4158
26/06/2024 21:27:16.002,19.7217,31.5298,1.53,7.920,56.594,19.4168
26/06/2024 21:28:16.001,19.7228,31.5295,1.53,7.920,56.687,19.4170
26/06/2024 21:29:16.000,19.7219,31.5281,1.53,7.920,56.513,19.4173
26/06/2024 21:30:16.999,19.7209,31.5301,1.53,7.920,56.564,19.4171
26/06/2024 21:31:16.001,19.7205,31.5287,1.52,7.920,56.627,19.4174
26/06/2024 21:32:16.000,19.7188,31.5291,1.52,7.920,56.736,19.4172
26/06/2024 21:33:16.000,19.7205,31.5293,1.52,7.920,56.823,19.4175
26/06/2024 21:34:16.999,19.7206,31.5287,1.51,7.920,56.613,19.4172
26/06/2024 21:35:16.001,19.7210,31.5291,1.52,7.921,56.697,19.4174
26/06/2024 21:36:16.000,19.7210,31.5293,1.51,7.920,56.653,19.4167
26/06/2024 21:37:16.999,19.7206,31.5292,1.52,7.920,56.728,19.4176
26/06/2024 21:38:16.998,19.7201,31.5294,1.52,7.921,56.656,19.4180
26/06/2024 21:39:16.001,19.7207,31.5300,1.52,7.921,56.761,19.4180
26/06/2024 21:40:16.000,19.7214,31.5300,1.52,7.921,56.778,19.4178
26/06/2024 21:41:16.999,19.7208,31.5299,1.52,7.921,56.614,19.4175
26/06/2024 21:42:16.002,19.7216,31.5293,1.52,7.921,56.766,19.4185
26/06/2024 21:43:16.001,19.7210,31.5299,1.52,7.921,56.767,19.4183
26/06/2024 21:44:16.000,19.7212,31.5288,1.52,7.921,56.724,19.4181
26/06/2024 21:45:16.999,19.7221,31.5306,1.52,7.921,56.810,19.4181
26/06/2024 21:46:16.001,19.7205,31.5304,1.52,7.922,56.776,19.4184
26/06/2024 21:47:16.000,19.7199,31.5300,1.52,7.922,56.694,19.4183
26/06/2024 21:48:16.000,19.7218,31.5308,1.52,7.922,56.753,19.4188
26/06/2024 21:49:16.999,19.7221,31.5298,1.53,7.922,56.722,19.4191
26/06/2024 21:50:16.001,19.7217,31.5301,1.53,7.922,56.791,19.4184
26/06/2024 21:51:16.000,19.7213,31.5300,1.52,7.922,56.634,19.4191
26/06/2024 21:52:16.999,19.7211,31.5305,1.52,7.922,56.621,19.4187
26/06/2024 21:53:16.998,19.7208,31.5287,1.53,7.922,56.635,19.4190
26/06/2024 21:54:16.001,19.7199,31.5301,1.53,7.922,56.562,19.4193
26/06/2024 21:55:16.000,19.7191,31.5302,1.53,7.922,56.551,19.4194
26/06/2024 21:56:16.999,19.7202,31.5300,1.53,7.922,56.653,19.4193
26/06/2024 21:57:16.002,19.7214,31.5303,1.53,7.922,56.636,19.4192
26/06/2024 21:58:16.001,19.7213,31.5299,1.53,7.922,56.678,19.4195
26/06/2024 21:59:16.000,19.7199,31.5305,1.53,7.922,56.635,19.4192
26/06/2024 22:00:16.999,19.7204,31.5297,1.52,7.922,56.582,19.4196
26/06/2024 22:01:16.001,19.7202,31.5308,1.52,7.922,56.775,19.4189
26/06/2024 22:02:16.000,19.7206,31.5303,1.53,7.921,56.678,19.4184
26/06/2024 22:03:16.000,19.7211,31.5302,1.52,7.921,56.655,19.4198
26/06/2024 22:04:16.999,19.7201,31.5304,1.52,7.921,56.659,19.4200
26/06/2024 22:05:16.001,19.7203,31.5306,1.52,7.921,56.581,19.4197
26/06/2024 22:06:16.000,19.7211,31.5296,1.53,7.921,56.700,19.4205
26/06/2024 22:07:16.999,19.7216,31.5314,1.52,7.921,56.639,19.4206
26/06/2024 22:08:16.998,19.7212,31.5312,1.52,7.921,56.662,19.4200
26/06/2024 22:09:16.001,19.7215,31.5291,1.52,7.921,56.559,19.4203
26/06/2024 22:10:16.000,19.7207,31.5300,1.52,7.921,56.594,19.4201
26/06/2024 22:11:16.999,19.7206,31.5297,1.52,7.921,56.732,19.4203
26/06/2024 22:12:16.002,19.7195,31.5320,1.52,7.921,56.565,19.4203
26/06/2024 22:13:16.001,19.7191,31.5309,1.52,7.921,56.585,19.4207
26/06/2024 22:14:16.000,19.7193,31.5303,1.52,7.920,56.763,19.4201
26/06/2024 22:15:16.999,19.7186,31.5311,1.52,7.920,56.648,19.4207
26/06/2024 22:16:16.001,19.7189,31.5314,1.52,7.920,56.689,19.4200
26/06/2024 22:17:16.000,19.7193,31.5302,1.52,7.920,56.831,19.4210
26/06/2024 22:18:16.000,19.7181,31.5308,1.52,7.920,56.685,19.4205
26/06/2024 22:19:16.999,19.7190,31.5305,1.53,7.920,56.652,19.4213
26/06/2024 22:20:16.001,19.7199,31.5310,1.52,7.920,56.645,19.4211
26/06/2024 22:21:16.000,19.7190,31.5305,1.52,7.920,56.762,19.4206
26/06/2024 22:22:16.999,19.7187,31.5305,1.52,7.920,56.758,19.4213
26/06/2024 22:23:16.998,19.7209,31.5303,1.52,7.920,56.736,19.4209
26/06/2024 22:24:16.001,19.7190,31.5310,1.51,7.920,56.768,19.4207
26/06/2024 22:25:16.000,19.7201,31.5318,1.52,7.920,56.895,19.4209
26/06/2024 22:26:16.999,19.7214,31.5307,1.52,7.920,56.790,19.4218
26/06/2024 22:27:16.002,19.7225,31.5294,1.52,7.920,56.919,19.4216
26/06/2024 22:28:16.001,19.7208,31.5301,1.52,7.920,56.804,19.4219
26/06/2024 22:29:16.000,19.7187,31.5309,1.52,7.920,56.721,19.4221
26/06/2024 22:30:16.999,19.7182,31.5322,1.52,7.920,56.730,19.4213
26/06/2024 22:31:16.001,19.7189,31.5309,1.52,7.920,56.634,19.4218
26/06/2024 22:32:16.000,19.7195,31.5315,1.52,7.920,56.694,19.4219
26/06/2024 22:33:16.000,19.7197,31.5306,1.52,7.919,56.651,19.4220
26/06/2024 22:34:16.999,19.7195,31.5312,1.52,7.919,56.628,19.4228
26/06/2024 22:35:16.001,19.7212,31.5304,1.52,7.919,56.680,19.4225
26/06/2024 22:36:16.000,19.7213,31.5307,1.52,7.919,56.562,19.4225
26/06/2024 22:37:16.999,19.7201,31.5307,1.52,7.919,56.666,19.4220
26/06/2024 22:38:16.998,19.7203,31.5319,1.52,7.919,56.580,19.4218
26/06/2024 22:39:16.001,19.7208,31.5314,1.52,7.919,56.544,19.4225
26/06/2024 22:40:16.000,19.7204,31.5306,1.52,7.919,56.516,19.4226
26/06/2024 22:41:16.999,19.7195,31.5305,1.52,7.919,56.505,19.4226
26/06/2024 22:42:16.002,19.7197,31.5319,1.52,7.919,56.587,19.4230
26/06/2024 22:43:16.001,19.7206,31.5309,1.52,7.919,56.544,19.4227
26/06/2024 22:44:16.000,19.7194,31.5321,1.52,7.919,56.665,19.4230
26/06/2024 22:45:16.999,19.7190,31.5310,1.51,7.919,56.619,19.4232
26/06/2024 22:46:16.001,19.7196,31.5319,1.51,7.919,56.669,19.4230
26/06/2024 22:47:16.000,19.7196,31.5306,1.51,7.919,56.622,19.4228
26/06/2024 22:48:16.000,19.7196,31.5318,1.51,7.919,56.591,19.4217
26/06/2024 22:49:16.999,19.7194,31.5319,1.51,7.919,56.604,19.4227
26/06/2024 22:50:16.001,19.7199,31.5328,1.51,7.919,56.587,19.4234
26/06/2024 22:51:16.000,19.7187,31.5316,1.52,7.919,56.635,19.4234
26/06/2024 22:52:16.999,19.7192,31.5319,1.52,7.919,56.520,19.4236
26/06/2024 22:53:16.998,19.7188,31.5324,1.52,7.919,56.582,19.4234
26/06/2024 22:54:16.001,19.7199,31.5318,1.51,7.919,56.645,19.4236
26/06/2024 22:55:16.000,19.7193,31.5313,1.52,7.919,56.738,19.4234
26/06/2024 22:56:16.999,19.7204,31.5313,1.52,7.919,56.651,19.4235
26/06/2024 22:57:16.002,19.7192,31.5314,1.52,7.919,56.563,19.4236
26/06/2024 22:58:16.001,19.7188,31.5317,1.52,7.919,56.682,19.4233
26/06/2024 22:59:16.000,19.7180,31.5322,1.51,7.919,56.583,19.4228
26/06/2024 23:00:16.999,19.7192,31.5311,1.52,7.919,56.499,19.4239
26/06/2024 23:01:16.001,19.7209,31.5305,1.52,7.919,56.500,19.4241
26/06/2024 23:02:16.000,19.7178,31.5315,1.52,7.919,56.560,19.4243
26/06/2024 23:03:16.000,19.7173,31.5312,1.52,7.919,56.519,19.4248
26/06/2024 23:04:16.999,19.7174,31.5325,1.52,7.919,56.522,19.4246
26/06/2024 23:05:16.001,19.7183,31.5313,1.52,7.919,56.585,19.4247
26/06/2024 23:06:16.000,19.7195,31.5317,1.52,7.919,56.609,19.4244
26/06/2024 23:07:16.999,19.7182,31.5328,1.52,7.919,56.609,19.4246
26/06/2024 23:08:16.998,19.7182,31.5313,1.51,7.919,56.506,19.4249
26/06/2024 23:09:16.001,19.7186,31.5321,1.51,7.919,56.611,19.4238
26/06/2024 23:10:16.000,19.7185,31.5327,1.51,7.919,56.538,19.4249
26/06/2024 23:11:16.999,19.7177,31.5314,1.51,7.919,56.530,19.4250
26/06/2024 23:12:16.002,19.7180,31.5317,1.52,7.919,56.601,19.4253
26/06/2024 23:13:16.001,19.7165,31.5326,1.51,7.919,56.599,19.4256
26/06/2024 23:14:16.000,19.7178,31.5320,1.51,7.919,56.597,19.4246
26/06/2024 23:15:16.999,19.7182,31.5325,1.51,7.919,56.579,19.4252
26/06/2024 23:16:16.001,19.7179,31.5316,1.51,7.918,56.584,19.4254
26/06/2024 23:17:16.000,19.7180,31.5320,1.52,7.919,56.606,19.4253
26/06/2024 23:18:16.000,19.7170,31.5324,1.52,7.919,56.553,19.4257
26/06/2024 23:19:16.999,19.7166,31.5321,1.51,7.919,56.571,19.4256
26/06/2024 23:20:16.001,19.7171,31.5319,1.51,7.919,56.535,19.4251
26/06/2024 23:21:16.000,19.7172,31.5317,1.51,7.919,56.517,19.4250
26/06/2024 23:22:16.999,19.7161,31.5330,1.51,7.919,56.528,19.4250
26/06/2024 23:23:16.998,19.7174,31.5320,1.52,7.919,56.553,19.4259
26/06/2024 23:24:16.001,19.7177,31.5325,1.51,7.919,56.601,19.4246
26/06/2024 23:25:16.000,19.7176,31.5329,1.51,7.919,56.571,19.4251
26/06/2024 23:26:16.999,19.7171,31.5322,1.51,7.919,56.606,19.4256
26/06/2024 23:27:16.002,19.7173,31.5334,1.51,7.919,56.606,19.4256
26/06/2024 23:28:16.001,19.7170,31.5326,1.51,7.919,56.478,19.4252
26/06/2024 23:29:16.000,19.7170,31.5327,1.51,7.919,56.469,19.4256
26/06/2024 23:30:16.999,19.7168,31.5345,1.51,7.919,56.393,19.4254
26/06/2024 23:31:16.001,19.7188,31.5316,1.51,7.919,56.467,19.4251
26/06/2024 23:32:16.000,19.7175,31.5323,1.51,7.919,56.528,19.4259
26/06/2024 23:33:16.000,19.7180,31.5318,1.51,7.919,56.502,19.4253
26/06/2024 23:34:16.999,19.7180,31.5329,1.52,7.919,56.531,19.4252
26/06/2024 23:35:16.001,19.7157,31.5330,1.51,7.919,56.539,19.4256
26/06/2024 23:36:16.000,19.7169,31.5333,1.51,7.919,56.527,19.4256
26/06/2024 23:37:16.999,19.7175,31.5335,1.51,7.919,56.452,19.4259
26/06/2024 23:38:16.998,19.7180,31.5321,1.51,7.919,56.521,19.4255
26/06/2024 23:39:16.001,19.7180,31.5323,1.51,7.919,56.576,19.4257
26/06/2024 23:40:16.000,19.7174,31.5317,1.51,7.919,56.603,19.4259
26/06/2024 23:41:16.999,19.7173,31.5332,1.51,7.919,56.558,19.4257
26/06/2024 23:42:16.002,19.7164,31.5321,1.51,7.919,56.576,19.4261
26/06/2024 23:43:16.001,19.7166,31.5328,1.51,7.919,56.545,19.4260
26/06/2024 23:44:16.000,19.7173,31.5320,1.51,7.919,56.640,19.4263
26/06/2024 23:45:16.999,19.7172,31.5314,1.51,7.919,56.488,19.4251
26/06/2024 23:46:16.001,19.7164,31.5327,1.51,7.919,56.644,19.4262
26/06/2024 23:47:16.000,19.7164,31.5337,1.51,7.920,56.551,19.4268
26/06/2024 23:48:16.000,19.7168,31.5331,1.51,7.920,56.480,19.4256
26/06/2024 23:49:16.999,19.7156,31.5333,1.51,7.920,56.529,19.4263
26/06/2024 23:50:16.001,19.7154,31.5323,1.51,7.920,56.537,19.4264
26/06/2024 23:51:16.000,19.7134,31.5336,1.51,7.920,56.534,19.4251
26/06/2024 23:52:16.999,19.7151,31.5336,1.51,7.920,56.584,19.4261
26/06/2024 23:53:16.998,19.7160,31.5326,1.51,7.920,56.613,19.4259
26/06/2024 23:54:16.001,19.7156,31.5337,1.51,7.919,56.605,19.4264
26/06/2024 23:55:16.000,19.7160,31.5331,1.51,7.920,56.646,19.4262
26/06/2024 23:56:16.999,19.7161,31.5327,1.51,7.920,56.518,19.4259
26/06/2024 23:57:16.002,19.7170,31.5334,1.51,7.920,56.594,19.4265
26/06/2024 23:58:16.001,19.7173,31.5335,1.51,7.920,56.513,19.4263
26/06/2024 23:59:16.000,19.7180,31.5328,1.51,7.919,56.558,19.4265
27/06/2024 00:00:16.999,19.7175,31.5333,1.51,7.919,56.631,19.4266
27/06/2024 00:01:16.001,19.7169,31.5341,1.51,7.919,56.554,19.4268
27/06/2024 00:02:16.000,19.7159,31.5336,1.51,7.919,56.591,19.4267
27/06/2024 00:03:16.000,19.7159,31.5335,1.50,7.919,56.644,19.4261
27/06/2024 00:04:16.999,19.7167,31.5340,1.51,7.919,56.582,19.4261
27/06/2024 00:05:16.001,19.7164,31.5337,1.50,7.919,56.461,19.4268
27/06/2024 00:06:16.000,19.7153,31.5333,1.50,7.919,56.471,19.4260
27/06/2024 00:07:16.999,19.7164,31.5334,1.50,7.920,56.653,19.4268
27/06/2024 00:08:16.998,19.7160,31.5341,1.50,7.920,56.536,19.4273
27/06/2024 00:09:16.001,19.7161,31.5332,1.50,7.920,56.495,19.4265
27/06/2024 00:10:16.000,19.7171,31.5332,1.49,7.920,56.410,19.4269
27/06/2024 00:11:16.999,19.7156,31.5346,1.49,7.920,56.525,19.4266
27/06/2024 00:12:16.002,19.7158,31.5339,1.50,7.920,56.498,19.4269
27/06/2024 00:13:16.001,19.7159,31.5333,1.50,7.920,56.425,19.4270
27/06/2024 00:14:16.000,19.7157,31.5338,1.50,7.920,56.495,19.4265
27/06/2024 00:15:16.999,19.7165,31.5337,1.50,7.920,56.359,19.4264
27/06/2024 00:16:16.001,19.7145,31.5345,1.50,7.920,56.557,19.4267
27/06/2024 00:17:16.000,19.7155,31.5335,1.50,7.920,56.539,19.4268
27/06/2024 00:18:16.000,19.7165,31.5347,1.50,7.920,56.623,19.4269
27/06/2024 00:19:16.999,19.7176,31.5336,1.50,7.920,56.500,19.4271
27/06/2024 00:20:16.001,19.7165,31.5340,1.50,7.920,56.410,19.4269
27/06/2024 00:21:16.000,19.7166,31.5337,1.50,7.920,56.448,19.4263
27/06/2024 00:22:16.999,19.7174,31.5343,1.50,7.920,56.477,19.4261
27/06/2024 00:23:16.998,19.7176,31.5335,1.50,7.920,56.514,19.4265
27/06/2024 00:24:16.001,19.7180,31.5348,1.50,7.920,56.522,19.4272
27/06/2024 00:25:16.000,19.7169,31.5341,1.50,7.920,56.483,19.4273
27/06/2024 00:26:16.999,19.7157,31.5352,1.50,7.920,56.536,19.4268
27/06/2024 00:27:16.002,19.7177,31.5350,1.50,7.920,56.427,19.4274
27/06/2024 00:28:16.001,19.7182,31.5331,1.49,7.920,56.558,19.4273
27/06/2024 00:29:16.000,19.7173,31.5342,1.49,7.920,56.554,19.4278
27/06/2024 00:30:16.999,19.7165,31.5344,1.49,7.920,56.507,19.4281
27/06/2024 00:31:16.001,19.7169,31.5345,1.49,7.920,56.584,19.4278
27/06/2024 00:32:16.000,19.7151,31.5346,1.49,7.920,56.578,19.4268
27/06/2024 00:33:16.000,19.7176,31.5347,1.50,7.920,56.462,19.4266
27/06/2024 00:34:16.999,19.7172,31.5339,1.50,7.920,56.483,19.4281
27/06/2024 00:35:16.001,19.7161,31.5345,1.50,7.920,56.516,19.4280
27/06/2024 00:36:16.000,19.7162,31.5340,1.50,7.920,56.441,19.4277
27/06/2024 00:37:16.999,19.7164,31.5352,1.50,7.920,56.372,19.4271
27/06/2024 00:38:16.998,19.7167,31.5347,1.50,7.920,56.434,19.4278
27/06/2024 00:39:16.001,19.7177,31.5359,1.50,7.920,56.529,19.4282
27/06/2024 00:40:16.000,19.7172,31.5335,1.50,7.920,56.407,19.4276
27/06/2024 00:41:16.999,19.7189,31.5353,1.50,7.920,56.427,19.4280
27/06/2024 00:42:16.002,19.7171,31.5337,1.50,7.920,56.471,19.4275
27/06/2024 00:43:16.001,19.7163,31.5340,1.49,7.920,56.557,19.4270
27/06/2024 00:44:16.000,19.7171,31.5346,1.49,7.920,56.412,19.4273
27/06/2024 00:45:16.999,19.7171,31.5344,1.49,7.920,56.474,19.4283
27/06/2024 00:46:16.001,19.7163,31.5347,1.50,7.920,56.424,19.4281
27/06/2024 00:47:16.000,19.7165,31.5352,1.49,7.920,56.485,19.4280
27/06/2024 00:48:16.000,19.7159,31.5340,1.49,7.920,56.534,19.4282
27/06/2024 00:49:16.999,19.7164,31.5341,1.49,7.921,56.396,19.4279
27/06/2024 00:50:16.001,19.7164,31.5345,1.49,7.921,56.406,19.4280
27/06/2024 00:51:16.000,19.7173,31.5349,1.49,7.921,56.530,19.4282
27/06/2024 00:52:16.999,19.7172,31.5359,1.49,7.921,56.430,19.4276
27/06/2024 00:53:16.998,19.7174,31.5345,1.50,7.921,56.463,19.4282
27/06/2024 00:54:16.001,19.7173,31.5362,1.50,7.921,56.531,19.4281
27/06/2024 00:55:16.000,19.7177,31.5347,1.50,7.921,56.482,19.4282
27/06/2024 00:56:16.999,19.7174,31.5334,1.50,7.921,56.531,19.4282
27/06/2024 00:57:16.002,19.7164,31.5347,1.50,7.920,56.537,19.4281
27/06/2024 00:58:16.001,19.7167,31.5347,1.49,7.920,56.488,19.4277
27/06/2024 00:59:16.000,19.7171,31.5354,1.49,7.920,56.382,19.4280
27/06/2024 01:00:16.999,19.7167,31.5341,1.49,7.920,56.512,19.4286
27/06/2024 01:01:16.001,19.7165,31.5355,1.48,7.921,56.469,19.4283
27/06/2024 01:02:16.000,19.7164,31.5345,1.48,7.920,56.489,19.4285
27/06/2024 01:03:16.000,19.7163,31.5348,1.49,7.920,56.353,19.4281
27/06/2024 01:04:16.999,19.7157,31.5361,1.49,7.920,56.559,19.4285
27/06/2024 01:05:16.001,19.7151,31.5354,1.49,7.920,56.450,19.4283
27/06/2024 01:06:16.000,19.7166,31.5358,1.49,7.920,56.531,19.4283
27/06/2024 01:07:16.999,19.7172,31.5344,1.49,7.921,56.419,19.4288
27/06/2024 01:08:16.998,19.7171,31.5352,1.49,7.921,56.469,19.4284
27/06/2024 01:09:16.001,19.7175,31.5365,1.49,7.921,56.605,19.4286
27/06/2024 01:10:16.000,19.7182,31.5351,1.49,7.921,56.489,19.4282
27/06/2024 01:11:16.999,19.7184,31.5355,1.49,7.921,56.607,19.4283
27/06/2024 01:12:16.002,19.7179,31.5356,1.49,7.921,56.565,19.4283
27/06/2024 01:13:16.001,19.7177,31.5356,1.49,7.921,56.517,19.4287
27/06/2024 01:14:16.000,19.7170,31.5341,1.49,7.921,56.493,19.4288
27/06/2024 01:15:16.999,19.7163,31.5351,1.49,7.921,56.468,19.4289
27/06/2024 01:16:16.001,19.7173,31.5338,1.49,7.921,56.470,19.4288
27/06/2024 01:17:16.000,19.7166,31.5346,1.49,7.921,56.427,19.4285
27/06/2024 01:18:16.000,19.7164,31.5354,1.49,7.921,56.555,19.4284
27/06/2024 01:19:16.999,19.7167,31.5345,1.49,7.920,56.491,19.4275
27/06/2024 01:20:16.001,19.7153,31.5371,1.50,7.920,56.503,19.4290
27/06/2024 01:21:16.000,19.7159,31.5353,1.49,7.920,56.534,19.4284
27/06/2024 01:22:16.999,19.7163,31.5350,1.49,7.920,56.458,19.4292
27/06/2024 01:23:16.998,19.7174,31.5339,1.49,7.920,56.632,19.4289
27/06/2024 01:24:16.001,19.7174,31.5355,1.49,7.920,56.518,19.4286
27/06/2024 01:25:16.000,19.7168,31.5365,1.49,7.920,56.550,19.4283
27/06/2024 01:26:16.999,19.7150,31.5358,1.49,7.920,56.490,19.4292
27/06/2024 01:27:16.002,19.7150,31.5363,1.49,7.920,56.440,19.4291
27/06/2024 01:28:16.001,19.7169,31.5357,1.49,7.920,56.453,19.4295
27/06/2024 01:29:16.000,19.7161,31.5354,1.48,7.920,56.580,19.4288
27/06/2024 01:30:16.999,19.7162,31.5352,1.49,7.920,56.602,19.4285
27/06/2024 01:31:16.001,19.7162,31.5357,1.49,7.920,56.540,19.4292
27/06/2024 01:32:16.000,19.7173,31.5352,1.49,7.920,56.459,19.4288
27/06/2024 01:33:16.000,19.7156,31.5350,1.49,7.920,56.523,19.4298
27/06/2024 01:34:16.999,19.7166,31.5367,1.49,7.920,56.395,19.4287
27/06/2024 01:35:16.001,19.7173,31.5347,1.48,7.920,56.388,19.4291
27/06/2024 01:36:16.000,19.7166,31.5367,1.48,7.920,56.382,19.4293
27/06/2024 01:37:16.999,19.7173,31.5356,1.48,7.920,56.442,19.4293
27/06/2024 01:38:16.998,19.7155,31.5352,1.48,7.920,56.538,19.4296
27/06/2024 01:39:16.001,19.7154,31.5364,1.49,7.920,56.446,19.4289
27/06/2024 01:40:16.000,19.7166,31.5380,1.48,7.920,56.518,19.4290
27/06/2024 01:41:16.999,19.7173,31.5374,1.49,7.920,56.368,19.4293
27/06/2024 01:42:16.002,19.7168,31.5363,1.49,7.920,56.421,19.4292
27/06/2024 01:43:16.001,19.7166,31.5356,1.49,7.920,56.448,19.4290
27/06/2024 01:44:16.000,19.7160,31.5366,1.49,7.920,56.517,19.4297
27/06/2024 01:45:16.999,19.7166,31.5353,1.49,7.920,56.494,19.4288
27/06/2024 01:46:16.001,19.7165,31.5358,1.48,7.920,56.388,19.4283
27/06/2024 01:47:16.000,19.7147,31.5363,1.48,7.920,56.438,19.4294
27/06/2024 01:48:16.000,19.7159,31.5347,1.49,7.920,56.354,19.4295
27/06/2024 01:49:16.999,19.7161,31.5363,1.48,7.920,56.540,19.4298
27/06/2024 01:50:16.001,19.7162,31.5365,1.48,7.920,56.588,19.4297
27/06/2024 01:51:16.000,19.7165,31.5361,1.49,7.920,56.550,19.4297
27/06/2024 01:52:16.999,19.7170,31.5356,1.48,7.920,56.483,19.4302
27/06/2024 01:53:16.998,19.7158,31.5355,1.48,7.920,56.568,19.4299
27/06/2024 01:54:16.001,19.7166,31.5371,1.48,7.920,56.508,19.4298
27/06/2024 01:55:16.000,19.7168,31.5361,1.48,7.920,56.588,19.4289
27/06/2024 01:56:16.999,19.7159,31.5371,1.48,7.920,56.511,19.4298
27/06/2024 01:57:16.002,19.7166,31.5374,1.49,7.920,56.521,19.4299
27/06/2024 01:58:16.001,19.7166,31.5361,1.48,7.920,56.467,19.4298
27/06/2024 01:59:16.000,19.7167,31.5368,1.48,7.920,56.536,19.4302
27/06/2024 02:00:16.999,19.7173,31.5366,1.49,7.920,56.507,19.4307
27/06/2024 02:01:16.001,19.7160,31.5360,1.49,7.920,56.521,19.4306
27/06/2024 02:02:16.000,19.7169,31.5352,1.49,7.921,56.426,19.4306
27/06/2024 02:03:16.000,19.7168,31.5361,1.49,7.921,56.486,19.4307
27/06/2024 02:04:16.999,19.7168,31.5361,1.49,7.921,56.479,19.4305
27/06/2024 02:05:16.001,19.7174,31.5364,1.49,7.921,56.590,19.4305
27/06/2024 02:06:16.000,19.7178,31.5367,1.49,7.921,56.639,19.4304
27/06/2024 02:07:16.999,19.7159,31.5358,1.48,7.921,56.579,19.4299
27/06/2024 02:08:16.998,19.7161,31.5370,1.49,7.921,56.515,19.4304
27/06/2024 02:09:16.001,19.7159,31.5365,1.49,7.921,56.377,19.4303
27/06/2024 02:10:16.000,19.7153,31.5356,1.49,7.921,56.525,19.4308
27/06/2024 02:11:16.999,19.7143,31.5363,1.49,7.921,56.600,19.4305
27/06/2024 02:12:16.002,19.7144,31.5364,1.49,7.921,56.534,19.4310
27/06/2024 02:13:16.001,19.7143,31.5391,1.49,7.921,56.521,19.4309
27/06/2024 02:14:16.000,19.7150,31.5365,1.49,7.921,56.500,19.4305
27/06/2024 02:15:16.999,19.7147,31.5373,1.49,7.921,56.606,19.4306
27/06/2024 02:16:16.001,19.7149,31.5366,1.48,7.921,56.583,19.4298
27/06/2024 02:17:16.000,19.7145,31.5379,1.49,7.921,56.420,19.4309
27/06/2024 02:18:16.000,19.7146,31.5368,1.49,7.921,56.476,19.4307
27/06/2024 02:19:16.999,19.7154,31.5366,1.49,7.922,56.459,19.4310
27/06/2024 02:20:16.001,19.7147,31.5371,1.49,7.922,56.571,19.4302
27/06/2024 02:21:16.000,19.7130,31.5378,1.50,7.922,56.528,19.4301
27/06/2024 02:22:16.999,19.7137,31.5372,1.49,7.922,56.496,19.4299
27/06/2024 02:23:16.998,19.7135,31.5367,1.49,7.922,56.486,19.4306
27/06/2024 02:24:16.001,19.7146,31.5370,1.49,7.922,56.548,19.4304
27/06/2024 02:25:16.000,19.7140,31.5371,1.48,7.922,56.615,19.4303
27/06/2024 02:26:16.999,19.7142,31.5373,1.49,7.922,56.452,19.4305
27/06/2024 02:27:16.998,19.7158,31.5370,1.49,7.922,56.518,19.4297
27/06/2024 02:28:16.997,19.7146,31.5355,1.49,7.922,56.498,19.4303
27/06/2024 02:29:16.003,19.7137,31.5369,1.49,7.922,56.439,19.4308
27/06/2024 02:30:16.002,19.7134,31.5366,1.48,7.923,56.440,19.4304
27/06/2024 02:31:16.001,19.7131,31.5371,1.48,7.923,56.456,19.4301
27/06/2024 02:32:16.000,19.7149,31.5376,1.48,7.923,56.359,19.4305
27/06/2024 02:33:16.000,19.7145,31.5379,1.48,7.923,56.495,19.4301
27/06/2024 02:34:16.999,19.7142,31.5382,1.48,7.923,56.380,19.4303
27/06/2024 02:35:16.998,19.7141,31.5381,1.48,7.923,56.456,19.4305
27/06/2024 02:36:16.997,19.7150,31.5375,1.48,7.923,56.412,19.4303
27/06/2024 02:37:16.003,19.7146,31.5367,1.48,7.923,56.442,19.4300
27/06/2024 02:38:16.002,19.7142,31.5370,1.48,7.923,56.501,19.4304
27/06/2024 02:39:16.001,19.7133,31.5378,1.48,7.923,56.402,19.4307
27/06/2024 02:40:16.000,19.7143,31.5372,1.47,7.923,56.339,19.4307
27/06/2024 02:41:16.999,19.7137,31.5381,1.48,7.923,56.388,19.4310
27/06/2024 02:42:16.998,19.7128,31.5365,1.47,7.923,56.333,19.4299
27/06/2024 02:43:16.997,19.7130,31.5383,1.47,7.923,56.385,19.4306
27/06/2024 02:44:16.003,19.7137,31.5375,1.48,7.923,56.437,19.4305
27/06/2024 02:45:16.002,19.7141,31.5391,1.48,7.923,56.342,19.4308
27/06/2024 02:46:16.001,19.7129,31.5382,1.47,7.923,56.384,19.4305
27/06/2024 02:47:16.000,19.7142,31.5376,1.48,7.923,56.434,19.4313
27/06/2024 02:48:16.000,19.7136,31.5368,1.48,7.923,56.456,19.4303
27/06/2024 02:49:16.999,19.7131,31.5389,1.47,7.923,56.564,19.4306
27/06/2024 02:50:16.998,19.7147,31.5377,1.48,7.923,56.380,19.4302
27/06/2024 02:51:16.997,19.7143,31.5381,1.47,7.923,56.241,19.4308
27/06/2024 02:52:16.003,19.7141,31.5380,1.47,7.923,56.351,19.4293
27/06/2024 02:53:16.002,19.7134,31.5375,1.47,7.922,56.409,19.4303
27/06/2024 02:54:16.001,19.7145,31.5370,1.47,7.922,56.501,19.4303
27/06/2024 02:55:16.000,19.7124,31.5374,1.47,7.922,56.428,19.4303
27/06/2024 02:56:16.999,19.7130,31.5385,1.47,7.923,56.429,19.4302
27/06/2024 02:57:16.998,19.7141,31.5380,1.47,7.922,56.352,19.4301
27/06/2024 02:58:16.997,19.7120,31.5378,1.47,7.922,56.358,19.4305
27/06/2024 02:59:16.003,19.7115,31.5378,1.47,7.922,56.399,19.4306
27/06/2024 03:00:16.002,19.7134,31.5388,1.47,7.922,56.506,19.4305
27/06/2024 03:01:16.001,19.7127,31.5387,1.47,7.922,56.459,19.4309
27/06/2024 03:02:16.000,19.7134,31.5392,1.47,7.922,56.556,19.4303
27/06/2024 03:03:16.000,19.7142,31.5387,1.47,7.922,56.449,19.4300
27/06/2024 03:04:16.999,19.7142,31.5396,1.47,7.922,56.332,19.4303
27/06/2024 03:05:16.998,19.7136,0.0000**,0.00**,0.000**,56.459**,19.4308**
27/06/2024 03:06:16.997,19.7137,31.5384,1.47,7.922,56.532,19.4304
27/06/2024 03:07:16.003,19.7147,0.0000**,0.00**,0.000**,56.429**,19.4313**
27/06/2024 03:08:16.002,19.7142,31.5378,1.47,7.922,56.338,19.4300
27/06/2024 03:09:16.001,19.7137,0.0000**,0.00**,0.000**,56.451**,19.4306**
27/06/2024 03:10:16.000,19.7123,31.5377,1.47,7.922,56.431,19.4303
27/06/2024 03:11:16.999,19.7114,31.5401,1.46,7.922,56.422,19.4301
27/06/2024 03:12:16.998,19.7123,31.5383,1.46,7.922,56.401,19.4302
27/06/2024 03:13:16.997,19.7121,31.5396,1.47,7.922,56.343,19.4297
27/06/2024 03:14:16.003,19.7123,31.5388,1.46,7.922,56.471,19.4303
27/06/2024 03:15:16.002,19.7135,31.5389,1.46,7.922,56.384,19.4306
27/06/2024 03:16:16.001,19.7141,31.5394,1.46,7.922,56.404,19.4304
27/06/2024 03:17:16.000,19.7148,31.5383,1.47,7.922,56.358,19.4303
27/06/2024 03:18:16.000,19.7137,0.0000**,0.00**,0.000**,56.464**,19.4300**
27/06/2024 03:19:16.999,19.7130,31.5395,1.47,7.922,56.324,19.4304
27/06/2024 03:20:16.998,19.7116,0.0000**,0.00**,0.000**,56.296**,19.4304**
27/06/2024 03:21:16.997,19.7120,0.0000**,0.00**,0.000**,56.526**,19.4300**
27/06/2024 03:22:16.003,19.7120,0.0000**,0.00**,0.000**,56.432**,19.4296**
27/06/2024 03:23:16.002,19.7112,31.5393,1.47,7.922,56.295,19.4305
27/06/2024 03:24:16.001,19.7100,0.0000**,0.00**,0.000**,56.363**,19.4302**
27/06/2024 03:25:16.000,19.7112,31.5401,1.47,7.922,56.429,19.4299
27/06/2024 03:26:16.999,19.7118,0.0000**,0.00**,0.000**,56.554**,19.4298**
27/06/2024 03:27:16.998,19.7109,31.5395,1.47,7.922,56.566,19.4302
27/06/2024 03:28:16.997,19.7109,0.0000**,0.00**,0.000**,56.504**,19.4296**
27/06/2024 03:29:16.003,19.7115,31.5399,1.47,7.922,56.517,19.4295
27/06/2024 03:30:16.002,19.7118,31.5385,1.47,7.922,56.450,19.4294
27/06/2024 03:31:16.001,19.7111,0.0000**,0.00**,0.000**,56.457**,19.4302**
27/06/2024 03:32:16.000,19.7115,31.5403,1.47,7.922,56.467,19.4302
27/06/2024 03:33:16.000,19.7102,0.0000**,0.00**,0.000**,56.460**,19.4300**
27/06/2024 03:34:16.999,19.7113,0.0000**,0.00**,0.000**,56.339**,19.4303**
27/06/2024 03:35:16.998,19.7111,0.0000**,0.00**,0.000**,56.390**,19.4299**
27/06/2024 03:36:16.997,19.7104,31.5389,1.46,7.922,56.318,19.4301
27/06/2024 03:37:16.003,19.7098,0.0000**,0.00**,0.000**,56.393**,19.4299**
27/06/2024 03:38:16.002,19.7103,0.0000**,0.00**,0.000**,56.403**,19.4297**
27/06/2024 03:39:16.001,19.7106,31.5394,1.47,7.922,56.370,19.4283
27/06/2024 03:40:16.000,19.7111,31.5403,1.46,7.922,56.495,19.4289
27/06/2024 03:41:16.999,19.7091,0.0000**,0.00**,0.000**,56.461**,19.4299**
27/06/2024 03:42:16.998,19.7104,31.5392,1.47,7.922,56.484,19.4298
27/06/2024 03:43:16.997,19.7110,31.5397,1.46,7.922,56.383,19.4300
27/06/2024 03:44:16.003,19.7104,31.5388,1.46,7.922,56.516,19.4293
27/06/2024 03:45:16.002,19.7097,31.5388,1.47,7.923,56.505,19.4298
27/06/2024 03:46:16.001,19.7081,31.5394,1.47,7.923,56.362,19.4291
27/06/2024 03:47:16.000,19.7089,31.5402,1.47,7.923,56.484,19.4292
27/06/2024 03:48:16.000,19.7089,0.0000**,0.00**,0.000**,56.471**,19.4295**
27/06/2024 03:49:16.999,19.7089,31.5403,1.46,7.923,56.551,19.4294
27/06/2024 03:50:16.998,19.7091,31.5414,1.47,7.923,56.485,19.4286
27/06/2024 03:51:16.997,19.7099,31.5398,1.47,7.923,56.517,19.4286
27/06/2024 03:52:16.003,19.7101,31.5399,1.47,7.923,56.510,19.4293
27/06/2024 03:53:16.002,19.7102,0.0000**,0.00**,0.000**,56.474**,19.4296**
27/06/2024 03:54:16.001,19.7095,31.5401,1.47,7.923,56.436,19.4291
27/06/2024 03:55:16.000,19.7090,0.0000**,0.00**,0.000**,56.452**,19.4288**
27/06/2024 03:56:16.999,19.7087,0.0000**,0.00**,0.000**,56.478**,19.4291**
27/06/2024 03:57:16.998,19.7086,0.0000**,0.00**,0.000**,56.446**,19.4290**
27/06/2024 03:58:16.997,19.7079,31.5408,1.47,7.923,56.615,19.4289
27/06/2024 03:59:16.003,19.7092,31.5406,1.47,7.923,56.554,19.4290
27/06/2024 04:00:16.002,19.7093,31.5401,1.46,7.922,56.593,19.4290
27/06/2024 04:01:16.001,19.7083,31.5403,1.47,7.922,56.491,19.4285
27/06/2024 04:02:16.000,19.7094,31.5411,1.47,7.922,56.503,19.4289
27/06/2024 04:03:16.000,19.7080,31.5396,1.47,7.922,56.415,19.4286
27/06/2024 04:04:16.999,19.7076,31.5396,1.47,7.922,56.539,19.4286
27/06/2024 04:05:16.998,19.7068,31.5402,1.46,7.922,56.533,19.4282
