Cruise namePNNL Tank
cast nameCast 166
cruise start date15/08/2023
cruise end date15/08/2023
27/06/2024 12:49:21.000,19.7503,31.5512,1.46,7.939,56.296,19.4291
27/06/2024 12:50:21.000,19.7501,31.5532,1.47,7.940,56.354,19.4296
27/06/2024 12:51:21.000,19.7506,31.5533,1.46,7.940,56.306,19.4300
27/06/2024 12:52:21.000,19.7507,31.5524,1.46,7.941,56.386,19.4281
27/06/2024 12:53:21.000,19.7515,31.5536,1.46,7.941,56.313,19.4310
27/06/2024 12:54:21.000,19.7543,31.5532,1.46,7.941,56.390,19.4308
27/06/2024 12:55:21.000,19.7551,31.5520,1.47,7.941,56.399,19.4314
27/06/2024 12:56:21.000,19.7535,31.5533,1.46,7.941,56.355,19.4321
27/06/2024 12:57:21.000,19.7546,31.5539,1.46,7.942,56.460,19.4320
27/06/2024 12:58:21.000,19.7528,31.5529,1.46,7.942,56.273,19.4323
27/06/2024 12:59:21.000,19.7534,31.5527,1.46,7.942,56.317,19.4318
27/06/2024 13:00:21.000,19.7531,31.5531,1.46,7.942,56.339,19.4326
27/06/2024 13:01:21.000,19.7523,31.5529,1.46,7.942,56.288,19.4326
27/06/2024 13:02:21.000,19.7528,31.5538,1.46,7.942,56.281,19.4329
27/06/2024 13:03:21.000,19.7517,31.5537,1.47,7.942,56.352,19.4332
27/06/2024 13:04:21.000,19.7533,31.5536,1.46,7.942,56.231,19.4331
27/06/2024 13:05:21.000,19.7547,31.5528,1.46,7.942,56.182,19.4322
27/06/2024 13:06:21.000,19.7544,31.5515,1.46,7.942,56.381,19.4339
27/06/2024 13:07:21.000,19.7535,31.5532,1.47,7.942,56.271,19.4322
27/06/2024 13:08:21.000,19.7551,31.5543,1.47,7.943,56.276,19.4341
27/06/2024 13:09:21.000,19.7558,31.5523,1.47,7.943,56.319,19.4331
27/06/2024 13:10:21.000,19.7533,31.5538,1.47,7.943,56.419,19.4347
27/06/2024 13:11:21.000,19.7546,31.5540,1.47,7.943,56.344,19.4348
27/06/2024 13:12:21.000,19.7558,31.5520,1.47,7.943,56.408,19.4343
27/06/2024 13:13:21.000,19.7547,31.5525,1.47,7.943,56.361,19.4350
27/06/2024 13:14:21.000,19.7538,31.5533,1.47,7.943,56.410,19.4353
27/06/2024 13:15:21.000,19.7543,31.5547,1.47,7.943,56.390,19.4355
27/06/2024 13:16:21.000,19.7538,31.5538,1.46,7.943,56.322,19.4358
27/06/2024 13:17:21.000,19.7539,31.5524,1.46,7.943,56.366,19.4354
27/06/2024 13:18:21.000,19.7534,31.5529,1.46,7.944,56.310,19.4357
27/06/2024 13:19:21.000,19.7530,31.5535,1.46,7.943,56.255,19.4364
27/06/2024 13:20:21.000,19.7543,31.5547,1.46,7.944,56.241,19.4352
27/06/2024 13:21:21.000,19.7540,31.5533,1.46,7.944,56.291,19.4363
27/06/2024 13:22:21.000,19.7528,31.5548,1.46,7.944,56.341,19.4366
27/06/2024 13:23:21.000,19.7542,31.5545,1.46,7.944,56.367,19.4368
27/06/2024 13:24:21.000,19.7550,31.5541,1.46,7.944,56.384,19.4370
27/06/2024 13:25:21.000,19.7560,31.5546,1.46,7.944,56.394,19.4375
27/06/2024 13:26:21.000,19.7571,31.5546,1.47,7.944,56.321,19.4371
27/06/2024 13:27:21.000,19.7576,31.5544,1.46,7.944,56.432,19.4376
27/06/2024 13:28:21.000,19.7582,31.5543,1.46,7.944,56.256,19.4378
27/06/2024 13:29:21.000,19.7574,31.5544,1.46,7.944,56.371,19.4381
27/06/2024 13:30:21.000,19.7578,31.5539,1.46,7.944,56.408,19.4383
27/06/2024 13:31:21.000,19.7568,31.5548,1.46,7.944,56.354,19.4386
27/06/2024 13:32:21.000,19.7565,31.5542,1.46,7.944,56.283,19.4391
27/06/2024 13:33:21.000,19.7567,31.5538,1.46,7.944,56.234,19.4393
27/06/2024 13:34:21.000,19.7558,31.5553,1.46,7.944,56.347,19.4395
27/06/2024 13:35:21.000,19.7561,31.5537,1.47,7.944,56.231,19.4393
27/06/2024 13:36:21.000,19.7542,31.5540,1.47,7.945,56.477,19.4394
27/06/2024 13:37:21.000,19.7566,31.5544,1.47,7.945,56.434,19.4398
27/06/2024 13:38:21.000,19.7543,31.5542,1.47,7.945,56.305,19.4398
27/06/2024 13:39:21.000,19.7555,31.5539,1.47,7.945,56.373,19.4401
27/06/2024 13:40:21.000,19.7547,31.5537,1.46,7.945,56.372,19.4398
27/06/2024 13:41:21.000,19.7557,31.5542,1.47,7.945,56.285,19.4405
27/06/2024 13:42:21.000,19.7564,31.5529,1.47,7.945,56.348,19.4401
27/06/2024 13:43:21.000,19.7539,31.5559,1.47,7.945,56.418,19.4408
27/06/2024 13:44:21.000,19.7566,31.5551,1.47,7.945,56.365,19.4411
27/06/2024 13:45:21.000,19.7576,31.5525,1.46,7.945,56.401,19.4406
27/06/2024 13:46:21.000,19.7569,31.5546,1.46,7.945,56.518,19.4412
27/06/2024 13:47:21.000,19.7573,31.5543,1.47,7.945,56.291,19.4411
27/06/2024 13:48:21.000,19.7573,31.5538,1.47,7.945,56.272,19.4417
27/06/2024 13:49:21.000,19.7564,31.5550,1.46,7.945,56.453,19.4421
27/06/2024 13:50:21.000,19.7575,31.5535,1.46,7.945,56.408,19.4417
27/06/2024 13:51:21.000,19.7575,31.5536,1.46,7.945,56.426,19.4423
27/06/2024 13:52:21.000,19.7562,31.5544,1.46,7.945,56.409,19.4417
27/06/2024 13:53:21.000,19.7561,31.5539,1.46,7.945,56.428,19.4423
27/06/2024 13:54:21.000,19.7543,31.5542,1.46,7.945,56.320,19.4419
27/06/2024 13:55:21.000,19.7559,31.5540,1.46,7.945,56.348,19.4423
27/06/2024 13:56:21.000,19.7547,31.5537,1.46,7.945,56.350,19.4415
27/06/2024 13:57:21.000,19.7557,31.5548,1.47,7.945,56.269,19.4426
27/06/2024 13:58:21.000,19.7566,31.5542,1.46,7.945,56.505,19.4427
27/06/2024 13:59:21.000,19.7564,31.5542,1.46,7.945,56.408,19.3389
27/06/2024 14:00:21.000,19.7567,31.5540,1.46,7.945,56.377,19.2764
27/06/2024 14:01:21.000,19.7565,31.5543,1.46,7.946,56.419,19.2768
27/06/2024 14:02:21.000,19.7561,31.5551,1.45,7.946,56.371,19.2786
27/06/2024 14:03:21.000,19.7574,31.5554,1.46,7.946,56.369,19.2582
27/06/2024 14:04:21.000,19.7578,31.5548,1.46,7.946,56.354,19.2605
27/06/2024 14:05:21.000,19.7578,31.5531,1.46,7.946,56.454,19.2692
27/06/2024 14:06:21.000,19.7592,31.5533,1.46,7.946,56.461,19.2798
27/06/2024 14:07:21.000,19.7592,31.5535,1.46,7.946,56.400,19.2797
27/06/2024 14:08:21.000,19.7585,31.5557,1.46,7.946,56.325,19.2966
27/06/2024 14:09:21.000,19.7594,31.5552,1.46,7.946,56.386,19.2740
27/06/2024 14:10:21.000,19.7599,31.5551,1.46,7.946,56.294,19.2873
27/06/2024 14:11:21.000,19.7595,31.5567,1.46,7.946,56.289,19.2953
27/06/2024 14:12:21.000,19.7594,31.5553,1.46,7.946,56.344,19.3018
27/06/2024 14:13:21.000,19.7603,31.5545,1.46,7.946,56.445,19.3033
27/06/2024 14:14:21.000,19.7614,31.5558,1.46,7.946,56.275,19.3027
27/06/2024 14:15:21.000,19.7635,31.5550,1.46,7.946,56.209,19.3335
27/06/2024 14:16:21.000,19.7637,31.5543,1.46,7.946,56.329,19.3333
27/06/2024 14:17:21.000,19.7623,31.5545,1.46,7.946,56.355,19.3251
27/06/2024 14:18:21.000,19.7618,31.5550,1.46,7.946,56.394,19.3268
27/06/2024 14:19:21.000,19.7613,31.5553,1.46,7.946,56.485,19.3276
27/06/2024 14:20:21.000,19.7604,31.5549,1.46,7.946,56.467,19.3302
27/06/2024 14:21:21.000,19.7610,31.5532,1.46,7.946,56.468,19.3281
27/06/2024 14:22:21.000,19.7601,31.5558,1.46,7.947,56.509,19.3208
27/06/2024 14:23:21.000,19.7614,31.5561,1.46,7.947,56.346,19.3326
27/06/2024 14:24:21.000,19.7614,31.5547,1.46,7.947,56.288,19.3340
27/06/2024 14:25:21.000,19.7612,31.5544,1.46,7.947,56.373,19.3374
27/06/2024 14:26:21.000,19.7602,31.5558,1.46,7.947,56.315,19.3363
27/06/2024 14:27:21.000,19.7613,31.5555,1.46,7.947,56.313,19.3294
27/06/2024 14:28:21.000,19.7641,31.5554,1.45,7.947,56.466,19.3224
27/06/2024 14:29:21.000,19.7616,31.5560,1.45,7.947,56.384,19.3164
27/06/2024 14:30:21.000,19.7633,31.5558,1.46,7.947,56.360,19.3254
27/06/2024 14:31:21.000,19.7633,31.5571,1.46,7.947,56.227,19.3319
27/06/2024 14:32:21.000,19.7626,31.5547,1.45,7.947,56.304,19.3351
27/06/2024 14:33:21.000,19.7615,31.5549,1.46,7.947,56.348,19.3431
27/06/2024 14:34:21.000,19.7629,31.5543,1.46,7.947,56.354,19.3383
27/06/2024 14:35:21.000,19.7642,31.5549,1.46,7.947,56.388,19.3402
27/06/2024 14:36:21.000,19.7631,31.5549,1.46,7.947,56.413,19.3454
27/06/2024 14:37:21.000,19.7621,31.5566,1.46,7.947,56.465,19.3390
27/06/2024 14:38:21.000,19.7618,31.5563,1.46,7.947,56.373,19.3350
27/06/2024 14:39:21.000,19.7655,31.5556,1.45,7.947,56.434,19.3368
27/06/2024 14:40:21.000,19.7659,31.5562,1.46,7.947,56.364,19.4486
27/06/2024 14:41:21.000,19.7669,31.5562,1.46,7.947,56.309,19.4493
27/06/2024 14:42:21.000,19.7656,31.5557,1.46,7.947,56.364,19.4487
27/06/2024 14:43:21.000,19.7668,31.5545,1.46,7.947,56.508,19.4497
27/06/2024 14:44:21.000,19.7655,31.5571,1.46,7.947,56.414,19.4496
27/06/2024 14:45:21.000,19.7665,31.5553,1.46,7.947,56.325,19.4492
27/06/2024 14:46:21.000,19.7664,31.5546,1.46,7.947,56.370,19.4498
27/06/2024 14:47:21.000,19.7653,31.5551,1.46,7.947,56.332,19.4499
27/06/2024 14:48:21.000,19.7651,31.5547,1.46,7.947,56.309,19.4505
27/06/2024 14:49:21.000,19.7641,31.5573,1.46,7.947,56.364,19.4499
27/06/2024 14:50:21.000,19.7647,31.5565,1.46,7.947,56.332,19.4503
27/06/2024 14:51:21.000,19.7638,31.5562,1.46,7.948,56.381,19.4501
27/06/2024 14:52:21.000,19.7640,31.5566,1.46,7.948,56.331,19.4512
27/06/2024 14:53:21.000,19.7644,31.5553,1.46,7.948,56.303,19.4505
27/06/2024 14:54:21.000,19.7650,31.5558,1.46,7.948,56.396,19.4511
27/06/2024 14:55:21.000,19.7638,31.5560,1.46,7.948,56.407,19.4515
27/06/2024 14:56:21.000,19.7652,31.5554,1.46,7.948,56.367,19.4511
27/06/2024 14:57:21.000,19.7643,31.5555,1.46,7.948,56.431,19.4516
27/06/2024 14:58:21.000,19.7653,31.5568,1.46,7.948,56.412,19.4513
27/06/2024 14:59:21.000,19.7647,31.5550,1.46,7.948,56.383,19.4516
27/06/2024 15:00:21.000,19.7643,31.5556,1.46,7.948,56.262,19.4518
27/06/2024 15:01:21.000,19.7636,31.5567,1.46,7.948,56.310,19.4514
27/06/2024 15:02:21.000,19.7640,31.5574,1.46,7.948,56.364,19.4522
27/06/2024 15:03:21.000,19.7655,31.5569,1.46,7.948,56.366,19.4523
27/06/2024 15:04:21.000,19.7682,31.5565,1.46,7.948,56.404,19.4517
27/06/2024 15:05:21.000,19.7669,31.5560,1.46,7.948,56.388,19.4523
27/06/2024 15:06:21.000,19.7655,31.5569,1.46,7.948,56.431,19.4525
27/06/2024 15:07:21.000,19.7657,31.5564,1.45,7.948,56.348,19.4527
27/06/2024 15:08:21.000,19.7645,31.5571,1.46,7.948,56.333,19.4514
27/06/2024 15:09:21.000,19.7636,31.5565,1.46,7.948,56.373,19.4527
27/06/2024 15:10:21.000,19.7631,31.5566,1.46,7.948,56.243,19.4530
27/06/2024 15:11:21.000,19.7651,31.5555,1.46,7.948,56.260,19.4532
27/06/2024 15:12:21.000,19.7652,31.5563,1.46,7.948,56.282,19.4529
27/06/2024 15:13:21.000,19.7666,31.5564,1.45,7.948,56.390,19.4538
27/06/2024 15:14:21.000,19.7651,31.5571,1.46,7.948,56.427,19.4536
27/06/2024 15:15:21.000,19.7671,31.5556,1.46,7.948,56.401,19.4539
27/06/2024 15:16:21.000,19.7674,31.5555,1.45,7.948,56.284,19.4542
27/06/2024 15:17:21.000,19.7655,31.5568,1.46,7.948,56.371,19.4538
27/06/2024 15:18:21.000,19.7651,31.5562,1.45,7.948,56.418,19.4539
27/06/2024 15:19:21.000,19.7623,31.5574,1.45,7.948,56.315,19.4546
27/06/2024 15:20:21.000,19.7638,31.5564,1.46,7.948,56.293,19.4544
27/06/2024 15:21:21.000,19.7633,31.5570,1.46,7.949,56.360,19.4545
27/06/2024 15:22:21.000,19.7632,31.5579,1.46,7.949,56.405,19.4542
27/06/2024 15:23:21.000,19.7631,31.5560,1.45,7.949,56.331,19.4545
27/06/2024 15:24:21.000,19.7641,31.5567,1.46,7.949,56.280,19.4545
27/06/2024 15:25:21.000,19.7645,31.5579,1.45,7.949,56.314,19.4553
27/06/2024 15:26:21.000,19.7668,31.5560,1.46,7.949,56.335,19.4553
27/06/2024 15:27:21.000,19.7667,31.5572,1.45,7.949,56.308,19.4555
27/06/2024 15:28:21.000,19.7677,31.5565,1.46,7.949,56.220,19.4555
27/06/2024 15:29:21.000,19.7656,31.5574,1.46,7.949,56.265,19.4559
27/06/2024 15:30:21.000,19.7665,31.5577,1.45,7.949,56.295,19.4547
27/06/2024 15:31:21.000,19.7673,31.5571,1.45,7.949,56.175,19.4560
27/06/2024 15:32:21.000,19.7674,31.5573,1.45,7.949,56.304,19.4562
27/06/2024 15:33:21.000,19.7692,31.5567,1.45,7.949,56.195,19.4564
27/06/2024 15:34:21.000,19.7678,31.5570,1.45,7.949,56.307,19.4566
27/06/2024 15:35:21.000,19.7677,31.5566,1.45,7.949,56.108,19.4572
27/06/2024 15:36:21.000,19.7683,31.5573,1.46,7.950,56.403,19.4559
27/06/2024 15:37:21.000,19.7686,31.5578,1.45,7.950,56.240,19.4561
27/06/2024 15:38:21.000,19.7690,31.5560,1.46,7.950,56.202,19.4557
27/06/2024 15:39:21.000,19.7701,31.5558,1.46,7.950,56.272,19.4567
27/06/2024 15:40:21.000,19.7687,31.5552,1.46,7.950,56.297,19.4567
27/06/2024 15:41:21.000,19.7667,31.5579,1.45,7.950,56.242,19.4570
27/06/2024 15:42:21.000,19.7674,31.5574,1.45,7.950,56.287,19.4570
27/06/2024 15:43:21.000,19.7678,31.5571,1.46,7.950,56.421,19.4571
27/06/2024 15:44:21.000,19.7663,31.5588,1.46,7.951,56.366,19.4573
27/06/2024 15:45:21.000,19.7674,31.5571,1.45,7.951,56.332,19.4580
27/06/2024 15:46:21.000,19.7663,31.5564,1.45,7.951,56.304,19.4576
27/06/2024 15:47:21.000,19.7666,31.5581,1.46,7.951,56.315,19.4573
27/06/2024 15:48:21.000,19.7680,31.5582,1.46,7.951,56.383,19.4575
27/06/2024 15:49:21.000,19.7704,31.5570,1.46,7.951,56.283,19.4575
27/06/2024 15:50:21.000,19.7702,31.5573,1.45,7.951,56.401,19.4578
27/06/2024 15:51:21.000,19.7692,31.5578,1.45,7.951,56.308,19.4577
27/06/2024 15:52:21.000,19.7707,31.5582,1.45,7.951,56.302,19.4579
27/06/2024 15:53:21.000,19.7697,31.5575,1.45,7.951,56.305,19.4577
27/06/2024 15:54:21.000,19.7700,31.5572,1.45,7.951,56.309,19.4577
27/06/2024 15:55:21.000,19.7695,31.5572,1.45,7.951,56.337,19.4580
27/06/2024 15:56:21.000,19.7691,31.5582,1.45,7.951,56.301,19.4580
27/06/2024 15:57:21.000,19.7687,31.5572,1.45,7.951,56.363,19.4585
27/06/2024 15:58:21.000,19.7683,31.5578,1.45,7.951,56.313,19.4580
27/06/2024 15:59:21.000,19.7693,31.5587,1.45,7.951,56.374,19.4587
27/06/2024 16:00:21.000,19.7695,31.5586,1.45,7.952,56.278,19.4588
27/06/2024 16:01:21.000,19.7700,31.5569,1.45,7.952,56.260,19.4579
27/06/2024 16:02:21.000,19.7695,31.5579,1.45,7.952,56.285,19.4584
27/06/2024 16:03:21.000,19.7697,31.5593,1.45,7.952,56.253,19.4586
27/06/2024 16:04:21.000,19.7701,31.5583,1.45,7.952,56.414,19.4585
27/06/2024 16:05:21.000,19.7703,31.5594,1.45,7.952,56.384,19.4576
27/06/2024 16:06:21.000,19.7705,31.5581,1.45,7.952,56.346,19.4580
27/06/2024 16:07:21.000,19.7696,31.5581,1.45,7.952,56.328,19.4595
27/06/2024 16:08:21.000,19.7708,31.5585,1.45,7.952,56.279,19.4580
27/06/2024 16:09:21.000,19.7712,31.5587,1.45,7.952,56.329,19.4590
27/06/2024 16:10:21.000,19.7703,31.5588,1.45,7.952,56.316,19.4596
27/06/2024 16:11:21.000,19.7711,31.5587,1.45,7.952,56.270,19.4594
27/06/2024 16:12:21.000,19.7721,31.5575,1.45,7.952,56.276,19.4595
27/06/2024 16:13:21.000,19.7721,31.5569,1.44,7.952,56.333,19.4597
27/06/2024 16:14:21.000,19.7697,31.5574,1.45,7.953,56.225,19.4595
27/06/2024 16:15:21.000,19.7709,31.5583,1.45,7.953,56.071,19.4597
27/06/2024 16:16:21.000,19.7709,31.5588,1.45,7.953,56.127,19.4598
27/06/2024 16:17:21.000,19.7713,31.5576,1.45,7.953,56.106,19.4599
27/06/2024 16:18:21.000,19.7718,31.5580,1.45,7.953,56.181,19.4601
27/06/2024 16:19:21.000,19.7712,31.5572,1.45,7.953,56.145,19.4602
27/06/2024 16:20:21.000,19.7712,31.5569,1.45,7.953,56.150,19.4601
27/06/2024 16:21:21.000,19.7701,31.5567,1.45,7.953,56.257,19.4605
27/06/2024 16:22:21.000,19.7698,31.5585,1.46,7.953,56.313,19.4600
27/06/2024 16:23:21.000,19.7698,31.5583,1.45,7.953,56.329,19.4604
27/06/2024 16:24:21.000,19.7689,31.5583,1.45,7.953,56.322,19.4602
27/06/2024 16:25:21.000,19.7689,31.5579,1.45,7.953,56.153,19.4598
27/06/2024 16:26:21.000,19.7689,31.5589,1.45,7.953,56.172,19.4603
27/06/2024 16:27:21.000,19.7674,31.5603,1.45,7.953,56.215,19.4608
27/06/2024 16:28:21.000,19.7696,31.5604,1.45,7.953,56.149,19.4604
27/06/2024 16:29:21.000,19.7703,31.5592,1.45,7.953,56.307,19.4607
27/06/2024 16:30:21.000,19.7705,31.5592,1.45,7.953,56.056,19.4607
27/06/2024 16:31:21.000,19.7716,31.5591,1.45,7.953,56.181,19.4610
27/06/2024 16:32:21.000,19.7714,31.5580,1.45,7.953,56.125,19.4612
27/06/2024 16:33:21.000,19.7718,31.5581,1.45,7.953,56.112,19.4609
27/06/2024 16:34:21.000,19.7737,31.5584,1.44,7.954,56.147,19.4610
27/06/2024 16:35:21.000,19.7720,31.5590,1.45,7.953,56.227,19.4613
27/06/2024 16:36:21.000,19.7710,31.5594,1.44,7.953,56.202,19.4613
27/06/2024 16:37:21.000,19.7712,31.5595,1.45,7.953,56.256,19.4611
27/06/2024 16:38:21.000,19.7710,31.5586,1.45,7.953,56.275,19.4611
27/06/2024 16:39:21.000,19.7709,31.5587,1.45,7.953,56.309,19.4611
27/06/2024 16:40:21.000,19.7719,31.5582,1.45,7.954,56.369,19.4617
27/06/2024 16:41:21.000,19.7702,31.5583,1.44,7.954,56.246,19.4619
27/06/2024 16:42:21.000,19.7711,31.5598,1.45,7.954,56.230,19.4619
27/06/2024 16:43:21.000,19.7701,31.5588,1.45,7.954,56.179,19.4615
27/06/2024 16:44:21.000,19.7711,31.5594,1.45,7.954,56.256,19.4618
27/06/2024 16:45:21.000,19.7722,31.5590,1.45,7.954,56.159,19.4618
27/06/2024 16:46:21.000,19.7738,31.5594,1.45,7.954,56.144,19.4620
27/06/2024 16:47:21.000,19.7738,31.5583,1.45,7.954,56.314,19.4621
27/06/2024 16:48:21.000,19.7716,31.5595,1.45,7.954,56.249,19.4618
27/06/2024 16:49:21.001,19.7713,31.5584,1.45,7.954,56.254,19.4624
27/06/2024 16:50:21.000,19.7708,31.5613,1.45,7.954,56.209,19.4620
27/06/2024 16:51:21.001,19.7715,31.5599,1.45,7.954,56.186,19.4624
27/06/2024 16:52:21.000,19.7718,31.5596,1.45,7.954,56.163,19.4620
27/06/2024 16:53:21.001,19.7721,31.5601,1.45,7.954,56.175,19.4626
27/06/2024 16:54:21.000,19.7737,31.5587,1.45,7.954,56.174,19.4627
27/06/2024 16:55:21.000,19.7726,31.5602,1.44,7.954,56.203,19.4622
27/06/2024 16:56:21.000,19.7713,31.5596,1.45,7.954,56.330,19.4627
27/06/2024 16:57:21.000,19.7710,31.5594,1.45,7.954,56.146,19.4624
27/06/2024 16:58:21.999,19.7705,31.5598,1.45,7.954,56.166,19.4629
27/06/2024 16:59:21.000,19.7711,31.5597,1.45,7.954,56.290,19.4628
27/06/2024 17:00:21.999,19.7731,31.5588,1.45,7.954,56.328,19.4637
27/06/2024 17:01:21.000,19.7718,31.5592,1.44,7.954,56.242,19.4635
27/06/2024 17:02:21.999,19.7710,31.5592,1.45,7.954,56.311,19.4643
27/06/2024 17:03:21.000,19.7699,31.5602,1.44,7.954,56.197,19.4634
27/06/2024 17:04:21.001,19.7720,31.5605,1.44,7.954,56.181,19.4622
27/06/2024 17:05:21.000,19.7734,31.5590,1.45,7.954,56.223,19.4635
27/06/2024 17:06:21.001,19.7731,31.5604,1.45,7.954,56.188,19.4637
27/06/2024 17:07:21.000,19.7736,31.5589,1.44,7.954,56.173,19.4640
27/06/2024 17:08:21.001,19.7709,31.5601,1.44,7.954,56.264,19.4646
27/06/2024 17:09:21.000,19.7689,31.5609,1.44,7.954,56.347,19.4637
27/06/2024 17:10:21.000,19.7693,31.5599,1.44,7.954,56.292,19.4641
27/06/2024 17:11:21.000,19.7707,31.5605,1.45,7.955,56.279,19.4635
27/06/2024 17:12:21.000,19.7697,31.5613,1.45,7.955,56.175,19.4642
27/06/2024 17:13:21.999,19.7702,31.5608,1.45,7.955,56.267,19.4644
27/06/2024 17:14:21.000,19.7694,31.5609,1.45,7.955,56.141,19.4640
27/06/2024 17:15:21.999,19.7685,31.5607,1.45,7.955,56.230,19.4647
27/06/2024 17:16:21.000,19.7684,31.5602,1.46,7.955,56.105,19.4639
27/06/2024 17:17:21.999,19.7684,31.5603,1.45,7.955,56.223,19.4646
27/06/2024 17:18:21.000,19.7698,31.5598,1.45,7.955,56.195,19.4645
27/06/2024 17:19:21.001,19.7690,31.5597,1.45,7.955,56.156,19.4640
27/06/2024 17:20:21.000,19.7700,31.5604,1.45,7.955,56.243,19.4636
27/06/2024 17:21:21.001,19.7677,31.5619,1.45,7.955,56.298,19.4640
27/06/2024 17:22:21.000,19.7712,31.5599,1.45,7.955,56.357,19.4638
27/06/2024 17:23:21.001,19.7718,31.5602,1.44,7.955,56.179,19.4644
27/06/2024 17:24:21.000,19.7712,31.5609,1.45,7.955,56.091,19.4643
27/06/2024 17:25:21.000,19.7709,31.5601,1.45,7.955,56.307,19.4636
27/06/2024 17:26:21.000,19.7703,31.5614,1.45,7.955,56.152,19.4641
27/06/2024 17:27:21.000,19.7703,31.5605,1.45,7.955,56.131,19.4641
27/06/2024 17:28:21.999,19.7718,31.5605,1.45,7.955,56.181,19.4648
27/06/2024 17:29:21.000,19.7725,31.5603,1.45,7.955,56.237,19.4644
27/06/2024 17:30:21.999,19.7716,31.5597,1.44,7.955,56.221,19.4656
27/06/2024 17:31:21.000,19.7726,31.5618,1.44,7.955,56.280,19.4656
27/06/2024 17:32:21.999,19.7728,31.5608,1.45,7.955,56.143,19.4646
27/06/2024 17:33:21.000,19.7707,31.5614,1.44,7.955,56.249,19.4649
27/06/2024 17:34:21.001,19.7724,31.5605,1.44,7.955,56.254,19.4651
27/06/2024 17:35:21.000,19.7721,31.5616,1.44,7.955,56.278,19.4655
27/06/2024 17:36:21.001,19.7728,31.5600,1.45,7.955,56.408,19.4656
27/06/2024 17:37:21.000,19.7716,31.5618,1.44,7.955,56.276,19.4655
27/06/2024 17:38:21.001,19.7711,31.5609,1.45,7.955,56.193,19.4656
27/06/2024 17:39:21.000,19.7711,31.5611,1.45,7.955,56.168,19.4653
27/06/2024 17:40:21.000,19.7698,31.5610,1.45,7.955,56.260,19.4656
27/06/2024 17:41:21.000,19.7726,31.5612,1.44,7.955,56.294,19.4653
27/06/2024 17:42:21.000,19.7723,31.5608,1.44,7.955,56.229,19.4657
27/06/2024 17:43:21.999,19.7727,31.5604,1.44,7.955,56.294,19.4653
27/06/2024 17:44:21.000,19.7722,31.5598,1.44,7.955,56.170,19.4651
27/06/2024 17:45:21.999,19.7720,31.5616,1.44,7.955,56.182,19.4656
27/06/2024 17:46:21.000,19.7743,31.5604,1.44,7.955,56.173,19.4653
27/06/2024 17:47:21.999,19.7721,31.5605,1.44,7.955,56.224,19.4654
27/06/2024 17:48:21.000,19.7719,31.5607,1.44,7.955,56.261,19.4658
27/06/2024 17:49:21.001,19.7728,31.5624,1.44,7.955,56.197,19.4659
27/06/2024 17:50:21.000,19.7725,31.5617,1.44,7.955,56.088,19.4652
27/06/2024 17:51:21.001,19.7732,31.5613,1.45,7.955,56.116,19.4662
27/06/2024 17:52:21.000,19.7737,31.5599,1.44,7.956,56.202,19.4656
27/06/2024 17:53:21.001,19.7721,31.5602,1.44,7.956,56.214,19.4659
27/06/2024 17:54:21.000,19.7724,31.5626,1.44,7.956,56.130,19.4662
27/06/2024 17:55:21.000,19.7741,31.5618,1.44,7.956,56.175,19.4663
27/06/2024 17:56:21.000,19.7754,31.5618,1.44,7.956,56.230,19.4655
27/06/2024 17:57:21.000,19.7743,31.5621,1.44,7.956,56.315,19.4659
27/06/2024 17:58:21.999,19.7733,31.5629,1.44,7.956,56.219,19.4662
27/06/2024 17:59:21.000,19.7724,31.5621,1.44,7.956,56.229,19.4661
27/06/2024 18:00:21.999,19.7735,31.5616,1.44,7.956,56.205,19.4651
27/06/2024 18:01:21.000,19.7748,31.5620,1.44,7.956,56.224,19.4654
27/06/2024 18:02:21.999,19.7749,31.5618,1.44,7.956,56.186,19.4663
27/06/2024 18:03:21.000,19.7744,31.5611,1.44,7.956,56.189,19.4663
27/06/2024 18:04:21.001,19.7745,31.5620,1.44,7.956,56.251,19.4664
27/06/2024 18:05:21.000,19.7746,31.5614,1.44,7.956,56.158,19.4664
27/06/2024 18:06:21.001,19.7730,31.5614,1.44,7.956,56.143,19.4662
27/06/2024 18:07:21.000,19.7719,31.5621,1.44,7.956,56.093,19.4664
27/06/2024 18:08:21.001,19.7738,31.5614,1.44,7.956,56.157,19.4667
27/06/2024 18:09:21.000,19.7733,31.5607,1.44,7.956,56.305,19.4664
27/06/2024 18:10:21.000,19.7730,31.5613,1.45,7.956,56.266,19.4665
27/06/2024 18:11:21.000,19.7737,31.5616,1.44,7.956,56.307,19.4658
27/06/2024 18:12:21.000,19.7730,31.5617,1.44,7.956,56.232,19.4667
27/06/2024 18:13:21.999,19.7724,31.5628,1.44,7.956,56.244,19.4668
27/06/2024 18:14:21.000,19.7719,31.5627,1.44,7.956,56.233,19.4671
27/06/2024 18:15:21.999,19.7721,31.5623,1.44,7.956,56.125,19.4669
27/06/2024 18:16:21.000,19.7717,31.5638,1.44,7.956,56.316,19.4668
27/06/2024 18:17:21.999,19.7730,31.5608,1.44,7.956,56.169,19.4664
27/06/2024 18:18:21.000,19.7725,31.5629,1.44,7.956,56.287,19.4668
27/06/2024 18:19:21.001,19.7716,31.5628,1.44,7.956,56.276,19.4668
27/06/2024 18:20:21.000,19.7716,31.5630,1.44,7.957,56.193,19.4670
27/06/2024 18:21:21.001,19.7730,31.5624,1.44,7.957,56.324,19.4673
27/06/2024 18:22:21.000,19.7739,31.5606,1.44,7.957,56.330,19.4673
27/06/2024 18:23:21.001,19.7751,31.5610,1.44,7.957,56.236,19.4674
27/06/2024 18:24:21.000,19.7738,31.5633,1.44,7.957,56.308,19.4673
27/06/2024 18:25:21.000,19.7733,31.5615,1.44,7.957,56.237,19.4672
27/06/2024 18:26:21.000,19.7735,31.5616,1.44,7.957,56.219,19.4670
27/06/2024 18:27:21.000,19.7722,31.5625,1.44,7.957,56.229,19.4672
27/06/2024 18:28:21.999,19.7727,31.5613,1.44,7.957,56.186,19.4671
27/06/2024 18:29:21.000,19.7734,31.5613,1.44,7.957,56.233,19.4677
27/06/2024 18:30:21.999,19.7732,31.5621,1.44,7.957,56.304,19.4677
27/06/2024 18:31:21.000,19.7719,31.5631,1.44,7.957,56.322,19.4670
27/06/2024 18:32:21.999,19.7736,31.5625,1.44,7.957,56.263,19.4680
27/06/2024 18:33:21.000,19.7750,31.5623,1.43,7.957,56.167,19.4676
27/06/2024 18:34:21.001,19.7749,31.5632,1.44,7.957,56.304,19.4686
27/06/2024 18:35:21.000,19.7749,31.5641,1.44,7.957,56.243,19.4676
27/06/2024 18:36:21.001,19.7740,31.5618,1.44,7.957,56.158,19.4679
27/06/2024 18:37:21.000,19.7743,31.5634,1.44,7.957,56.183,19.4680
27/06/2024 18:38:21.001,19.7747,31.5629,1.44,7.957,56.240,19.4681
27/06/2024 18:39:21.000,19.7764,31.5622,1.44,7.957,56.250,19.4675
27/06/2024 18:40:21.000,19.7766,31.5629,1.43,7.958,56.103,19.4682
27/06/2024 18:41:21.000,19.7757,31.5623,1.43,7.958,56.163,19.4687
27/06/2024 18:42:21.000,19.7758,31.5619,1.44,7.958,56.199,19.4685
27/06/2024 18:43:21.999,19.7748,31.5631,1.43,7.958,56.316,19.4687
27/06/2024 18:44:21.000,19.7744,31.5630,1.44,7.958,56.106,19.4685
27/06/2024 18:45:21.999,19.7740,31.5639,1.44,7.958,56.171,19.4682
27/06/2024 18:46:21.000,19.7761,31.5629,1.43,7.958,56.202,19.4689
27/06/2024 18:47:21.999,19.7765,31.5617,1.44,7.958,56.188,19.4685
27/06/2024 18:48:21.000,19.7759,31.5632,1.44,7.958,56.125,19.4684
27/06/2024 18:49:21.001,19.7752,31.5622,1.43,7.958,56.111,19.4684
27/06/2024 18:50:21.000,19.7742,31.5639,1.43,7.958,56.254,19.4686
27/06/2024 18:51:21.001,19.7736,31.5628,1.44,7.958,56.240,19.4683
27/06/2024 18:52:21.000,19.7744,31.5644,1.43,7.958,56.332,19.4686
27/06/2024 18:53:21.001,19.7737,31.5640,1.43,7.958,56.254,19.4688
27/06/2024 18:54:21.000,19.7759,31.5635,1.43,7.958,56.154,19.4688
27/06/2024 18:55:21.000,19.7752,31.5635,1.44,7.958,56.216,19.4688
27/06/2024 18:56:21.000,19.7751,31.5629,1.43,7.958,56.202,19.4688
27/06/2024 18:57:21.000,19.7749,31.5644,1.44,7.958,56.303,19.4692
27/06/2024 18:58:21.999,19.7757,31.5641,1.43,7.958,56.286,19.4695
27/06/2024 18:59:21.000,19.7763,31.5630,1.44,7.958,56.199,19.4693
27/06/2024 19:00:21.999,19.7768,31.5636,1.44,7.959,56.214,19.4696
27/06/2024 19:01:21.000,19.7741,31.5637,1.44,7.959,56.239,19.4691
27/06/2024 19:02:21.999,19.7741,31.5634,1.43,7.959,56.213,19.4689
27/06/2024 19:03:21.000,19.7735,31.5629,1.44,7.959,56.116,19.4687
27/06/2024 19:04:21.001,19.7728,31.5632,1.43,7.959,56.231,19.4687
27/06/2024 19:05:21.000,19.7744,31.5635,1.43,7.959,56.287,19.4690
27/06/2024 19:06:21.001,19.7745,31.5638,1.43,7.959,56.313,19.4689
27/06/2024 19:07:21.000,19.7743,31.5624,1.44,7.959,56.279,19.4691
27/06/2024 19:08:21.001,19.7740,31.5638,1.43,7.959,56.327,19.4667
27/06/2024 19:09:21.000,19.7726,31.5637,1.43,7.959,56.224,19.4688
27/06/2024 19:10:21.000,19.7728,31.5634,1.44,7.959,56.135,19.4688
27/06/2024 19:11:21.000,19.7727,31.5644,1.44,7.959,56.211,19.4689
27/06/2024 19:12:21.000,19.7730,31.5638,1.43,7.959,56.329,19.4696
27/06/2024 19:13:21.999,19.7721,31.5634,1.43,7.959,56.267,19.4686
27/06/2024 19:14:21.000,19.7728,31.5640,1.44,7.960,56.285,19.4691
27/06/2024 19:15:21.999,19.7717,31.5630,1.44,7.960,56.371,19.4690
27/06/2024 19:16:21.000,19.7719,31.5649,1.43,7.960,56.286,19.4690
27/06/2024 19:17:21.999,19.7713,31.5637,1.44,7.960,56.080,19.4693
27/06/2024 19:18:21.000,19.7710,31.5651,1.44,7.960,56.265,19.4688
27/06/2024 19:19:21.001,19.7709,31.5630,1.44,7.960,56.189,19.4691
27/06/2024 19:20:21.000,19.7712,31.5637,1.43,7.960,56.346,19.4689
27/06/2024 19:21:21.001,19.7720,31.5634,1.44,7.960,56.082,19.4691
27/06/2024 19:22:21.000,19.7710,31.5647,1.44,7.960,56.201,19.4691
27/06/2024 19:23:21.001,19.7705,31.5648,1.44,7.960,56.193,19.4693
27/06/2024 19:24:21.000,19.7719,31.5641,1.44,7.960,56.172,19.4689
27/06/2024 19:25:21.000,19.7715,31.5641,1.44,7.960,56.186,19.4692
27/06/2024 19:26:21.000,19.7711,31.5637,1.44,7.960,56.260,19.4686
27/06/2024 19:27:21.000,19.7686,31.5645,1.44,7.960,56.153,19.4688
27/06/2024 19:28:21.999,19.7678,31.5646,1.43,7.960,56.161,19.4689
27/06/2024 19:29:21.000,19.7671,31.5662,1.43,7.960,56.300,19.4690
27/06/2024 19:30:21.999,19.7674,31.5651,1.43,7.960,56.100,19.4686
27/06/2024 19:31:21.000,19.7668,31.5642,1.43,7.960,56.194,19.4692
27/06/2024 19:32:21.999,19.7682,31.5648,1.44,7.960,56.203,19.4693
27/06/2024 19:33:21.000,19.7688,31.5640,1.43,7.960,56.172,19.4688
27/06/2024 19:34:21.001,19.7696,31.5648,1.43,7.960,55.959,19.4689
27/06/2024 19:35:21.000,19.7688,31.5641,1.43,7.960,56.102,19.4688
27/06/2024 19:36:21.001,19.7674,31.5644,1.44,7.960,56.070,19.4686
27/06/2024 19:37:21.000,19.7672,31.5653,1.44,7.960,56.156,19.4685
27/06/2024 19:38:21.001,19.7679,31.5655,1.44,7.960,56.147,19.4688
27/06/2024 19:39:21.000,19.7675,31.5642,1.44,7.960,56.145,19.4689
27/06/2024 19:40:21.000,19.7676,31.5648,1.44,7.960,56.107,19.4685
27/06/2024 19:41:21.000,19.7667,31.5663,1.44,7.960,56.165,19.4686
27/06/2024 19:42:21.000,19.7656,31.5650,1.44,7.960,56.198,19.4688
27/06/2024 19:43:21.999,19.7673,31.5653,1.44,7.960,56.235,19.4689
27/06/2024 19:44:21.000,19.7672,31.5637,1.44,7.960,56.138,19.4691
27/06/2024 19:45:21.999,19.7653,31.5653,1.44,7.960,56.165,19.4683
27/06/2024 19:46:21.000,19.7660,31.5649,1.44,7.961,55.991,19.4687
27/06/2024 19:47:21.999,19.7652,31.5654,1.44,7.960,56.115,19.4690
27/06/2024 19:48:21.000,19.7662,31.5653,1.44,7.960,56.007,19.4685
27/06/2024 19:49:21.001,19.7662,31.5655,1.44,7.960,56.175,19.4684
27/06/2024 19:50:21.000,19.7653,31.5648,1.44,7.960,56.161,19.4684
27/06/2024 19:51:21.001,19.7665,31.5656,1.44,7.960,56.192,19.4687
27/06/2024 19:52:21.000,19.7667,31.5646,1.44,7.960,56.118,19.4685
27/06/2024 19:53:21.001,19.7653,31.5648,1.44,7.960,56.051,19.4688
27/06/2024 19:54:21.000,19.7642,31.5656,1.44,7.961,56.133,19.4683
27/06/2024 19:55:21.000,19.7644,31.5656,1.44,7.961,56.286,19.4680
27/06/2024 19:56:21.000,19.7657,31.5651,1.44,7.961,56.221,19.4681
27/06/2024 19:57:21.000,19.7657,31.5663,1.44,7.961,56.038,19.4685
27/06/2024 19:58:21.999,19.7667,31.5666,1.44,7.960,56.203,19.4683
27/06/2024 19:59:21.000,19.7655,31.5648,1.44,7.960,56.242,19.4671
27/06/2024 20:00:21.999,19.7638,31.5659,1.44,7.960,56.192,19.4684
27/06/2024 20:01:21.000,19.7649,31.5652,1.44,7.960,56.160,19.4686
27/06/2024 20:02:21.999,19.7650,31.5639,1.43,7.960,56.118,19.4689
27/06/2024 20:03:21.000,19.7643,31.5667,1.44,7.960,56.110,19.4685
27/06/2024 20:04:21.001,19.7635,31.5659,1.44,7.960,56.171,19.4685
27/06/2024 20:05:21.000,19.7635,31.5655,1.43,7.960,56.216,19.4686
27/06/2024 20:06:21.001,19.7641,31.5673,1.44,7.960,56.083,19.4684
27/06/2024 20:07:21.000,19.7642,31.5647,1.43,7.960,56.195,19.4680
27/06/2024 20:08:21.001,19.7648,31.5664,1.44,7.960,56.255,19.4680
27/06/2024 20:09:21.000,19.7644,31.5651,1.44,7.961,56.192,19.4678
27/06/2024 20:10:21.000,19.7623,31.5663,1.44,7.960,56.139,19.4672
27/06/2024 20:11:21.000,19.7632,31.5657,1.44,7.960,56.163,19.4683
27/06/2024 20:12:21.000,19.7636,31.5660,1.44,7.960,56.139,19.4679
27/06/2024 20:13:21.999,19.7628,31.5659,1.44,7.960,56.132,19.4683
27/06/2024 20:14:21.000,19.7631,31.5654,1.44,7.960,56.087,19.4670
27/06/2024 20:15:21.999,19.7621,31.5660,1.44,7.960,56.152,19.4674
27/06/2024 20:16:21.000,19.7621,31.5665,1.43,7.960,56.136,19.4676
27/06/2024 20:17:21.999,19.7612,31.5660,1.44,7.960,56.173,19.4678
27/06/2024 20:18:21.000,19.7624,31.5659,1.44,7.960,56.040,19.4680
27/06/2024 20:19:21.001,19.7605,31.5662,1.44,7.960,56.179,19.4675
27/06/2024 20:20:21.000,19.7601,31.5666,1.44,7.960,56.210,19.4669
27/06/2024 20:21:21.001,19.7615,31.5655,1.43,7.960,56.081,19.4672
27/06/2024 20:22:21.000,19.7615,31.5656,1.43,7.960,56.159,19.4670
27/06/2024 20:23:21.001,19.7605,31.5651,1.44,7.960,56.084,19.4670
27/06/2024 20:24:21.000,19.7600,31.5655,1.44,7.960,56.204,19.4672
27/06/2024 20:25:21.000,19.7594,31.5652,1.43,7.960,56.138,19.4668
27/06/2024 20:26:21.000,19.7577,31.5663,1.43,7.960,56.113,19.4667
27/06/2024 20:27:21.000,19.7583,31.5659,1.43,7.960,56.081,19.4669
27/06/2024 20:28:21.999,19.7585,31.5673,1.43,7.960,56.277,19.4675
27/06/2024 20:29:21.000,19.7592,31.5669,1.43,7.960,56.186,19.4670
27/06/2024 20:30:21.999,19.7592,31.5660,1.43,7.960,55.993,19.4672
27/06/2024 20:31:21.000,19.7586,31.5671,1.43,7.960,56.048,19.4672
27/06/2024 20:32:21.999,19.7594,31.5680,1.44,7.960,55.930,19.4666
27/06/2024 20:33:21.000,19.7587,31.5665,1.44,7.960,56.083,19.4667
27/06/2024 20:34:21.001,19.7581,31.5665,1.44,7.960,56.205,19.4667
27/06/2024 20:35:21.000,19.7582,31.5662,1.43,7.960,56.202,19.4666
27/06/2024 20:36:21.001,19.7574,31.5686,1.44,7.960,56.211,19.4667
27/06/2024 20:37:21.000,19.7580,31.5671,1.43,7.960,56.127,19.4667
27/06/2024 20:38:21.001,19.7579,31.5680,1.43,7.960,56.278,19.4666
27/06/2024 20:39:21.000,19.7589,31.5664,1.43,7.960,56.127,19.4662
27/06/2024 20:40:21.000,19.7586,31.5677,1.43,7.960,56.137,19.4664
27/06/2024 20:41:21.000,19.7588,31.5670,1.44,7.960,56.186,19.4668
27/06/2024 20:42:21.000,19.7576,31.5676,1.43,7.960,56.087,19.4674
27/06/2024 20:43:21.999,19.7582,31.5678,1.43,7.960,56.117,19.4690
27/06/2024 20:44:21.000,19.7572,31.5676,1.43,7.960,56.025,19.4678
27/06/2024 20:45:21.999,19.7584,31.5662,1.43,7.960,56.188,19.4683
27/06/2024 20:46:21.000,19.7577,31.5677,1.43,7.960,56.204,19.4675
27/06/2024 20:47:21.999,19.7588,31.5668,1.43,7.960,56.045,19.4663
27/06/2024 20:48:21.000,19.7580,31.5652,1.43,7.960,56.211,19.4665
27/06/2024 20:49:21.999,19.7580,31.5699,1.43,7.960,56.103,19.4661
27/06/2024 20:50:21.002,19.7575,31.5668,1.43,7.960,56.056,19.4665
27/06/2024 20:51:21.001,19.7572,31.5677,1.43,7.960,56.183,19.4666
27/06/2024 20:52:21.000,19.7585,31.5679,1.43,7.961,56.190,19.4656
27/06/2024 20:53:21.999,19.7569,31.5682,1.43,7.961,56.219,19.4661
27/06/2024 20:54:21.001,19.7573,31.5669,1.43,7.961,56.062,19.4654
27/06/2024 20:55:21.000,19.7558,31.5687,1.43,7.961,56.119,19.4656
27/06/2024 20:56:21.000,19.7558,31.5683,1.43,7.961,56.110,19.4655
27/06/2024 20:57:21.999,19.7546,31.5672,1.43,7.961,56.106,19.4658
27/06/2024 20:58:21.001,19.7547,31.5682,1.43,7.961,56.072,19.4659
27/06/2024 20:59:21.000,19.7559,31.5678,1.43,7.961,56.030,19.4659
27/06/2024 21:00:21.999,19.7551,31.5672,1.43,7.961,56.128,19.4659
27/06/2024 21:01:21.998,19.7553,31.5678,1.43,7.961,56.097,19.4657
27/06/2024 21:02:21.001,19.7561,31.5679,1.43,7.961,56.179,19.4662
27/06/2024 21:03:21.000,19.7550,31.5676,1.43,7.961,56.122,19.4650
27/06/2024 21:04:21.999,19.7543,31.5680,1.43,7.961,56.133,19.4650
27/06/2024 21:05:21.002,19.7554,31.5683,1.44,7.961,56.269,19.4656
27/06/2024 21:06:21.001,19.7551,31.5674,1.43,7.961,56.278,19.4653
27/06/2024 21:07:21.000,19.7530,31.5680,1.43,7.961,56.112,19.4639
27/06/2024 21:08:21.999,19.7532,31.5669,1.43,7.961,56.079,19.4638
27/06/2024 21:09:21.001,19.7546,31.5675,1.43,7.961,56.115,19.4653
27/06/2024 21:10:21.000,19.7553,31.5679,1.43,7.961,56.188,19.4653
27/06/2024 21:11:21.000,19.7546,31.5677,1.43,7.961,56.158,19.4659
27/06/2024 21:12:21.999,19.7539,31.5671,1.43,7.961,56.181,19.4657
27/06/2024 21:13:21.001,19.7541,31.5683,1.43,7.961,56.216,19.4647
27/06/2024 21:14:21.000,19.7544,31.5672,1.43,7.961,56.192,19.4645
27/06/2024 21:15:21.999,19.7525,31.5690,1.43,7.962,56.253,19.4648
27/06/2024 21:16:21.998,19.7551,31.5694,1.43,7.962,56.305,19.4649
27/06/2024 21:17:21.001,19.7536,31.5676,1.43,7.962,56.136,19.4644
27/06/2024 21:18:21.000,19.7546,31.5678,1.43,7.961,56.220,19.4633
27/06/2024 21:19:21.999,19.7540,31.5684,1.43,7.962,56.266,19.4643
27/06/2024 21:20:21.002,19.7540,31.5680,1.43,7.962,56.215,19.4643
27/06/2024 21:21:21.001,19.7539,31.5685,1.43,7.962,56.292,19.4642
27/06/2024 21:22:21.000,19.7525,31.5703,1.43,7.962,56.124,19.4644
27/06/2024 21:23:21.999,19.7530,31.5682,1.43,7.962,56.160,19.4640
27/06/2024 21:24:21.001,19.7536,31.5674,1.43,7.962,56.178,19.4634
27/06/2024 21:25:21.000,19.7531,31.5683,1.43,7.962,56.183,19.4642
27/06/2024 21:26:21.000,19.7534,31.5684,1.43,7.962,56.106,19.4641
27/06/2024 21:27:21.999,19.7535,31.5685,1.43,7.962,56.125,19.4642
27/06/2024 21:28:21.001,19.7518,31.5687,1.43,7.962,56.290,19.4640
27/06/2024 21:29:21.000,19.7539,31.5682,1.42,7.962,56.245,19.4639
27/06/2024 21:30:21.999,19.7544,31.5681,1.43,7.962,56.115,19.4642
27/06/2024 21:31:21.998,19.7533,31.5682,1.43,7.962,56.164,19.4640
27/06/2024 21:32:21.001,19.7533,31.5680,1.43,7.962,56.191,19.4633
27/06/2024 21:33:21.000,19.7520,31.5696,1.43,7.963,56.225,19.4636
27/06/2024 21:34:21.999,19.7528,31.5687,1.43,7.963,56.094,19.4638
27/06/2024 21:35:21.002,19.7525,31.5693,1.43,7.963,56.227,19.4633
27/06/2024 21:36:21.001,19.7521,31.5686,1.43,7.963,56.146,19.4632
27/06/2024 21:37:21.000,19.7495,31.5687,1.43,7.963,56.246,19.4628
27/06/2024 21:38:21.999,19.7506,31.5687,1.43,7.963,56.145,19.4633
27/06/2024 21:39:21.001,19.7515,31.5691,1.43,7.963,56.086,19.4631
27/06/2024 21:40:21.000,19.7504,31.5695,1.43,7.963,56.199,19.4629
27/06/2024 21:41:21.000,19.7504,31.5699,1.43,7.963,56.227,19.4624
27/06/2024 21:42:21.999,19.7505,31.5680,1.43,7.963,56.229,19.4627
27/06/2024 21:43:21.001,19.7509,31.5687,1.43,7.963,56.121,19.4624
27/06/2024 21:44:21.000,19.7502,31.5691,1.43,7.963,56.130,19.4623
27/06/2024 21:45:21.999,19.7492,31.5691,1.43,7.963,56.174,19.4623
27/06/2024 21:46:21.998,19.7478,31.5691,1.42,7.963,56.147,19.4627
27/06/2024 21:47:21.001,19.7483,31.5697,1.43,7.963,56.153,19.4623
27/06/2024 21:48:21.000,19.7471,31.5690,1.43,7.963,56.269,19.4623
27/06/2024 21:49:21.999,19.7476,31.5689,1.43,7.963,56.007,19.4620
27/06/2024 21:50:21.002,19.7479,31.5685,1.43,7.963,56.030,19.4620
27/06/2024 21:51:21.001,19.7469,31.5691,1.43,7.963,56.053,19.4622
27/06/2024 21:52:21.000,19.7460,31.5696,1.43,7.963,56.228,19.4618
27/06/2024 21:53:21.999,19.7455,31.5693,1.43,7.963,56.272,19.4615
27/06/2024 21:54:21.001,19.7444,31.5700,1.42,7.963,56.194,19.4614
27/06/2024 21:55:21.000,19.7438,31.5701,1.42,7.963,56.275,19.4616
27/06/2024 21:56:21.000,19.7444,31.5700,1.43,7.963,56.242,19.4605
27/06/2024 21:57:21.999,19.7439,31.5699,1.42,7.963,56.348,19.4612
27/06/2024 21:58:21.001,19.7435,31.5695,1.42,7.963,56.163,19.4612
27/06/2024 21:59:21.000,19.7424,31.5716,1.42,7.964,56.286,19.4618
27/06/2024 22:00:21.999,19.7413,31.5695,1.42,7.963,56.246,19.4613
27/06/2024 22:01:21.998,19.7415,31.5703,1.42,7.964,56.144,19.4612
27/06/2024 22:02:21.001,19.7428,31.5711,1.42,7.963,56.252,19.4609
27/06/2024 22:03:21.000,19.7430,31.5694,1.42,7.963,56.208,19.4607
27/06/2024 22:04:21.999,19.7439,31.5684,1.42,7.964,56.258,19.4603
27/06/2024 22:05:21.002,19.7407,31.5684,1.42,7.963,56.127,19.4594
27/06/2024 22:06:21.001,19.7403,31.5703,1.42,7.964,56.161,19.4603
27/06/2024 22:07:21.000,19.7399,31.5688,1.43,7.963,56.206,19.4601
27/06/2024 22:08:21.999,19.7403,31.5695,1.42,7.963,56.146,19.4597
27/06/2024 22:09:21.001,19.7419,31.5686,1.42,7.963,56.274,19.4594
27/06/2024 22:10:21.000,19.7407,31.5698,1.42,7.964,56.150,19.4597
27/06/2024 22:11:21.000,19.7392,31.5705,1.43,7.964,56.157,19.4597
27/06/2024 22:12:21.999,19.7384,31.5701,1.42,7.964,56.244,19.4596
27/06/2024 22:13:21.001,19.7385,31.5706,1.42,7.963,56.269,19.4595
27/06/2024 22:14:21.000,19.7379,31.5716,1.42,7.964,56.240,19.4595
27/06/2024 22:15:21.999,19.7374,31.5699,1.42,7.964,56.152,19.4592
27/06/2024 22:16:21.998,19.7373,31.5710,1.42,7.964,56.157,19.4588
27/06/2024 22:17:21.001,19.7362,31.5702,1.43,7.964,56.199,19.4587
27/06/2024 22:18:21.000,19.7364,31.5714,1.42,7.964,56.183,19.4587
27/06/2024 22:19:21.999,19.7356,31.5709,1.42,7.964,56.245,19.4584
27/06/2024 22:20:21.002,19.7351,31.5709,1.42,7.964,56.251,19.4583
27/06/2024 22:21:21.001,19.7357,31.5708,1.43,7.964,56.152,19.4579
27/06/2024 22:22:21.000,19.7363,31.5712,1.42,7.964,56.232,19.4581
27/06/2024 22:23:21.999,19.7371,31.5714,1.42,7.964,56.235,19.4582
27/06/2024 22:24:21.001,19.7377,31.5712,1.43,7.964,56.339,19.4578
27/06/2024 22:25:21.000,19.7386,31.5712,1.42,7.964,56.371,19.4580
27/06/2024 22:26:21.000,19.7387,31.5708,1.43,7.964,56.407,19.4579
27/06/2024 22:27:21.999,19.7383,31.5716,1.43,7.964,56.344,19.4577
27/06/2024 22:28:21.001,19.7369,31.5708,1.42,7.964,56.255,19.4572
27/06/2024 22:29:21.000,19.7356,31.5720,1.43,7.964,56.238,19.4573
27/06/2024 22:30:21.999,19.7352,31.5712,1.42,7.964,56.262,19.4572
27/06/2024 22:31:21.998,19.7360,31.5708,1.42,7.964,56.272,19.4568
27/06/2024 22:32:21.001,19.7354,31.5711,1.43,7.964,56.295,19.4564
27/06/2024 22:33:21.000,19.7362,31.5720,1.42,7.964,56.283,19.4566
27/06/2024 22:34:21.999,19.7356,31.5703,1.42,7.964,56.240,19.4567
27/06/2024 22:35:21.002,19.7354,31.5708,1.42,7.964,56.224,19.4566
27/06/2024 22:36:21.001,19.7350,31.5704,1.42,7.964,56.257,19.4561
27/06/2024 22:37:21.000,19.7338,31.5708,1.42,7.964,56.245,19.4562
27/06/2024 22:38:21.999,19.7326,31.5703,1.43,7.964,56.081,19.4559
27/06/2024 22:39:21.001,19.7312,31.5713,1.42,7.964,56.199,19.4563
27/06/2024 22:40:21.000,19.7308,31.5715,1.42,7.964,56.160,19.4557
27/06/2024 22:41:21.000,19.7313,31.5720,1.42,7.964,56.334,19.4558
27/06/2024 22:42:21.999,19.7315,31.5715,1.42,7.964,56.235,19.4556
27/06/2024 22:43:21.001,19.7297,31.5714,1.42,7.964,56.153,19.4557
27/06/2024 22:44:21.000,19.7286,31.5726,1.42,7.964,56.227,19.4552
27/06/2024 22:45:21.999,19.7287,31.5712,1.42,7.964,56.235,19.4555
27/06/2024 22:46:21.998,19.7278,31.5702,1.42,7.964,56.148,19.4554
27/06/2024 22:47:21.001,19.7276,31.5716,1.42,7.964,56.259,19.4548
27/06/2024 22:48:21.000,19.7277,31.5721,1.42,7.964,56.272,19.4547
27/06/2024 22:49:21.999,19.7263,31.5723,1.42,7.964,56.217,19.4544
27/06/2024 22:50:21.002,19.7265,31.5716,1.42,7.964,56.169,19.4543
27/06/2024 22:51:21.001,19.7249,31.5716,1.42,7.964,56.289,19.4542
27/06/2024 22:52:21.000,19.7244,31.5720,1.42,7.964,56.179,19.4539
27/06/2024 22:53:21.999,19.7239,31.5719,1.42,7.964,56.024,19.4538
27/06/2024 22:54:21.001,19.7231,31.5712,1.42,7.964,56.148,19.4531
27/06/2024 22:55:21.000,19.7236,31.5716,1.42,7.964,56.265,19.4535
27/06/2024 22:56:21.000,19.7228,31.5734,1.42,7.964,56.382,19.4534
27/06/2024 22:57:21.999,19.7242,31.5730,1.42,7.964,56.157,19.4535
27/06/2024 22:58:21.001,19.7253,31.5726,1.42,7.964,56.278,19.4534
27/06/2024 22:59:21.000,19.7248,31.5723,1.42,7.964,56.253,19.4537
27/06/2024 23:00:21.999,19.7259,31.5722,1.42,7.964,56.224,19.4534
27/06/2024 23:01:21.998,19.7247,31.5720,1.41,7.964,56.132,19.4534
27/06/2024 23:02:21.001,19.7252,31.5725,1.41,7.964,56.173,19.4535
27/06/2024 23:03:21.000,19.7246,31.5732,1.42,7.964,56.209,19.4525
27/06/2024 23:04:21.999,19.7244,31.5724,1.42,7.964,56.235,19.4527
27/06/2024 23:05:21.002,19.7229,31.5736,1.42,7.964,56.229,19.4527
27/06/2024 23:06:21.001,19.7231,31.5729,1.42,7.964,56.154,19.4525
27/06/2024 23:07:21.000,19.7232,31.5722,1.41,7.964,56.157,19.4520
27/06/2024 23:08:21.999,19.7228,31.5732,1.41,7.964,56.135,19.4505
27/06/2024 23:09:21.001,19.7236,31.5725,1.41,7.964,56.164,19.4504
27/06/2024 23:10:21.000,19.7229,31.5725,1.41,7.964,56.236,19.4516
27/06/2024 23:11:21.000,19.7229,31.5725,1.41,7.964,56.365,19.4513
27/06/2024 23:12:21.999,19.7229,31.5721,1.42,7.964,56.244,19.4513
27/06/2024 23:13:21.001,19.7225,31.5723,1.42,7.964,56.277,19.4507
27/06/2024 23:14:21.000,19.7222,31.5742,1.42,7.964,56.138,19.4513
27/06/2024 23:15:21.999,19.7225,31.5718,1.41,7.964,56.315,19.4509
27/06/2024 23:16:21.998,19.7194,31.5731,1.42,7.964,56.351,19.4507
27/06/2024 23:17:21.001,19.7205,31.5728,1.42,7.964,56.252,19.4502
27/06/2024 23:18:21.000,19.7202,31.5728,1.41,7.964,56.272,19.4503
27/06/2024 23:19:21.999,19.7206,31.5720,1.42,7.964,56.145,19.4489
27/06/2024 23:20:21.002,19.7204,31.5732,1.42,7.964,56.119,19.4500
27/06/2024 23:21:21.001,19.7209,31.5723,1.42,7.964,56.044,19.4500
27/06/2024 23:22:21.000,19.7213,31.5734,1.42,7.964,56.128,19.4497
27/06/2024 23:23:21.999,19.7218,31.5726,1.42,7.964,56.107,19.4497
27/06/2024 23:24:21.001,19.7214,31.5739,1.42,7.964,56.069,19.4488
27/06/2024 23:25:21.000,19.7210,31.5733,1.42,7.965,56.099,19.4487
27/06/2024 23:26:21.000,19.7199,31.5733,1.41,7.964,56.165,19.4481
27/06/2024 23:27:21.999,19.7205,31.5730,1.41,7.964,56.246,19.4482
27/06/2024 23:28:21.001,19.7202,31.5731,1.41,7.964,56.200,19.4482
27/06/2024 23:29:21.000,19.7194,31.5724,1.42,7.964,56.120,19.4478
27/06/2024 23:30:21.999,19.7190,31.5727,1.41,7.964,56.151,19.4480
27/06/2024 23:31:21.998,19.7187,31.5735,1.42,7.965,56.130,19.4481
27/06/2024 23:32:21.001,19.7193,31.5731,1.42,7.965,56.105,19.4475
27/06/2024 23:33:21.000,19.7190,31.5726,1.41,7.965,56.203,19.4477
27/06/2024 23:34:21.999,19.7171,31.5730,1.42,7.965,56.032,19.4472
27/06/2024 23:35:21.002,19.7169,31.5738,1.42,7.965,56.107,19.4474
27/06/2024 23:36:21.001,19.7171,31.5733,1.41,7.965,56.259,19.4468
27/06/2024 23:37:21.000,19.7180,31.5732,1.41,7.965,56.163,19.4469
27/06/2024 23:38:21.999,19.7152,31.5742,1.42,7.965,56.223,19.4465
27/06/2024 23:39:21.001,19.7163,31.5730,1.41,7.965,56.215,19.4466
27/06/2024 23:40:21.000,19.7142,31.5744,1.41,7.965,56.184,19.4463
27/06/2024 23:41:21.000,19.7150,31.5758,1.41,7.965,56.151,19.4460
27/06/2024 23:42:21.999,19.7161,31.5731,1.42,7.965,56.136,19.4462
27/06/2024 23:43:21.001,19.7167,31.5745,1.42,7.965,56.155,19.4456
27/06/2024 23:44:21.000,19.7170,31.5740,1.42,7.965,56.159,19.4457
27/06/2024 23:45:21.999,19.7161,31.5731,1.42,7.965,56.201,19.4453
27/06/2024 23:46:21.998,19.7162,31.5736,1.42,7.965,56.192,19.4453
27/06/2024 23:47:21.001,19.7150,31.5739,1.42,7.965,56.185,19.4450
27/06/2024 23:48:21.000,19.7151,31.5737,1.42,7.965,56.174,19.4444
27/06/2024 23:49:21.999,19.7143,31.5741,1.42,7.965,56.152,19.4446
27/06/2024 23:50:21.002,19.7140,31.5741,1.42,7.965,56.093,19.4443
27/06/2024 23:51:21.001,19.7133,31.5742,1.42,7.966,56.112,19.4447
27/06/2024 23:52:21.000,19.7136,31.5737,1.42,7.965,56.207,19.4439
27/06/2024 23:53:21.999,19.7126,31.5750,1.42,7.965,56.215,19.4439
27/06/2024 23:54:21.001,19.7133,31.5744,1.42,7.965,56.147,19.4440
27/06/2024 23:55:21.000,19.7139,31.5734,1.42,7.966,56.105,19.4438
27/06/2024 23:56:21.000,19.7127,31.5738,1.41,7.966,56.214,19.4420
27/06/2024 23:57:21.999,19.7126,31.5742,1.42,7.966,56.124,19.4433
27/06/2024 23:58:21.001,19.7101,31.5734,1.42,7.966,56.074,19.4432
27/06/2024 23:59:21.000,19.7099,31.5744,1.42,7.966,56.077,19.4428
28/06/2024 00:00:21.999,19.7101,31.5742,1.41,7.966,56.117,19.4430
28/06/2024 00:01:21.998,19.7103,31.5747,1.42,7.966,56.142,19.4426
28/06/2024 00:02:21.001,19.7114,31.5739,1.41,7.966,56.196,19.4423
28/06/2024 00:03:21.000,19.7109,31.5751,1.41,7.966,56.059,19.4416
28/06/2024 00:04:21.999,19.7112,31.5745,1.42,7.966,56.158,19.4421
28/06/2024 00:05:21.002,19.7116,31.5739,1.41,7.966,56.148,19.4420
28/06/2024 00:06:21.001,19.7104,31.5741,1.42,7.966,56.093,19.4404
28/06/2024 00:07:21.000,19.7096,31.5745,1.41,7.966,56.132,19.4417
28/06/2024 00:08:21.999,19.7086,31.5749,1.42,7.966,56.224,19.4416
28/06/2024 00:09:21.001,19.7085,31.5758,1.41,7.966,56.124,19.4411
28/06/2024 00:10:21.000,19.7097,31.5753,1.41,7.966,56.076,19.4413
28/06/2024 00:11:21.000,19.7070,31.5739,1.42,7.966,56.234,19.4410
28/06/2024 00:12:21.999,19.7070,31.5742,1.42,7.966,56.078,19.4405
28/06/2024 00:13:21.001,19.7070,31.5740,1.42,7.966,56.193,19.4404
28/06/2024 00:14:21.000,19.7069,31.5743,1.41,7.966,56.280,19.4406
28/06/2024 00:15:21.999,19.7077,31.5746,1.42,7.966,56.296,19.4398
28/06/2024 00:16:21.998,19.7081,31.5751,1.42,7.967,56.258,19.4401
28/06/2024 00:17:21.001,19.7076,31.5749,1.41,7.966,56.150,19.4394
28/06/2024 00:18:21.000,19.7082,31.5758,1.41,7.966,56.180,19.4395
28/06/2024 00:19:21.999,19.7073,31.5742,1.41,7.966,56.116,19.4390
28/06/2024 00:20:21.002,19.7070,31.5753,1.41,7.966,56.130,19.4393
28/06/2024 00:21:21.001,19.7057,31.5751,1.41,7.967,56.089,19.4384
28/06/2024 00:22:21.000,19.7053,31.5758,1.41,7.966,56.200,19.4381
28/06/2024 00:23:21.999,19.7051,31.5740,1.41,7.966,56.223,19.4383
28/06/2024 00:24:21.001,19.7039,31.5747,1.41,7.966,56.245,19.4384
28/06/2024 00:25:21.000,19.7042,31.5751,1.41,7.966,56.134,19.4381
28/06/2024 00:26:21.000,19.7045,31.5753,1.41,7.966,56.174,19.4377
28/06/2024 00:27:21.999,19.7040,31.5749,1.41,7.966,56.126,19.4375
28/06/2024 00:28:21.001,19.7046,31.5756,1.41,7.966,56.281,19.4378
28/06/2024 00:29:21.000,19.7035,31.5756,1.41,7.966,56.157,19.4373
28/06/2024 00:30:21.999,19.7026,31.5756,1.41,7.967,56.080,19.4370
28/06/2024 00:31:21.998,19.7026,31.5752,1.41,7.967,56.123,19.4361
28/06/2024 00:32:21.001,19.7015,31.5739,1.41,7.967,56.087,19.4355
28/06/2024 00:33:21.000,19.7018,31.5755,1.41,7.967,56.174,19.4355
28/06/2024 00:34:21.999,19.7023,31.5745,1.41,7.967,56.205,19.4363
28/06/2024 00:35:21.002,19.7009,31.5750,1.41,7.967,56.194,19.4364
28/06/2024 00:36:21.001,19.6995,31.5761,1.41,7.967,56.172,19.4359
28/06/2024 00:37:21.000,19.6999,31.5759,1.41,7.967,56.212,19.4357
28/06/2024 00:38:21.999,19.6998,31.5755,1.40,7.967,56.186,19.4350
28/06/2024 00:39:21.001,19.7010,31.5767,1.41,7.967,56.265,19.4352
28/06/2024 00:40:21.000,19.7019,31.5761,1.40,7.967,56.294,19.4352
28/06/2024 00:41:21.000,19.6995,31.5769,1.41,7.967,56.166,19.4350
28/06/2024 00:42:21.999,19.6995,31.5770,1.41,7.967,56.080,19.4331
28/06/2024 00:43:21.001,19.7011,31.5746,1.41,7.967,56.134,19.4346
28/06/2024 00:44:21.000,19.6997,31.5763,1.41,7.967,56.196,19.4342
28/06/2024 00:45:21.999,19.6992,31.5761,1.41,7.967,56.181,19.4338
28/06/2024 00:46:21.998,19.7002,31.5756,1.41,7.967,56.192,19.4338
28/06/2024 00:47:21.001,19.6985,31.5765,1.41,7.967,56.184,19.4333
28/06/2024 00:48:21.000,19.6996,31.5750,1.40,7.967,56.335,19.4332
28/06/2024 00:49:21.999,19.6970,31.5756,1.41,7.967,56.268,19.4331
28/06/2024 00:50:21.002,19.6968,31.5744,1.40,7.967,56.191,19.4331
28/06/2024 00:51:21.001,19.6956,31.5763,1.41,7.967,56.241,19.4329
28/06/2024 00:52:21.000,19.6955,31.5758,1.41,7.967,56.199,19.4322
28/06/2024 00:53:21.999,19.6951,31.5782,1.40,7.967,56.109,19.4316
28/06/2024 00:54:21.001,19.6958,31.5771,1.40,7.967,56.033,19.4316
28/06/2024 00:55:21.000,19.6970,31.5762,1.41,7.967,56.202,19.4320
28/06/2024 00:56:21.000,19.6970,31.5752,1.41,7.967,56.227,19.4315
28/06/2024 00:57:21.999,19.6947,31.5777,1.41,7.967,56.235,19.4314
28/06/2024 00:58:21.001,19.6944,31.5768,1.41,7.967,56.364,19.4318
28/06/2024 00:59:21.000,19.6943,31.5762,1.41,7.967,56.226,19.4310
28/06/2024 01:00:21.999,19.6941,31.5756,1.41,7.967,56.277,19.4306
28/06/2024 01:01:21.998,19.6936,31.5766,1.40,7.967,56.299,19.4307
28/06/2024 01:02:21.001,19.6930,31.5767,1.40,7.967,56.282,19.4302
28/06/2024 01:03:21.000,19.6926,31.5751,1.41,7.967,56.355,19.4296
28/06/2024 01:04:21.999,19.6920,31.5758,1.41,7.967,56.318,19.4305
28/06/2024 01:05:21.002,19.6923,31.5767,1.40,7.967,56.306,19.4301
28/06/2024 01:06:21.001,19.6939,31.5763,1.41,7.967,56.289,19.4301
28/06/2024 01:07:21.000,19.6940,31.5762,1.41,7.967,56.436,19.4298
28/06/2024 01:08:21.999,19.6939,31.5758,1.41,7.967,56.246,19.4291
28/06/2024 01:09:21.001,19.6933,31.5765,1.40,7.967,56.331,19.4297
28/06/2024 01:10:21.000,19.6925,31.5768,1.41,7.967,56.378,19.4291
28/06/2024 01:11:21.000,19.6921,31.5776,1.41,7.967,56.323,19.4287
28/06/2024 01:12:21.999,19.6934,31.5749,1.41,7.967,56.303,19.4284
28/06/2024 01:13:21.001,19.6906,31.5767,1.40,7.967,56.198,19.4286
28/06/2024 01:14:21.000,19.6906,31.5768,1.41,7.967,56.231,19.4279
28/06/2024 01:15:21.999,19.6905,31.5777,1.41,7.967,56.273,19.4278
28/06/2024 01:16:21.998,19.6924,31.5763,1.40,7.967,56.374,19.4280
28/06/2024 01:17:21.001,19.6923,31.5783,1.41,7.967,56.249,19.4280
28/06/2024 01:18:21.000,19.6916,31.5770,1.40,7.967,56.290,19.4266
28/06/2024 01:19:21.999,19.6922,31.5756,1.40,7.967,56.301,19.4271
28/06/2024 01:20:21.002,19.6907,31.5777,1.41,7.967,56.186,19.4270
28/06/2024 01:21:21.001,19.6904,31.5771,1.41,7.967,56.280,19.4269
28/06/2024 01:22:21.000,19.6895,31.5762,1.41,7.967,56.353,19.4264
28/06/2024 01:23:21.999,19.6878,31.5764,1.41,7.967,56.349,19.4263
28/06/2024 01:24:21.001,19.6866,31.5786,1.41,7.967,56.329,19.4259
28/06/2024 01:25:21.000,19.6882,31.5766,1.41,7.967,56.298,19.4256
28/06/2024 01:26:21.000,19.6865,31.5781,1.41,7.967,56.315,19.4260
28/06/2024 01:27:21.999,19.6867,31.5780,1.41,7.967,56.286,19.4252
28/06/2024 01:28:21.001,19.6859,31.5780,1.41,7.967,56.371,19.4250
28/06/2024 01:29:21.000,19.6875,31.5771,1.41,7.967,56.150,19.4230
28/06/2024 01:30:21.999,19.6880,31.5763,1.41,7.967,56.145,19.4248
28/06/2024 01:31:21.998,19.6863,31.5764,1.41,7.967,56.312,19.4247
28/06/2024 01:32:21.001,19.6861,31.5775,1.41,7.967,56.329,19.4240
28/06/2024 01:33:21.000,19.6852,31.5768,1.41,7.967,56.279,19.4241
28/06/2024 01:34:21.999,19.6848,31.5768,1.41,7.967,56.232,19.4238
28/06/2024 01:35:21.002,19.6849,31.5784,1.41,7.967,56.253,19.4232
28/06/2024 01:36:21.001,19.6849,31.5767,1.41,7.967,56.298,19.4232
28/06/2024 01:37:21.000,19.6838,31.5788,1.41,7.967,56.213,19.4229
28/06/2024 01:38:21.999,19.6841,31.5784,1.41,7.967,56.201,19.4230
28/06/2024 01:39:21.001,19.6840,31.5792,1.41,7.967,56.269,19.4209
28/06/2024 01:40:21.000,19.6849,31.5766,1.41,7.967,56.164,19.4212
28/06/2024 01:41:21.000,19.6843,31.5774,1.42,7.967,56.228,19.4224
28/06/2024 01:42:21.999,19.6836,31.5774,1.42,7.967,56.206,19.4217
28/06/2024 01:43:21.001,19.6831,31.5784,1.42,7.967,56.207,19.4215
28/06/2024 01:44:21.000,19.6826,31.5768,1.42,7.967,56.227,19.4212
28/06/2024 01:45:21.999,19.6814,31.5782,1.41,7.967,56.115,19.4215
28/06/2024 01:46:21.998,19.6816,31.5769,1.41,7.967,56.123,19.4208
28/06/2024 01:47:21.001,19.6813,31.5767,1.41,7.967,56.119,19.4205
28/06/2024 01:48:21.000,19.6798,31.5787,1.41,7.967,56.331,19.4205
28/06/2024 01:49:21.999,19.6789,31.5787,1.41,7.967,56.209,19.4201
28/06/2024 01:50:21.002,19.6812,31.5786,1.41,7.967,56.273,19.4192
28/06/2024 01:51:21.001,19.6820,31.5787,1.41,7.967,55.967,19.4192
28/06/2024 01:52:21.000,19.6814,31.5782,1.41,7.967,56.161,19.4196
28/06/2024 01:53:21.999,19.6806,31.5790,1.41,7.967,56.135,19.4191
28/06/2024 01:54:21.001,19.6800,31.5777,1.41,7.967,56.121,19.4187
28/06/2024 01:55:21.000,19.6808,31.5768,1.41,7.967,56.097,19.4186
28/06/2024 01:56:21.000,19.6803,31.5771,1.41,7.967,56.154,19.4169
28/06/2024 01:57:21.999,19.6778,31.5783,1.41,7.967,56.008,19.4179
28/06/2024 01:58:21.001,19.6786,31.5792,1.41,7.967,56.273,19.4179
28/06/2024 01:59:21.000,19.6772,31.5790,1.41,7.966,56.218,19.4176
28/06/2024 02:00:21.999,19.6793,31.5786,1.41,7.967,56.116,19.4174
28/06/2024 02:01:21.998,19.6796,31.5788,1.41,7.966,56.243,19.4173
28/06/2024 02:02:21.001,19.6791,31.5780,1.41,7.966,56.166,19.4173
28/06/2024 02:03:21.000,19.6796,31.5788,1.41,7.966,56.324,19.4172
28/06/2024 02:04:21.999,19.6781,31.5776,1.41,7.966,56.242,19.4165
28/06/2024 02:05:21.002,19.6769,31.5777,1.41,7.966,56.200,19.4161
28/06/2024 02:06:21.001,19.6763,31.5776,1.41,7.966,56.246,19.4170
28/06/2024 02:07:21.000,19.6752,31.5788,1.41,7.966,56.281,19.4163
28/06/2024 02:08:21.999,19.6748,31.5779,1.41,7.966,56.200,19.4162
28/06/2024 02:09:21.001,19.6744,31.5786,1.41,7.966,56.245,19.4160
28/06/2024 02:10:21.000,19.6748,31.5775,1.41,7.966,56.311,19.4153
28/06/2024 02:11:21.000,19.6742,31.5791,1.41,7.966,56.167,19.4151
28/06/2024 02:12:21.999,19.6740,31.5795,1.41,7.966,56.286,19.4147
28/06/2024 02:13:21.001,19.6739,31.5788,1.41,7.966,56.235,19.4149
28/06/2024 02:14:21.000,19.6742,31.5791,1.41,7.966,56.292,19.4142
28/06/2024 02:15:21.999,19.6746,31.5789,1.41,7.966,56.245,19.4138
28/06/2024 02:16:21.998,19.6724,31.5800,1.41,7.966,56.180,19.4125
28/06/2024 02:17:21.001,19.6729,31.5793,1.41,7.966,56.129,19.4127
28/06/2024 02:18:21.000,19.6707,31.5799,1.41,7.965,56.138,19.4137
28/06/2024 02:19:21.999,19.6725,31.5777,1.41,7.965,56.117,19.4130
28/06/2024 02:20:21.002,19.6719,31.5805,1.41,7.965,56.109,19.4132
28/06/2024 02:21:21.001,19.6711,31.5788,1.41,7.965,56.219,19.4127
28/06/2024 02:22:21.000,19.6716,31.5793,1.41,7.965,56.205,19.4121
28/06/2024 02:23:21.999,19.6733,31.5792,1.41,7.965,56.275,19.4120
28/06/2024 02:24:21.001,19.6729,31.5795,1.41,7.965,56.176,19.4120
28/06/2024 02:25:21.000,19.6714,31.5798,1.41,7.965,56.168,19.4113
28/06/2024 02:26:21.000,19.6716,31.5792,1.41,7.965,56.204,19.4100
28/06/2024 02:27:21.999,19.6721,31.5802,1.41,7.965,56.260,19.4101
28/06/2024 02:28:21.001,19.6712,31.5802,1.41,7.965,56.220,19.4109
28/06/2024 02:29:21.000,19.6699,31.5803,1.41,7.965,56.189,19.4105
28/06/2024 02:30:21.999,19.6712,31.5791,1.41,7.964,56.122,19.4108
28/06/2024 02:31:21.998,19.6706,31.5799,1.41,7.964,56.235,19.4100
28/06/2024 02:32:21.001,19.6718,31.5785,1.41,7.964,56.158,19.4097
28/06/2024 02:33:21.000,19.6704,31.5799,1.41,7.964,56.210,19.4098
28/06/2024 02:34:21.999,19.6709,31.5795,1.41,7.964,56.111,19.4095
28/06/2024 02:35:21.002,19.6704,31.5793,1.41,7.964,56.212,19.4096
28/06/2024 02:36:21.001,19.6693,31.5791,1.41,7.964,56.208,19.4087
28/06/2024 02:37:21.000,19.6690,31.5793,1.41,7.964,56.322,19.4078
28/06/2024 02:38:21.999,19.6689,31.5805,1.41,7.964,56.238,19.4087
28/06/2024 02:39:21.001,19.6673,31.5799,1.41,7.964,56.309,19.4081
28/06/2024 02:40:21.000,19.6674,31.5804,1.41,7.964,56.253,19.4083
28/06/2024 02:41:21.000,19.6676,31.5817,1.41,7.964,56.140,19.4080
28/06/2024 02:42:21.999,19.6688,31.5799,1.41,7.964,56.190,19.4078
28/06/2024 02:43:21.001,19.6675,31.5808,1.40,7.964,56.222,19.4074
28/06/2024 02:44:21.000,19.6670,31.5782,1.41,7.964,56.221,19.4073
28/06/2024 02:45:21.999,19.6650,31.5804,1.41,7.964,56.266,19.4067
28/06/2024 02:46:21.998,19.6648,31.5809,1.41,7.964,56.237,19.4069
28/06/2024 02:47:21.001,19.6639,31.5803,1.41,7.964,56.213,19.4063
28/06/2024 02:48:21.000,19.6636,31.5814,1.41,7.963,56.086,19.4060
28/06/2024 02:49:21.999,19.6636,31.5801,1.41,7.963,56.193,19.4061
28/06/2024 02:50:21.002,19.6627,31.5800,1.41,7.964,56.332,19.4055
28/06/2024 02:51:21.001,19.6627,31.5805,1.41,7.963,56.263,19.4048
28/06/2024 02:52:21.000,19.6611,31.5806,1.41,7.964,56.217,19.4043
28/06/2024 02:53:21.999,19.6626,31.5798,1.41,7.964,56.202,19.4045
28/06/2024 02:54:21.001,19.6633,31.5804,1.41,7.963,56.163,19.4046
28/06/2024 02:55:21.000,19.6635,31.5796,1.41,7.964,56.283,19.4047
28/06/2024 02:56:21.000,19.6630,31.5811,1.40,7.964,56.203,19.4044
28/06/2024 02:57:21.999,19.6632,31.5797,1.41,7.963,56.082,19.4037
28/06/2024 02:58:21.001,19.6626,31.5806,1.41,7.963,56.309,19.4034
28/06/2024 02:59:21.000,19.6627,31.5798,1.41,7.963,56.385,19.4032
28/06/2024 03:00:21.999,19.6627,31.5796,1.41,7.963,56.233,19.4035
28/06/2024 03:01:21.998,19.6618,31.5804,1.41,7.963,56.295,19.4029
28/06/2024 03:02:21.001,19.6638,31.5799,1.40,7.964,56.192,19.4014
28/06/2024 03:03:21.000,19.6633,31.5801,1.41,7.964,56.122,19.4011
28/06/2024 03:04:21.999,19.6644,31.5802,1.40,7.964,56.046,19.4029
28/06/2024 03:05:21.002,19.6624,31.5801,1.41,7.964,56.344,19.4023
28/06/2024 03:06:21.001,19.6624,31.5806,1.41,7.964,56.158,19.4023
28/06/2024 03:07:21.000,19.6631,31.5808,1.41,7.964,56.145,19.4023
28/06/2024 03:08:21.999,19.6621,31.5809,1.41,7.964,56.152,19.4020
28/06/2024 03:09:21.001,19.6605,31.5802,1.41,7.964,56.266,19.4011
28/06/2024 03:10:21.000,19.6600,31.5813,1.41,7.964,56.229,19.4008
28/06/2024 03:11:21.000,19.6588,31.5811,1.41,7.964,56.208,19.4009
28/06/2024 03:12:21.999,19.6598,31.5826,1.41,7.964,56.365,19.4012
28/06/2024 03:13:21.001,19.6613,31.5821,1.40,7.964,56.353,19.3997
28/06/2024 03:14:21.000,19.6619,31.5813,1.41,7.964,56.327,19.4006
28/06/2024 03:15:21.999,19.6622,31.5821,1.41,7.964,56.289,19.4004
28/06/2024 03:16:21.998,19.6614,31.5809,1.41,7.964,56.256,19.4001
28/06/2024 03:17:21.001,19.6603,31.5815,1.41,7.964,56.132,19.4000
28/06/2024 03:18:21.000,19.6608,31.5813,1.41,7.964,56.368,19.3995
28/06/2024 03:19:21.999,19.6604,31.5810,1.40,7.963,56.217,19.3984
28/06/2024 03:20:21.002,19.6584,31.5818,1.41,7.963,56.198,19.3991
28/06/2024 03:21:21.001,19.6591,31.5804,1.40,7.964,56.208,19.3988
28/06/2024 03:22:21.000,19.6581,31.5808,1.41,7.963,56.174,19.3988
28/06/2024 03:23:21.999,19.6579,31.5820,1.41,7.963,56.220,19.3985
28/06/2024 03:24:21.001,19.6592,31.5831,1.41,7.963,56.221,19.3974
28/06/2024 03:25:21.000,19.6601,31.5819,1.40,7.963,56.171,19.3980
28/06/2024 03:26:21.000,19.6607,31.5806,1.41,7.963,56.178,19.3978
28/06/2024 03:27:21.999,19.6605,31.5814,1.40,7.963,56.158,19.3979
28/06/2024 03:28:21.001,19.6596,31.5813,1.41,7.963,56.227,19.3969
28/06/2024 03:29:21.000,19.6593,31.5808,1.41,7.963,56.131,19.3969
28/06/2024 03:30:21.999,19.6590,31.5816,1.41,7.963,56.140,19.3968
28/06/2024 03:31:21.998,19.6585,31.5819,1.41,7.963,56.114,19.3961
28/06/2024 03:32:21.001,19.6566,31.5820,1.41,7.963,56.114,19.3959
28/06/2024 03:33:21.000,19.6551,31.5817,1.40,7.963,56.154,19.3951
28/06/2024 03:34:21.999,19.6565,31.5806,1.42,7.963,56.152,19.3953
28/06/2024 03:35:21.002,19.6565,31.5813,1.41,7.963,56.058,19.3954
28/06/2024 03:36:21.001,19.6578,31.5800,1.40,7.963,56.174,19.3955
28/06/2024 03:37:21.000,19.6554,31.5817,1.41,7.963,56.071,19.3957
28/06/2024 03:38:21.999,19.6555,31.5821,1.41,7.963,56.190,19.3953
28/06/2024 03:39:21.001,19.6554,31.5808,1.40,7.963,56.203,19.3948
28/06/2024 03:40:21.000,19.6555,31.5817,1.40,7.963,56.210,19.3931
28/06/2024 03:41:21.000,19.6531,31.5820,1.40,7.963,56.219,19.3945
28/06/2024 03:42:21.999,19.6528,31.5828,1.40,7.963,56.124,19.3941
28/06/2024 03:43:21.001,19.6534,31.5820,1.40,7.963,56.229,19.3942
28/06/2024 03:44:21.000,19.6530,31.5830,1.41,7.963,56.067,19.3945
28/06/2024 03:45:21.999,19.6538,31.5820,1.40,7.963,56.295,19.3938
28/06/2024 03:46:21.998,19.6543,31.5830,1.40,7.962,56.226,19.3942
28/06/2024 03:47:21.001,19.6552,31.5817,1.41,7.962,56.131,19.3938
28/06/2024 03:48:21.000,19.6537,31.5821,1.40,7.962,56.276,19.3930
28/06/2024 03:49:21.999,19.6532,31.5819,1.41,7.962,56.248,19.3918
28/06/2024 03:50:21.002,19.6521,31.5826,1.41,7.962,56.239,19.3934
28/06/2024 03:51:21.001,19.6514,31.5821,1.41,7.962,56.177,19.3931
28/06/2024 03:52:21.000,19.6506,31.5812,1.41,7.962,56.179,19.3926
28/06/2024 03:53:21.999,19.6504,31.5824,1.41,7.962,56.244,19.3925
28/06/2024 03:54:21.001,19.6523,31.5820,1.41,7.962,56.239,19.3920
28/06/2024 03:55:21.000,19.6520,31.5813,1.41,7.962,56.264,19.3916
28/06/2024 03:56:21.000,19.6526,31.5823,1.40,7.962,56.281,19.3920
28/06/2024 03:57:21.999,19.6531,31.5830,1.41,7.962,56.161,19.3915
28/06/2024 03:58:21.001,19.6520,31.5823,1.40,7.962,56.226,19.3912
28/06/2024 03:59:21.000,19.6519,31.5835,1.41,7.962,56.221,19.3911
28/06/2024 04:00:21.999,19.6525,31.5829,1.41,7.962,56.336,19.3899
28/06/2024 04:01:21.998,19.6508,31.5827,1.41,7.962,56.292,19.3901
28/06/2024 04:02:21.001,19.6499,31.5817,1.41,7.962,56.287,19.3907
28/06/2024 04:03:21.000,19.6507,31.5821,1.41,7.962,56.224,19.3903
28/06/2024 04:04:21.999,19.6515,31.5824,1.41,7.961,56.260,19.3902
28/06/2024 04:05:21.002,19.6516,31.5825,1.41,7.961,56.184,19.3899
28/06/2024 04:06:21.001,19.6525,31.5824,1.41,6.940,56.345,19.3897
28/06/2024 04:07:21.000,19.6528,31.5823,1.41,6.940,56.300,19.3895
28/06/2024 04:08:21.999,19.6523,31.5822,1.41,6.940,56.255,19.3889
28/06/2024 04:09:21.001,19.6527,31.5818,1.41,6.940,56.329,19.3897
28/06/2024 04:10:21.000,19.6524,31.5823,1.41,6.940,56.195,19.3885
28/06/2024 04:11:21.000,19.6508,31.5820,1.41,6.940,56.399,19.3892
28/06/2024 04:12:21.999,19.6511,31.5823,1.41,6.940,56.195,19.3891
28/06/2024 04:13:21.001,19.6504,31.5837,1.41,6.940,56.262,19.3884
28/06/2024 04:14:21.000,19.6492,31.5838,1.41,6.940,56.287,19.3885
28/06/2024 04:15:21.999,19.6487,31.5826,1.41,6.940,56.385,19.3877
28/06/2024 04:16:21.998,19.6484,31.5838,1.41,6.940,56.472,19.3885
28/06/2024 04:17:21.001,19.6480,31.5837,1.41,6.940,56.279,19.3887
28/06/2024 04:18:21.000,19.6490,31.5823,1.41,6.939,56.255,19.3877
28/06/2024 04:19:21.999,19.6479,31.5838,1.41,6.940,56.312,19.3876
28/06/2024 04:20:21.002,19.6471,31.5835,1.41,6.940,56.262,19.3873
28/06/2024 04:21:21.001,19.6467,31.5829,1.41,6.940,56.246,19.3870
28/06/2024 04:22:21.000,19.6467,31.5828,1.41,6.721,56.303,19.3867
28/06/2024 04:23:21.999,19.6457,31.5826,1.41,6.940,56.284,19.3867
28/06/2024 04:24:21.001,19.6452,31.5843,1.41,6.940,56.229,19.3868
28/06/2024 04:25:21.000,19.6457,31.5840,1.41,6.940,56.361,19.3852
28/06/2024 04:26:21.000,19.6455,31.5844,1.41,6.940,56.232,19.3860
28/06/2024 04:27:21.999,19.6456,31.5839,1.41,6.940,56.308,19.3859
28/06/2024 04:28:21.001,19.6454,31.5839,1.41,6.940,56.324,19.3858
28/06/2024 04:29:21.000,19.6460,31.5836,1.41,6.940,56.206,19.3857
28/06/2024 04:30:21.999,19.6459,31.5831,1.41,6.940,56.289,19.3849
28/06/2024 04:31:21.998,19.6437,31.5822,1.41,6.940,56.286,19.3850
28/06/2024 04:32:21.001,19.6436,31.5840,1.41,6.940,56.176,19.3847
28/06/2024 04:33:21.000,19.6434,31.5842,1.40,6.940,56.271,19.3847
28/06/2024 04:34:21.999,19.6426,31.5832,1.41,0.000**,56.337**,19.3844**
28/06/2024 04:35:21.002,19.6423,31.5846,1.40,6.940,56.338,19.3841
28/06/2024 04:36:21.001,19.6418,31.5830,1.41,6.940,56.256,19.3833
28/06/2024 04:37:21.000,19.6433,31.5830,1.41,6.940,56.329,19.3850
28/06/2024 04:38:21.999,19.6426,31.5835,1.41,6.940,56.411,19.3845
28/06/2024 04:39:21.001,19.6429,31.5832,1.41,6.940,56.297,19.3836
28/06/2024 04:40:21.000,19.6415,31.5841,1.41,6.940,56.276,19.3829
28/06/2024 04:41:21.000,19.6411,31.5853,1.41,6.940,56.322,19.3831
28/06/2024 04:42:21.999,19.6415,31.5839,1.41,6.940,56.247,19.3822
28/06/2024 04:43:21.001,19.6410,31.5837,1.41,6.940,56.208,19.3824
28/06/2024 04:44:21.000,19.6404,31.5839,1.41,6.940,56.140,19.3821
28/06/2024 04:45:21.999,19.6404,31.5839,1.41,6.940,56.296,19.3821
28/06/2024 04:46:21.998,19.6397,31.5845,1.41,6.940,56.119,19.3799
28/06/2024 04:47:21.001,19.6408,31.5845,1.41,0.000**,56.245**,19.3804**
28/06/2024 04:48:21.000,19.6394,31.5850,1.41,6.940,56.360,19.3812
28/06/2024 04:49:21.999,19.6409,31.5839,1.41,6.940,56.253,19.3811
28/06/2024 04:50:21.998,19.6391,31.5827,1.41,6.940,56.438,19.3810
28/06/2024 04:51:21.997,19.6396,31.5850,1.41,6.940,56.299,19.3808
28/06/2024 04:52:21.003,19.6401,31.5833,1.41,6.940,56.302,19.3804
28/06/2024 04:53:21.002,19.6379,31.5841,1.41,6.940,56.290,19.3801
28/06/2024 04:54:21.001,19.6369,31.5853,1.41,6.940,56.256,19.3801
28/06/2024 04:55:21.000,19.6365,31.5844,1.41,6.940,56.280,19.3796
28/06/2024 04:56:21.000,19.6360,31.5848,1.41,6.940,56.079,19.3797
28/06/2024 04:57:21.999,19.6376,31.5839,1.41,6.940,56.370,19.3790
28/06/2024 04:58:21.998,19.6368,31.5854,1.41,0.000**,56.146**,19.3788**
28/06/2024 04:59:21.997,19.6374,31.5839,1.42,0.000**,56.220**,19.3789**
28/06/2024 05:00:21.003,19.6359,31.5856,1.41,7.961,56.220,19.3791
28/06/2024 05:01:21.002,19.6356,31.5854,1.41,7.961,56.275,19.3786
28/06/2024 05:02:21.001,19.6347,31.5836,1.41,6.940,56.272,19.3790
28/06/2024 05:03:21.000,19.6341,31.5852,1.41,0.000**,56.200**,19.3778**
28/06/2024 05:04:21.999,19.6334,31.5848,1.41,0.000**,56.143**,19.3785**
28/06/2024 05:05:21.998,19.6335,31.5847,1.41,6.940,56.188,19.3780
28/06/2024 05:06:21.997,19.6334,31.5847,1.41,6.940,56.155,19.3779
28/06/2024 05:07:21.003,19.6346,31.5857,1.41,6.940,56.143,19.3767
28/06/2024 05:08:21.002,19.6350,31.5838,1.41,6.940,56.207,19.3770
28/06/2024 05:09:21.001,19.6352,31.5839,1.41,6.940,56.208,19.3771
28/06/2024 05:10:21.000,19.6340,31.5852,1.41,6.940,56.286,19.3770
28/06/2024 05:11:21.000,19.6337,31.5861,1.41,6.940,56.199,19.3767
28/06/2024 05:12:21.999,19.6340,31.5848,1.41,6.940,56.302,19.3755
28/06/2024 05:13:21.998,19.6323,31.5858,1.41,6.940,56.172,19.3767
28/06/2024 05:14:21.997,19.6335,31.5846,1.41,0.000**,56.183**,19.3759**
28/06/2024 05:15:21.003,19.6322,31.5851,1.41,0.000**,56.256**,19.3761**
28/06/2024 05:16:21.002,19.6304,31.5861,1.41,0.000**,56.313**,19.3755**
28/06/2024 05:17:21.001,19.6303,31.5849,1.41,0.000**,56.258**,19.3754**
28/06/2024 05:18:21.000,19.6301,31.5847,1.41,0.000**,56.235**,19.3752**
28/06/2024 05:19:21.999,19.6315,31.5849,1.41,0.000**,56.215**,19.3744**
28/06/2024 05:20:21.998,19.6295,31.5860,1.41,0.000**,56.145**,19.3749**
28/06/2024 05:21:21.997,19.6298,31.5859,1.41,0.000**,56.163**,19.3747**
28/06/2024 05:22:21.003,19.6300,31.5859,1.41,0.000**,56.236**,19.3727**
28/06/2024 05:23:21.002,19.6290,31.5852,1.41,0.000**,56.136**,19.3721**
28/06/2024 05:24:21.001,19.6293,31.5849,1.41,0.000**,56.131**,19.3727**
28/06/2024 05:25:21.000,19.6291,31.5857,1.41,0.000**,56.269**,19.3732**
28/06/2024 05:26:21.000,19.6292,31.5857,1.41,0.000**,56.284**,19.3731**
28/06/2024 05:27:21.999,19.6303,31.5852,1.41,0.000**,56.253**,19.3733**
28/06/2024 05:28:21.998,19.6300,31.5858,1.41,0.000**,56.190**,19.3729**
28/06/2024 05:29:21.997,19.6306,31.5862,1.41,0.000**,56.212**,19.3732**
28/06/2024 05:30:21.003,19.6305,31.5863,1.41,0.000**,56.256**,19.3726**
28/06/2024 05:31:21.002,19.6296,31.5855,1.41,0.000**,56.341**,19.3721**
28/06/2024 05:32:21.001,19.6294,31.5865,1.41,0.000**,56.342**,19.3723**
28/06/2024 05:33:21.000,19.6288,31.5854,1.41,0.000**,56.343**,19.3702**
28/06/2024 05:34:21.999,19.6287,31.5847,1.41,0.000**,56.320**,19.3705**
28/06/2024 05:35:21.998,19.6281,31.5856,1.41,0.000**,56.266**,19.3715**
28/06/2024 05:36:21.997,19.6281,31.5861,1.41,0.000**,56.206**,19.3716**
28/06/2024 05:37:21.003,19.6295,31.5865,1.41,0.000**,56.211**,19.3716**
28/06/2024 05:38:21.002,19.6310,31.5862,1.41,0.000**,56.201**,19.3707**
28/06/2024 05:39:21.001,19.6304,31.5848,1.41,0.000**,56.234**,19.3712**
28/06/2024 05:40:21.000,19.6290,31.5856,1.41,0.000**,56.263**,19.3703**
28/06/2024 05:41:21.000,19.6282,31.5855,1.41,0.000**,56.189**,19.3702**
28/06/2024 05:42:21.999,19.6279,31.5867,1.41,0.000**,56.224**,19.3700**
28/06/2024 05:43:21.998,19.6292,31.5863,1.41,0.000**,56.105**,19.3701**
28/06/2024 05:44:21.997,19.6271,31.5852,1.41,0.000**,56.129**,19.3685**
28/06/2024 05:45:21.003,19.6265,31.5865,1.41,0.000**,56.236**,19.3686**
28/06/2024 05:46:21.002,19.6272,31.5861,1.41,0.000**,56.220**,19.3697**
28/06/2024 05:47:21.001,19.6284,31.5862,1.41,0.000**,56.296**,19.3689**
28/06/2024 05:48:21.000,19.6289,31.5861,1.41,0.000**,56.315**,19.3682**
28/06/2024 05:49:21.999,19.6298,31.5850,1.41,0.000**,56.103**,19.3685**
28/06/2024 05:50:21.998,19.6293,31.5858,1.41,0.000**,56.270**,19.3683**
28/06/2024 05:51:21.997,19.6292,31.5869,1.42,6.940,56.121,19.3683
28/06/2024 05:52:21.003,19.6299,31.5865,1.41,6.940,56.247,19.3680
28/06/2024 05:53:21.002,19.6293,31.5853,1.41,6.940,56.276,19.3678
28/06/2024 05:54:21.001,19.6293,31.5864,1.41,0.000**,56.185**,19.3677**
28/06/2024 05:55:21.000,19.6306,31.5854,1.41,6.940,56.228,19.3671
28/06/2024 05:56:21.000,19.6294,31.5863,1.41,0.000**,56.277**,19.3672**
28/06/2024 05:57:21.999,19.6289,31.5871,1.41,6.940,56.219,19.3671
28/06/2024 05:58:21.998,19.6294,31.5861,1.41,6.940,56.182,19.3662
28/06/2024 05:59:21.997,19.6293,31.5867,1.41,6.940,56.194,19.3656
28/06/2024 06:00:21.003,19.6307,31.5857,1.41,6.940,56.107,19.3667
28/06/2024 06:01:21.002,19.6296,31.5858,1.41,6.940,56.024,19.3662
28/06/2024 06:02:21.001,19.6290,31.5861,1.41,6.940,56.150,19.3662
28/06/2024 06:03:21.000,19.6282,31.5866,1.41,6.940,56.264,19.3661
28/06/2024 06:04:21.999,19.6278,31.5865,1.41,0.000**,56.139**,19.3656**
28/06/2024 06:05:21.998,19.6280,31.5880,1.41,6.940,56.101,19.3654
28/06/2024 06:06:21.997,19.6284,31.5870,1.41,6.940,56.230,19.3653
28/06/2024 06:07:21.003,19.6270,31.5874,1.41,6.940,56.189,19.3658
28/06/2024 06:08:21.002,19.6275,31.5864,1.41,0.000**,56.285**,19.3660**
28/06/2024 06:09:21.001,19.6282,31.5865,1.41,6.940,56.280,19.3645
28/06/2024 06:10:21.000,19.6269,31.5875,1.41,6.940,56.290,19.3635
28/06/2024 06:11:21.000,19.6269,31.5873,1.41,6.940,56.217,19.3651
28/06/2024 06:12:21.999,19.6274,31.5867,1.42,6.940,56.097,19.3649
28/06/2024 06:13:21.998,19.6272,31.5873,1.41,0.000**,56.273**,19.3651**
28/06/2024 06:14:21.997,19.6268,31.5877,1.41,6.940,56.219,19.3643
28/06/2024 06:15:21.003,19.6258,31.5864,1.41,6.940,56.184,19.3645
28/06/2024 06:16:21.002,19.6261,31.5862,1.41,6.940,56.223,19.3641
28/06/2024 06:17:21.001,19.6251,31.5869,1.41,6.940,56.220,19.3644
28/06/2024 06:18:21.000,19.6268,31.5872,1.41,6.940,56.342,19.3636
28/06/2024 06:19:21.999,19.6257,31.5871,1.41,6.940,56.099,19.3636
28/06/2024 06:20:21.998,19.6243,31.5865,1.41,6.940,56.148,19.3621
28/06/2024 06:21:21.997,19.6261,31.5869,1.41,0.000**,56.213**,19.3633**
28/06/2024 06:22:21.003,19.6264,31.5877,1.41,6.940,56.151,19.3629
28/06/2024 06:23:21.002,19.6264,31.5867,1.41,6.940,56.251,19.3630
28/06/2024 06:24:21.001**,19.6264**,0.0000**,0.00**,0.000**,56.251**,19.3630**
28/06/2024 06:25:21.000**,19.6264**,0.0000**,0.00**,0.000**,56.251**,19.3630**
28/06/2024 06:26:21.000**,19.6264**,0.0000**,0.00**,0.000**,56.251**,19.3630**
28/06/2024 06:27:21.999**,19.6264**,0.0000**,0.00**,0.000**,56.251**,19.3630**
28/06/2024 06:28:21.998**,19.6264**,0.0000**,0.00**,0.000**,56.251**,19.3630**
28/06/2024 06:29:21.997**,19.6264**,0.0000**,0.00**,0.000**,56.251**,19.3630**
28/06/2024 06:30:21.003**,19.6264**,0.0000**,0.00**,0.000**,56.251**,19.3630**
28/06/2024 06:31:21.002**,19.6264**,0.0000**,0.00**,0.000**,56.251**,19.3630**
28/06/2024 06:32:21.001**,19.6264**,0.0000**,0.00**,0.000**,56.251**,19.3630**
28/06/2024 06:33:21.000**,19.6264**,0.0000**,0.00**,0.000**,56.251**,19.3630**
28/06/2024 06:34:21.999**,19.6264**,0.0000**,0.00**,0.000**,56.251**,19.3630**
28/06/2024 06:35:21.998**,19.6264**,0.0000**,0.00**,0.000**,56.251**,19.3630**
28/06/2024 06:36:21.997**,19.6264**,0.0000**,0.00**,0.000**,56.251**,19.3630**
28/06/2024 06:37:21.003**,19.6264**,0.0000**,0.00**,0.000**,56.251**,19.3630**
28/06/2024 06:38:21.002**,19.6264**,0.0000**,0.00**,0.000**,56.251**,19.3630**
28/06/2024 06:39:21.001**,19.6264**,0.0000**,0.00**,0.000**,56.251**,19.3630**
28/06/2024 06:40:21.000**,19.6264**,0.0000**,0.00**,0.000**,56.251**,19.3630**
28/06/2024 06:41:21.000**,19.6264**,0.0000**,0.00**,0.000**,56.251**,19.3630**
28/06/2024 06:42:21.999**,19.6264**,0.0000**,0.00**,0.000**,56.251**,19.3630**
28/06/2024 06:43:21.998**,19.6264**,0.0000**,0.00**,0.000**,56.251**,19.3630**
28/06/2024 06:44:21.997**,19.6264**,0.0000**,0.00**,0.000**,56.251**,19.3630**
28/06/2024 06:45:21.003**,19.6264**,0.0000**,0.00**,0.000**,56.251**,19.3630**
28/06/2024 06:46:21.002**,19.6264**,0.0000**,0.00**,0.000**,56.251**,19.3630**
28/06/2024 06:47:21.001**,19.6264**,0.0000**,0.00**,0.000**,56.251**,19.3630**
28/06/2024 06:48:21.000**,19.6264**,0.0000**,0.00**,0.000**,56.251**,19.3630**
28/06/2024 06:49:21.999**,19.6264**,0.0000**,0.00**,0.000**,56.251**,19.3630**
28/06/2024 06:50:21.998**,19.6264**,0.0000**,0.00**,0.000**,56.251**,19.3630**
28/06/2024 06:51:21.997**,19.6264**,0.0000**,0.00**,0.000**,56.251**,19.3630**
28/06/2024 06:52:21.003**,19.6264**,0.0000**,0.00**,0.000**,56.251**,19.3630**
28/06/2024 06:53:21.002**,19.6264**,0.0000**,0.00**,0.000**,56.251**,19.3630**
28/06/2024 06:54:21.001**,19.6264**,0.0000**,0.00**,0.000**,56.251**,19.3630**
28/06/2024 06:55:21.000**,19.6264**,0.0000**,0.00**,0.000**,56.251**,19.3630**
28/06/2024 06:56:21.000**,19.6264**,0.0000**,0.00**,0.000**,56.251**,19.3630**
28/06/2024 06:57:21.999**,19.6264**,0.0000**,0.00**,0.000**,56.251**,19.3630**
28/06/2024 06:58:21.998**,19.6264**,0.0000**,0.00**,0.000**,56.251**,19.3630**
28/06/2024 06:59:21.997**,19.6264**,0.0000**,0.00**,0.000**,56.251**,19.3630**
28/06/2024 07:00:21.003**,19.6264**,0.0000**,0.00**,0.000**,56.251**,19.3630**
28/06/2024 07:01:21.002**,19.6264**,0.0000**,0.00**,0.000**,56.251**,19.3630**
28/06/2024 07:02:21.001**,19.6264**,0.0000**,0.00**,0.000**,56.251**,19.3630**
28/06/2024 07:03:21.000**,19.6264**,0.0000**,0.00**,0.000**,56.251**,19.3630**
28/06/2024 07:04:21.999**,19.6264**,0.0000**,0.00**,0.000**,56.251**,19.3630**
28/06/2024 07:05:21.998**,19.6264**,0.0000**,0.00**,0.000**,56.251**,19.3630**
28/06/2024 07:06:21.997**,19.6264**,0.0000**,0.00**,0.000**,56.251**,19.3630**
28/06/2024 07:07:21.003**,19.6264**,0.0000**,0.00**,0.000**,56.251**,19.3630**
28/06/2024 07:08:21.002**,19.6264**,0.0000**,0.00**,0.000**,56.251**,19.3630**
28/06/2024 07:09:21.001**,19.6264**,0.0000**,0.00**,0.000**,56.251**,19.3630**
28/06/2024 07:10:21.000**,19.6264**,0.0000**,0.00**,0.000**,56.251**,19.3630**
28/06/2024 07:11:21.000**,19.6264**,0.0000**,0.00**,0.000**,56.251**,19.3630**
28/06/2024 07:12:21.999**,19.6264**,0.0000**,0.00**,0.000**,56.251**,19.3630**
28/06/2024 07:13:21.998**,19.6264**,0.0000**,0.00**,0.000**,56.251**,19.3630**
28/06/2024 07:14:21.997**,19.6264**,0.0000**,0.00**,0.000**,56.251**,19.3630**
28/06/2024 07:15:21.003**,19.6264**,0.0000**,0.00**,0.000**,56.251**,19.3630**
28/06/2024 07:16:21.002**,19.6264**,0.0000**,0.00**,0.000**,56.251**,19.3630**
28/06/2024 07:17:21.001**,19.6264**,0.0000**,0.00**,0.000**,56.251**,19.3630**
28/06/2024 07:18:21.000**,19.6264**,0.0000**,0.00**,0.000**,56.251**,19.3630**
28/06/2024 07:19:21.999**,19.6264**,0.0000**,0.00**,0.000**,56.251**,19.3630**
28/06/2024 07:20:21.998**,19.6264**,0.0000**,0.00**,0.000**,56.251**,19.3630**
28/06/2024 07:21:21.997**,19.6264**,0.0000**,0.00**,0.000**,56.251**,19.3630**
28/06/2024 07:22:21.003**,19.6264**,0.0000**,0.00**,0.000**,56.251**,19.3630**
28/06/2024 07:23:21.002**,19.6264**,0.0000**,0.00**,0.000**,56.251**,19.3630**
28/06/2024 07:24:21.001**,19.6264**,0.0000**,0.00**,0.000**,56.251**,19.3630**
28/06/2024 07:25:21.000**,19.6264**,0.0000**,0.00**,0.000**,56.251**,19.3630**
28/06/2024 07:26:21.000**,19.6264**,0.0000**,0.00**,0.000**,56.251**,19.3630**
28/06/2024 07:27:21.999**,19.6264**,0.0000**,0.00**,0.000**,56.251**,19.3630**
28/06/2024 07:28:21.998**,19.6264**,0.0000**,0.00**,0.000**,56.251**,19.3630**
28/06/2024 07:29:21.997**,19.6264**,0.0000**,0.00**,0.000**,56.251**,19.3630**
28/06/2024 07:30:21.003**,19.6264**,0.0000**,0.00**,0.000**,56.251**,19.3630**
28/06/2024 07:31:21.002**,19.6264**,0.0000**,0.00**,0.000**,56.251**,19.3630**
28/06/2024 07:32:21.001**,19.6264**,0.0000**,0.00**,0.000**,56.251**,19.3630**
28/06/2024 07:33:21.000**,19.6264**,0.0000**,0.00**,0.000**,56.251**,19.3630**
28/06/2024 07:34:21.999**,19.6264**,0.0000**,0.00**,0.000**,56.251**,19.3630**
28/06/2024 07:35:21.998**,19.6264**,0.0000**,0.00**,0.000**,56.251**,19.3630**
28/06/2024 07:36:21.997**,19.6264**,0.0000**,0.00**,0.000**,56.251**,19.3630**
28/06/2024 07:37:21.003**,19.6264**,0.0000**,0.00**,0.000**,56.251**,19.3630**
28/06/2024 07:38:21.002**,19.6264**,0.0000**,0.00**,0.000**,56.251**,19.3630**
28/06/2024 07:39:21.001**,19.6264**,0.0000**,0.00**,0.000**,56.251**,19.3630**
28/06/2024 07:40:21.000**,19.6264**,0.0000**,0.00**,0.000**,56.251**,19.3630**
28/06/2024 07:41:21.000**,19.6264**,0.0000**,0.00**,0.000**,56.251**,19.3630**
28/06/2024 07:42:21.999**,19.6264**,0.0000**,0.00**,0.000**,56.251**,19.3630**
28/06/2024 07:43:21.998**,19.6264**,0.0000**,0.00**,0.000**,56.251**,19.3630**
28/06/2024 07:44:21.997**,19.6264**,0.0000**,0.00**,0.000**,56.251**,19.3630**
28/06/2024 07:45:21.003**,19.6264**,0.0000**,0.00**,0.000**,56.251**,19.3630**
28/06/2024 07:46:21.002**,19.6264**,0.0000**,0.00**,0.000**,56.251**,19.3630**
28/06/2024 07:47:21.001**,19.6264**,0.0000**,0.00**,0.000**,56.251**,19.3630**
28/06/2024 07:48:21.000**,19.6264**,0.0000**,0.00**,0.000**,56.251**,19.3630**
28/06/2024 07:49:21.999**,19.6264**,0.0000**,0.00**,0.000**,56.251**,19.3630**
28/06/2024 07:50:21.998**,19.6264**,0.0000**,0.00**,0.000**,56.251**,19.3630**
28/06/2024 07:51:21.997**,19.6264**,0.0000**,0.00**,0.000**,56.251**,19.3630**
28/06/2024 07:52:21.003**,19.6264**,0.0000**,0.00**,0.000**,56.251**,19.3630**
28/06/2024 07:53:21.002**,19.6264**,0.0000**,0.00**,0.000**,56.251**,19.3630**
28/06/2024 07:54:21.001**,19.6264**,0.0000**,0.00**,0.000**,56.251**,19.3630**
28/06/2024 07:55:21.000**,19.6264**,0.0000**,0.00**,0.000**,56.251**,19.3630**
28/06/2024 07:56:21.000**,19.6264**,0.0000**,0.00**,0.000**,56.251**,19.3630**
28/06/2024 07:57:21.999**,19.6264**,0.0000**,0.00**,0.000**,56.251**,19.3630**
28/06/2024 07:58:21.998**,19.6264**,0.0000**,0.00**,0.000**,56.251**,19.3630**
28/06/2024 07:59:21.997**,19.6264**,0.0000**,0.00**,0.000**,56.251**,19.3630**
28/06/2024 08:00:21.003**,19.6264**,0.0000**,0.00**,0.000**,56.251**,19.3630**
28/06/2024 08:01:21.002**,19.6264**,0.0000**,0.00**,0.000**,56.251**,19.3630**
28/06/2024 08:02:21.001**,19.6264**,0.0000**,0.00**,0.000**,56.251**,19.3630**
28/06/2024 08:03:21.000**,19.6264**,0.0000**,0.00**,0.000**,56.251**,19.3630**
28/06/2024 08:04:21.999**,19.6264**,0.0000**,0.00**,0.000**,56.251**,19.3630**
28/06/2024 08:05:21.998**,19.6264**,0.0000**,0.00**,0.000**,56.251**,19.3630**
28/06/2024 08:06:21.997**,19.6264**,0.0000**,0.00**,0.000**,56.251**,19.3630**
28/06/2024 08:07:21.003**,19.6264**,0.0000**,0.00**,0.000**,56.251**,19.3630**
28/06/2024 08:08:21.002**,19.6264**,0.0000**,0.00**,0.000**,56.251**,19.3630**
28/06/2024 08:09:21.001**,19.6264**,0.0000**,0.00**,0.000**,56.251**,19.3630**
28/06/2024 08:10:21.000**,19.6264**,0.0000**,0.00**,0.000**,56.251**,19.3630**
28/06/2024 08:11:21.000**,19.6264**,0.0000**,0.00**,0.000**,56.251**,19.3630**
28/06/2024 08:12:21.999**,19.6264**,0.0000**,0.00**,0.000**,56.251**,19.3630**
28/06/2024 08:13:21.998**,19.6264**,0.0000**,0.00**,0.000**,56.251**,19.3630**
28/06/2024 08:14:21.997**,19.6264**,0.0000**,0.00**,0.000**,56.251**,19.3630**
28/06/2024 08:15:21.003**,19.6264**,0.0000**,0.00**,0.000**,56.251**,19.3630**
28/06/2024 08:16:21.002**,19.6264**,0.0000**,0.00**,0.000**,56.251**,19.3630**
28/06/2024 08:17:21.001**,19.6264**,0.0000**,0.00**,0.000**,56.251**,19.3630**
28/06/2024 08:18:21.000**,19.6264**,0.0000**,0.00**,0.000**,56.251**,19.3630**
28/06/2024 08:19:21.999**,19.6264**,0.0000**,0.00**,0.000**,56.251**,19.3630**
28/06/2024 08:20:21.998**,19.6264**,0.0000**,0.00**,0.000**,56.251**,19.3630**
28/06/2024 08:21:21.997**,19.6264**,0.0000**,0.00**,0.000**,56.251**,19.3630**
28/06/2024 08:22:21.003**,19.6264**,0.0000**,0.00**,0.000**,56.251**,19.3630**
28/06/2024 08:23:21.002**,19.6264**,0.0000**,0.00**,0.000**,56.251**,19.3630**
28/06/2024 08:24:21.001**,19.6264**,0.0000**,0.00**,0.000**,56.251**,19.3630**
28/06/2024 08:25:21.000**,19.6264**,0.0000**,0.00**,0.000**,56.251**,19.3630**
28/06/2024 08:26:21.000**,19.6264**,0.0000**,0.00**,0.000**,56.251**,19.3630**
28/06/2024 08:27:21.999**,19.6264**,0.0000**,0.00**,0.000**,56.251**,19.3630**
28/06/2024 08:28:21.998**,19.6264**,0.0000**,0.00**,0.000**,56.251**,19.3630**
28/06/2024 08:29:21.997**,19.6264**,0.0000**,0.00**,0.000**,56.251**,19.3630**
28/06/2024 08:30:21.003**,19.6264**,0.0000**,0.00**,0.000**,56.251**,19.3630**
28/06/2024 08:31:21.002**,19.6264**,0.0000**,0.00**,0.000**,56.251**,19.3630**
28/06/2024 08:32:21.001**,19.6264**,0.0000**,0.00**,0.000**,56.251**,19.3630**
28/06/2024 08:33:21.000**,19.6264**,0.0000**,0.00**,0.000**,56.251**,19.3630**
28/06/2024 08:34:21.999**,19.6264**,0.0000**,0.00**,0.000**,56.251**,19.3630**
28/06/2024 08:35:21.998**,19.6264**,0.0000**,0.00**,0.000**,56.251**,19.3630**
28/06/2024 08:36:21.997**,19.6264**,0.0000**,0.00**,0.000**,56.251**,19.3630**
28/06/2024 08:37:21.003**,19.6264**,0.0000**,0.00**,0.000**,56.251**,19.3630**
28/06/2024 08:38:21.002**,19.6264**,0.0000**,0.00**,0.000**,56.251**,19.3630**
28/06/2024 08:39:21.001**,19.6264**,0.0000**,0.00**,0.000**,56.251**,19.3630**
28/06/2024 08:40:21.000**,19.6264**,0.0000**,0.00**,0.000**,56.251**,19.3630**
28/06/2024 08:41:21.000**,19.6264**,0.0000**,0.00**,0.000**,56.251**,19.3630**
28/06/2024 08:42:21.999**,19.6264**,0.0000**,0.00**,0.000**,56.251**,19.3630**
28/06/2024 08:43:21.998**,19.6264**,0.0000**,0.00**,0.000**,56.251**,19.3630**
28/06/2024 08:44:21.997**,19.6264**,0.0000**,0.00**,0.000**,56.251**,19.3630**
28/06/2024 08:45:21.003**,19.6264**,0.0000**,0.00**,0.000**,56.251**,19.3630**
28/06/2024 08:46:21.002**,19.6264**,0.0000**,0.00**,0.000**,56.251**,19.3630**
28/06/2024 08:47:21.001**,19.6264**,0.0000**,0.00**,0.000**,56.251**,19.3630**
28/06/2024 08:48:21.000**,19.6264**,0.0000**,0.00**,0.000**,56.251**,19.3630**
28/06/2024 08:49:21.999**,19.6264**,0.0000**,0.00**,0.000**,56.251**,19.3630**
28/06/2024 08:50:21.998**,19.6264**,0.0000**,0.00**,0.000**,56.251**,19.3630**
28/06/2024 08:51:21.997**,19.6264**,0.0000**,0.00**,0.000**,56.251**,19.3630**
28/06/2024 08:52:21.003**,19.6264**,0.0000**,0.00**,0.000**,56.251**,19.3630**
28/06/2024 08:53:21.002**,19.6264**,0.0000**,0.00**,0.000**,56.251**,19.3630**
28/06/2024 08:54:21.001**,19.6264**,0.0000**,0.00**,0.000**,56.251**,19.3630**
28/06/2024 08:55:21.000**,19.6264**,0.0000**,0.00**,0.000**,56.251**,19.3630**
28/06/2024 08:56:21.000**,19.6264**,0.0000**,0.00**,0.000**,56.251**,19.3630**
28/06/2024 08:57:21.999**,19.6264**,0.0000**,0.00**,0.000**,56.251**,19.3630**
28/06/2024 08:58:21.998**,19.6264**,0.0000**,0.00**,0.000**,56.251**,19.3630**
28/06/2024 08:59:21.997**,19.6264**,0.0000**,0.00**,0.000**,56.251**,19.3630**
28/06/2024 09:00:21.003**,19.6264**,0.0000**,0.00**,0.000**,56.251**,19.3630**
28/06/2024 09:01:21.002**,19.6264**,0.0000**,0.00**,0.000**,56.251**,19.3630**
28/06/2024 09:02:21.001**,19.6264**,0.0000**,0.00**,0.000**,56.251**,19.3630**
28/06/2024 09:03:21.000**,19.6264**,0.0000**,0.00**,0.000**,56.251**,19.3630**
28/06/2024 09:04:21.999**,19.6264**,0.0000**,0.00**,0.000**,56.251**,19.3630**
28/06/2024 09:05:21.998**,19.6264**,0.0000**,0.00**,0.000**,56.251**,19.3630**
28/06/2024 09:06:21.997**,19.6264**,0.0000**,0.00**,0.000**,56.251**,19.3630**
28/06/2024 09:07:21.003**,19.6264**,0.0000**,0.00**,0.000**,56.251**,19.3630**
28/06/2024 09:08:21.002**,19.6264**,0.0000**,0.00**,0.000**,56.251**,19.3630**
28/06/2024 09:09:21.001**,19.6264**,0.0000**,0.00**,0.000**,56.251**,19.3630**
28/06/2024 09:10:21.000**,19.6264**,0.0000**,0.00**,0.000**,56.251**,19.3630**
28/06/2024 09:11:21.000**,19.6264**,0.0000**,0.00**,0.000**,56.251**,19.3630**
28/06/2024 09:12:21.999**,19.6264**,0.0000**,0.00**,0.000**,56.251**,19.3630**
28/06/2024 09:13:21.998**,19.6264**,0.0000**,0.00**,0.000**,56.251**,19.3630**
28/06/2024 09:14:21.997**,19.6264**,0.0000**,0.00**,0.000**,56.251**,19.3630**
28/06/2024 09:15:21.003**,19.6264**,0.0000**,0.00**,0.000**,56.251**,19.3630**
28/06/2024 09:16:21.002**,19.6264**,0.0000**,0.00**,0.000**,56.251**,19.3630**
28/06/2024 09:17:21.001**,19.6264**,0.0000**,0.00**,0.000**,56.251**,19.3630**
28/06/2024 09:18:21.000**,19.6264**,0.0000**,0.00**,0.000**,56.251**,19.3630**
28/06/2024 09:19:21.999**,19.6264**,0.0000**,0.00**,0.000**,56.251**,19.3630**
28/06/2024 09:20:21.998**,19.6264**,0.0000**,0.00**,0.000**,56.251**,19.3630**
28/06/2024 09:21:21.997**,19.6264**,0.0000**,0.00**,0.000**,56.251**,19.3630**
28/06/2024 09:22:21.003**,19.6264**,0.0000**,0.00**,0.000**,56.251**,19.3630**
28/06/2024 09:23:21.002**,19.6264**,0.0000**,0.00**,0.000**,56.251**,19.3630**
28/06/2024 09:24:21.001**,19.6264**,0.0000**,0.00**,0.000**,56.251**,19.3630**
28/06/2024 09:25:21.000**,19.6264**,0.0000**,0.00**,0.000**,56.251**,19.3630**
28/06/2024 09:26:21.000**,19.6264**,0.0000**,0.00**,0.000**,56.251**,19.3630**
28/06/2024 09:27:21.999**,19.6264**,0.0000**,0.00**,0.000**,56.251**,19.3630**
28/06/2024 09:28:21.998**,19.6264**,0.0000**,0.00**,0.000**,56.251**,19.3630**
28/06/2024 09:29:21.997**,19.6264**,0.0000**,0.00**,0.000**,56.251**,19.3630**
28/06/2024 09:30:21.003**,19.6264**,0.0000**,0.00**,0.000**,56.251**,19.3630**
28/06/2024 09:31:21.002**,19.6264**,0.0000**,0.00**,0.000**,56.251**,19.3630**
28/06/2024 09:32:21.001**,19.6264**,0.0000**,0.00**,0.000**,56.251**,19.3630**
28/06/2024 09:33:21.000**,19.6264**,0.0000**,0.00**,0.000**,56.251**,19.3630**
28/06/2024 09:34:21.999**,19.6264**,0.0000**,0.00**,0.000**,56.251**,19.3630**
28/06/2024 09:35:21.998**,19.6264**,0.0000**,0.00**,0.000**,56.251**,19.3630**
28/06/2024 09:36:21.997**,19.6264**,0.0000**,0.00**,0.000**,56.251**,19.3630**
28/06/2024 09:37:21.003**,19.6264**,0.0000**,0.00**,0.000**,56.251**,19.3630**
28/06/2024 09:38:21.002**,19.6264**,0.0000**,0.00**,0.000**,56.251**,19.3630**
28/06/2024 09:39:21.001**,19.6264**,0.0000**,0.00**,0.000**,56.251**,19.3630**
28/06/2024 09:40:21.000**,19.6264**,0.0000**,0.00**,0.000**,56.251**,19.3630**
28/06/2024 09:41:21.000**,19.6264**,0.0000**,0.00**,0.000**,56.251**,19.3630**
28/06/2024 09:42:21.999**,19.6264**,0.0000**,0.00**,0.000**,56.251**,19.3630**
28/06/2024 09:43:21.998**,19.6264**,0.0000**,0.00**,0.000**,56.251**,19.3630**
28/06/2024 09:44:21.997**,19.6264**,0.0000**,0.00**,0.000**,56.251**,19.3630**
28/06/2024 09:45:21.003**,19.6264**,0.0000**,0.00**,0.000**,56.251**,19.3630**
28/06/2024 09:46:21.002**,19.6264**,0.0000**,0.00**,0.000**,56.251**,19.3630**
28/06/2024 09:47:21.001**,19.6264**,0.0000**,0.00**,0.000**,56.251**,19.3630**
28/06/2024 09:48:21.000**,19.6264**,0.0000**,0.00**,0.000**,56.251**,19.3630**
28/06/2024 09:49:21.999**,19.6264**,0.0000**,0.00**,0.000**,56.251**,19.3630**
28/06/2024 09:50:21.998**,19.6264**,0.0000**,0.00**,0.000**,56.251**,19.3630**
28/06/2024 09:51:21.997**,19.6264**,0.0000**,0.00**,0.000**,56.251**,19.3630**
28/06/2024 09:52:21.003**,19.6264**,0.0000**,0.00**,0.000**,56.251**,19.3630**
28/06/2024 09:53:21.002**,19.6264**,0.0000**,0.00**,0.000**,56.251**,19.3630**
28/06/2024 09:54:21.001**,19.6264**,0.0000**,0.00**,0.000**,56.251**,19.3630**
28/06/2024 09:55:21.000**,19.6264**,0.0000**,0.00**,0.000**,56.251**,19.3630**
28/06/2024 09:56:21.000**,19.6264**,0.0000**,0.00**,0.000**,56.251**,19.3630**
28/06/2024 09:57:21.999**,19.6264**,0.0000**,0.00**,0.000**,56.251**,19.3630**
28/06/2024 09:58:21.998**,19.6264**,0.0000**,0.00**,0.000**,56.251**,19.3630**
28/06/2024 09:59:21.997**,19.6264**,0.0000**,0.00**,0.000**,56.251**,19.3630**
28/06/2024 10:00:21.003**,19.6264**,0.0000**,0.00**,0.000**,56.251**,19.3630**
28/06/2024 10:01:21.002**,19.6264**,0.0000**,0.00**,0.000**,56.251**,19.3630**
28/06/2024 10:02:21.001**,19.6264**,0.0000**,0.00**,0.000**,56.251**,19.3630**
28/06/2024 10:03:21.000**,19.6264**,0.0000**,0.00**,0.000**,56.251**,19.3630**
28/06/2024 10:04:21.999**,19.6264**,0.0000**,0.00**,0.000**,56.251**,19.3630**
28/06/2024 10:05:21.998**,19.6264**,0.0000**,0.00**,0.000**,56.251**,19.3630**
28/06/2024 10:06:21.997**,19.6264**,0.0000**,0.00**,0.000**,56.251**,19.3630**
28/06/2024 10:07:21.003**,19.6264**,0.0000**,0.00**,0.000**,56.251**,19.3630**
28/06/2024 10:08:21.002**,19.6264**,0.0000**,0.00**,0.000**,56.251**,19.3630**
28/06/2024 10:09:21.001**,19.6264**,0.0000**,0.00**,0.000**,56.251**,19.3630**
28/06/2024 10:10:21.000**,19.6264**,0.0000**,0.00**,0.000**,56.251**,19.3630**
28/06/2024 10:11:21.000**,19.6264**,0.0000**,0.00**,0.000**,56.251**,19.3630**
28/06/2024 10:12:21.999**,19.6264**,0.0000**,0.00**,0.000**,56.251**,19.3630**
28/06/2024 10:13:21.998**,19.6264**,0.0000**,0.00**,0.000**,56.251**,19.3630**
28/06/2024 10:14:21.997**,19.6264**,0.0000**,0.00**,0.000**,56.251**,19.3630**
28/06/2024 10:15:21.003**,19.6264**,0.0000**,0.00**,0.000**,56.251**,19.3630**
28/06/2024 10:16:21.002**,19.6264**,0.0000**,0.00**,0.000**,56.251**,19.3630**
28/06/2024 10:17:21.001**,19.6264**,0.0000**,0.00**,0.000**,56.251**,19.3630**
28/06/2024 10:18:21.000**,19.6264**,0.0000**,0.00**,0.000**,56.251**,19.3630**
28/06/2024 10:19:21.999**,19.6264**,0.0000**,0.00**,0.000**,56.251**,19.3630**
28/06/2024 10:20:21.998**,19.6264**,0.0000**,0.00**,0.000**,56.251**,19.3630**
28/06/2024 10:21:21.997**,19.6264**,0.0000**,0.00**,0.000**,56.251**,19.3630**
28/06/2024 10:22:21.003**,19.6264**,0.0000**,0.00**,0.000**,56.251**,19.3630**
28/06/2024 10:23:21.002**,19.6264**,0.0000**,0.00**,0.000**,56.251**,19.3630**
28/06/2024 10:24:21.001**,19.6264**,0.0000**,0.00**,0.000**,56.251**,19.3630**
28/06/2024 10:25:21.000**,19.6264**,0.0000**,0.00**,0.000**,56.251**,19.3630**
28/06/2024 10:26:21.000**,19.6264**,0.0000**,0.00**,0.000**,56.251**,19.3630**
28/06/2024 10:27:21.999**,19.6264**,0.0000**,0.00**,0.000**,56.251**,19.3630**
28/06/2024 10:28:21.998**,19.6264**,0.0000**,0.00**,0.000**,56.251**,19.3630**
28/06/2024 10:29:21.997**,19.6264**,0.0000**,0.00**,0.000**,56.251**,19.3630**
28/06/2024 10:30:21.003**,19.6264**,0.0000**,0.00**,0.000**,56.251**,19.3630**
28/06/2024 10:31:21.002**,19.6264**,0.0000**,0.00**,0.000**,56.251**,19.3630**
28/06/2024 10:32:21.001**,19.6264**,0.0000**,0.00**,0.000**,56.251**,19.3630**
28/06/2024 10:33:21.000**,19.6264**,0.0000**,0.00**,0.000**,56.251**,19.3630**
28/06/2024 10:34:21.999**,19.6264**,0.0000**,0.00**,0.000**,56.251**,19.3630**
28/06/2024 10:35:21.998**,19.6264**,0.0000**,0.00**,0.000**,56.251**,19.3630**
28/06/2024 10:36:21.997**,19.6264**,0.0000**,0.00**,0.000**,56.251**,19.3630**
28/06/2024 10:37:21.003**,19.6264**,0.0000**,0.00**,0.000**,56.251**,19.3630**
28/06/2024 10:38:21.002**,19.6264**,0.0000**,0.00**,0.000**,56.251**,19.3630**
28/06/2024 10:39:21.001**,19.6264**,0.0000**,0.00**,0.000**,56.251**,19.3630**
28/06/2024 10:40:21.000**,19.6264**,0.0000**,0.00**,0.000**,56.251**,19.3630**
28/06/2024 10:41:21.000**,19.6264**,0.0000**,0.00**,0.000**,56.251**,19.3630**
28/06/2024 10:42:21.999**,19.6264**,0.0000**,0.00**,0.000**,56.251**,19.3630**
28/06/2024 10:43:21.998**,19.6264**,0.0000**,0.00**,0.000**,56.251**,19.3630**
28/06/2024 10:44:21.997**,19.6264**,0.0000**,0.00**,0.000**,56.251**,19.3630**
28/06/2024 10:45:21.003**,19.6264**,0.0000**,0.00**,0.000**,56.251**,19.3630**
28/06/2024 10:46:21.002**,19.6264**,0.0000**,0.00**,0.000**,56.251**,19.3630**
28/06/2024 10:47:21.001**,19.6264**,0.0000**,0.00**,0.000**,56.251**,19.3630**
28/06/2024 10:48:21.000**,19.6264**,0.0000**,0.00**,0.000**,56.251**,19.3630**
28/06/2024 10:49:21.999**,19.6264**,0.0000**,0.00**,0.000**,56.251**,19.3630**
28/06/2024 10:50:21.998**,19.6264**,0.0000**,0.00**,0.000**,56.251**,19.3630**
28/06/2024 10:51:21.997**,19.6264**,0.0000**,0.00**,0.000**,56.251**,19.3630**
28/06/2024 10:52:21.003**,19.6264**,0.0000**,0.00**,0.000**,56.251**,19.3630**
28/06/2024 10:53:21.002**,19.6264**,0.0000**,0.00**,0.000**,56.251**,19.3630**
28/06/2024 10:54:21.001**,19.6264**,0.0000**,0.00**,0.000**,56.251**,19.3630**
28/06/2024 10:55:21.000**,19.6264**,0.0000**,0.00**,0.000**,56.251**,19.3630**
28/06/2024 10:56:21.000**,19.6264**,0.0000**,0.00**,0.000**,56.251**,19.3630**
28/06/2024 10:57:21.999**,19.6264**,0.0000**,0.00**,0.000**,56.251**,19.3630**
28/06/2024 10:58:21.998**,19.6264**,0.0000**,0.00**,0.000**,56.251**,19.3630**
28/06/2024 10:59:21.997**,19.6264**,0.0000**,0.00**,0.000**,56.251**,19.3630**
28/06/2024 11:00:21.003**,19.6264**,0.0000**,0.00**,0.000**,56.251**,19.3630**
28/06/2024 11:01:21.002**,19.6264**,0.0000**,0.00**,0.000**,56.251**,19.3630**
28/06/2024 11:02:21.001**,19.6264**,0.0000**,0.00**,0.000**,56.251**,19.3630**
28/06/2024 11:03:21.000**,19.6264**,0.0000**,0.00**,0.000**,56.251**,19.3630**
28/06/2024 11:04:21.999**,19.6264**,0.0000**,0.00**,0.000**,56.251**,19.3630**
28/06/2024 11:05:21.998**,19.6264**,0.0000**,0.00**,0.000**,56.251**,19.3630**
28/06/2024 11:06:21.997**,19.6264**,0.0000**,0.00**,0.000**,56.251**,19.3630**
28/06/2024 11:07:21.003**,19.6264**,0.0000**,0.00**,0.000**,56.251**,19.3630**
28/06/2024 11:08:21.002**,19.6264**,0.0000**,0.00**,0.000**,56.251**,19.3630**
28/06/2024 11:09:21.001**,19.6264**,0.0000**,0.00**,0.000**,56.251**,19.3630**
28/06/2024 11:10:21.000**,19.6264**,0.0000**,0.00**,0.000**,56.251**,19.3630**
28/06/2024 11:11:21.000**,19.6264**,0.0000**,0.00**,0.000**,56.251**,19.3630**
28/06/2024 11:12:21.999**,19.6264**,0.0000**,0.00**,0.000**,56.251**,19.3630**
28/06/2024 11:13:21.998**,19.6264**,0.0000**,0.00**,0.000**,56.251**,19.3630**
28/06/2024 11:14:21.997**,19.6264**,0.0000**,0.00**,0.000**,56.251**,19.3630**
28/06/2024 11:15:21.003**,19.6264**,0.0000**,0.00**,0.000**,56.251**,19.3630**
28/06/2024 11:16:21.002**,19.6264**,0.0000**,0.00**,0.000**,56.251**,19.3630**
28/06/2024 11:17:21.001**,19.6264**,0.0000**,0.00**,0.000**,56.251**,19.3630**
28/06/2024 11:18:21.000**,19.6264**,0.0000**,0.00**,0.000**,56.251**,19.3630**
28/06/2024 11:19:21.999**,19.6264**,0.0000**,0.00**,0.000**,56.251**,19.3630**
28/06/2024 11:20:21.998**,19.6264**,0.0000**,0.00**,0.000**,56.251**,19.3630**
28/06/2024 11:21:21.997**,19.6264**,0.0000**,0.00**,0.000**,56.251**,19.3630**
28/06/2024 11:22:21.003**,19.6264**,0.0000**,0.00**,0.000**,56.251**,19.3630**
28/06/2024 11:23:21.002**,19.6264**,0.0000**,0.00**,0.000**,56.251**,19.3630**
28/06/2024 11:24:21.001**,19.6264**,0.0000**,0.00**,0.000**,56.251**,19.3630**
28/06/2024 11:25:21.000**,19.6264**,0.0000**,0.00**,0.000**,56.251**,19.3630**
28/06/2024 11:26:21.000**,19.6264**,0.0000**,0.00**,0.000**,56.251**,19.3630**
28/06/2024 11:27:21.999**,19.6264**,0.0000**,0.00**,0.000**,56.251**,19.3630**
28/06/2024 11:28:21.998**,19.6264**,0.0000**,0.00**,0.000**,56.251**,19.3630**
28/06/2024 11:29:21.997**,19.6264**,0.0000**,0.00**,0.000**,56.251**,19.3630**
28/06/2024 11:30:21.003**,19.6264**,0.0000**,0.00**,0.000**,56.251**,19.3630**
28/06/2024 11:31:21.002**,19.6264**,0.0000**,0.00**,0.000**,56.251**,19.3630**
28/06/2024 11:32:21.001**,19.6264**,0.0000**,0.00**,0.000**,56.251**,19.3630**
28/06/2024 11:33:21.000**,19.6264**,0.0000**,0.00**,0.000**,56.251**,19.3630**
28/06/2024 11:34:21.999**,19.6264**,0.0000**,0.00**,0.000**,56.251**,19.3630**
28/06/2024 11:35:21.998**,19.6264**,0.0000**,0.00**,0.000**,56.251**,19.3630**
28/06/2024 11:36:21.997**,19.6264**,0.0000**,0.00**,0.000**,56.251**,19.3630**
28/06/2024 11:37:21.003**,19.6264**,0.0000**,0.00**,0.000**,56.251**,19.3630**
28/06/2024 11:38:21.002**,19.6264**,0.0000**,0.00**,0.000**,56.251**,19.3630**
28/06/2024 11:39:21.001**,19.6264**,0.0000**,0.00**,0.000**,56.251**,19.3630**
28/06/2024 11:40:21.000**,19.6264**,0.0000**,0.00**,0.000**,56.251**,19.3630**
28/06/2024 11:41:21.000**,19.6264**,0.0000**,0.00**,0.000**,56.251**,19.3630**
28/06/2024 11:42:21.999**,19.6264**,0.0000**,0.00**,0.000**,56.251**,19.3630**
28/06/2024 11:43:21.998**,19.6264**,0.0000**,0.00**,0.000**,56.251**,19.3630**
28/06/2024 11:44:21.997**,19.6264**,0.0000**,0.00**,0.000**,56.251**,19.3630**
28/06/2024 11:45:21.003**,19.6264**,0.0000**,0.00**,0.000**,56.251**,19.3630**
28/06/2024 11:46:21.002**,19.6264**,0.0000**,0.00**,0.000**,56.251**,19.3630**
28/06/2024 11:47:21.001**,19.6264**,0.0000**,0.00**,0.000**,56.251**,19.3630**
28/06/2024 11:48:21.000**,19.6264**,0.0000**,0.00**,0.000**,56.251**,19.3630**
28/06/2024 11:49:21.999**,19.6264**,0.0000**,0.00**,0.000**,56.251**,19.3630**
28/06/2024 11:50:21.998**,19.6264**,0.0000**,0.00**,0.000**,56.251**,19.3630**
28/06/2024 11:51:21.997,19.6234,31.5968,1.42,0.000**,55.888**,19.3233**
