Cruise namePNNL Tank
cast nameCast 182
cruise start date15/08/2023
cruise end date15/08/2023
17/07/2024 16:07:15.000,21.9060,32.6034,1.73,8.197,55.324,21.7725
17/07/2024 16:08:15.000,21.9092,32.6026,1.62,8.240,55.306,21.7764
17/07/2024 16:09:15.000,21.9113,32.6025,1.58,8.259,55.320,21.7770
17/07/2024 16:10:15.000,21.9140,32.6018,1.55,8.270,55.263,21.7770
17/07/2024 16:11:15.000,21.9156,32.6022,1.54,8.278,55.347,21.7778
17/07/2024 16:12:15.000,21.9180,32.6008,1.53,8.283,55.150,21.7779
17/07/2024 16:13:15.000,21.9181,32.6014,1.52,8.287,55.220,21.7788
17/07/2024 16:14:15.000,21.9190,32.6017,1.51,8.291,55.300,21.7796
17/07/2024 16:15:15.000,21.9198,32.6015,1.51,8.293,55.236,21.7802
17/07/2024 16:16:15.000,21.9215,32.6018,1.49,8.295,55.154,21.7809
17/07/2024 16:17:15.000,21.9221,32.6018,1.48,8.297,55.118,21.7800
17/07/2024 16:18:15.000,21.9235,32.6012,1.48,8.299,55.111,21.7812
17/07/2024 16:19:15.000,21.9246,32.6020,1.47,8.300,55.130,21.7827
17/07/2024 16:20:15.000,21.9257,32.6011,1.48,8.302,55.173,21.7831
17/07/2024 16:21:15.000,21.9285,32.6014,1.46,8.303,55.235,21.7837
17/07/2024 16:22:15.000,21.9282,32.6013,1.45,8.304,55.171,21.7844
17/07/2024 16:23:15.000,21.9296,32.6016,1.47,8.304,55.197,21.7844
17/07/2024 16:24:15.000,21.9317,32.6013,1.46,8.305,55.026,21.7843
17/07/2024 16:25:15.000,21.9324,32.6015,1.46,8.306,55.100,21.7848
17/07/2024 16:26:15.000,21.9340,32.6017,1.45,8.306,55.100,21.7848
17/07/2024 16:27:15.000,21.9357,32.6024,1.46,8.307,55.082,21.7852
17/07/2024 16:28:15.000,21.9367,32.6024,1.45,8.308,55.071,21.7859
17/07/2024 16:29:15.000,21.9389,32.6021,1.46,8.308,55.089,21.7865
17/07/2024 16:30:15.000,21.9401,32.6019,1.44,8.309,55.101,21.7868
17/07/2024 16:31:15.000,21.9430,32.6019,1.44,8.309,55.172,21.7875
17/07/2024 16:32:15.000,21.9456,32.6007,1.44,8.309,55.154,21.7897
17/07/2024 16:33:15.000,21.9468,32.6012,1.46,8.310,55.042,21.7896
17/07/2024 16:34:15.000,21.9478,32.6016,1.44,8.310,55.133,21.7903
17/07/2024 16:35:15.000,21.9492,32.6021,1.44,8.310,55.056,21.7907
17/07/2024 16:36:15.000,21.9523,32.6011,1.45,8.311,55.086,21.7904
17/07/2024 16:37:15.000,21.9528,32.6016,1.45,8.311,55.016,21.7910
17/07/2024 16:38:15.000,21.9550,32.6011,1.44,8.311,55.059,21.7894
17/07/2024 16:39:15.000,21.9569,32.6012,1.45,8.312,55.043,21.7917
17/07/2024 16:40:15.000,21.9591,32.6010,1.44,8.312,55.007,21.7921
17/07/2024 16:41:15.000,21.9589,32.6016,1.43,8.312,55.085,21.7929
17/07/2024 16:42:15.000,21.9603,32.6017,1.44,8.312,55.205,21.7929
17/07/2024 16:43:15.000,21.9619,32.6009,1.43,8.312,55.013,21.7935
17/07/2024 16:44:15.000,21.9625,32.6016,1.44,8.313,55.051,21.7926
17/07/2024 16:45:15.000,21.9644,32.6024,1.44,8.313,54.972,21.7944
17/07/2024 16:46:15.000,21.9651,32.6013,1.43,8.313,54.949,21.7946
17/07/2024 16:47:15.000,21.9662,32.6011,1.44,8.313,55.056,21.7947
17/07/2024 16:48:15.000,21.9668,32.6016,1.43,8.313,54.996,21.7953
17/07/2024 16:49:15.000,21.9677,32.6012,1.44,8.313,55.083,21.7954
17/07/2024 16:50:15.000,21.9702,32.6014,1.43,8.314,54.994,21.7958
17/07/2024 16:51:15.000,21.9710,32.6006,1.43,8.314,55.002,21.7954
17/07/2024 16:52:15.000,21.9710,32.6014,1.42,8.314,55.019,21.7966
17/07/2024 16:53:15.000,21.9739,32.6000,1.42,8.314,55.085,21.7976
17/07/2024 16:54:15.000,21.9738,32.6012,1.43,8.315,54.937,21.7988
17/07/2024 16:55:15.000,21.9743,32.6018,1.42,8.315,55.015,21.7999
17/07/2024 16:56:15.000,21.9766,32.5994,1.43,8.315,55.126,21.8001
17/07/2024 16:57:15.000,21.9762,32.6015,1.43,8.315,54.987,21.8001
17/07/2024 16:58:15.000,21.9766,32.6007,1.42,8.315,55.193,21.8010
17/07/2024 16:59:15.000,21.9771,32.6018,1.42,8.315,55.122,21.8011
17/07/2024 17:00:15.000,21.9781,32.6019,1.43,8.315,55.183,21.8018
17/07/2024 17:01:15.000,21.9790,32.6018,1.44,8.315,55.118,21.8018
17/07/2024 17:02:15.000,21.9799,32.6007,1.42,8.316,55.133,21.8028
17/07/2024 17:03:15.000,21.9808,32.6006,1.43,8.316,55.077,21.8016
17/07/2024 17:04:15.000,21.9811,32.6012,1.43,8.316,55.130,21.8031
17/07/2024 17:05:15.000,21.9825,32.6022,1.43,8.316,55.050,21.8041
17/07/2024 17:06:15.000,21.9839,32.6009,1.42,8.317,55.132,21.8048
17/07/2024 17:07:15.000,21.9848,32.6021,1.43,8.317,55.055,21.8022
17/07/2024 17:08:15.000,21.9854,32.6017,1.42,8.317,55.085,21.8038
17/07/2024 17:09:15.000,21.9864,32.6015,1.42,8.317,55.096,21.8043
17/07/2024 17:10:15.000,21.9885,32.6013,1.42,8.317,55.124,21.8051
17/07/2024 17:11:15.000,21.9871,32.6000,1.43,8.317,55.064,21.8052
17/07/2024 17:12:15.000,21.9870,32.6019,1.42,8.317,55.023,21.8059
17/07/2024 17:13:15.000,21.9888,32.6013,1.42,8.318,55.047,21.8063
17/07/2024 17:14:15.000,21.9894,32.6007,1.42,8.318,55.044,21.8071
17/07/2024 17:15:15.000,21.9902,32.6010,1.42,8.318,55.004,21.8077
17/07/2024 17:16:15.000,21.9915,32.6005,1.43,8.318,55.095,21.8079
17/07/2024 17:17:15.000,21.9934,32.6002,1.43,8.318,55.032,21.8097
17/07/2024 17:18:15.000,21.9924,32.6015,1.43,8.318,54.952,21.8107
17/07/2024 17:19:15.000,21.9935,32.6011,1.43,8.319,54.905,21.8105
17/07/2024 17:20:15.000,21.9933,32.6024,1.42,8.319,54.981,21.8117
17/07/2024 17:21:15.000,21.9951,32.6018,1.42,8.319,55.099,21.8121
17/07/2024 17:22:15.000,21.9964,32.6008,1.42,8.319,55.036,21.8133
17/07/2024 17:23:15.000,21.9958,32.6010,1.42,8.319,55.014,21.8131
17/07/2024 17:24:15.000,21.9971,32.6025,1.42,8.319,55.002,21.8143
17/07/2024 17:25:15.000,21.9976,32.6027,1.42,8.319,54.991,21.8150
17/07/2024 17:26:15.000,21.9988,32.6011,1.42,8.320,55.025,21.8151
17/07/2024 17:27:15.000,21.9999,32.6003,1.43,8.320,55.031,21.8160
17/07/2024 17:28:15.000,22.0002,32.6025,1.43,8.320,55.052,21.8169
17/07/2024 17:29:15.000,22.0007,32.6026,1.42,8.320,55.071,21.8164
17/07/2024 17:30:15.000,22.0009,32.6005,1.42,8.320,55.052,21.8174
17/07/2024 17:31:15.000,22.0008,32.6021,1.42,8.320,55.088,21.8173
17/07/2024 17:32:15.000,22.0012,32.6039,1.42,8.320,55.067,21.8177
17/07/2024 17:33:15.000,22.0024,32.6027,1.42,8.320,55.049,21.8184
17/07/2024 17:34:15.000,22.0039,32.6013,1.42,8.321,55.069,21.8190
17/07/2024 17:35:15.000,22.0047,32.6020,1.42,8.321,55.080,21.8200
17/07/2024 17:36:15.000,22.0054,32.6015,1.42,8.321,55.016,21.8200
17/07/2024 17:37:15.000,22.0065,32.6021,1.42,8.321,55.008,21.8215
17/07/2024 17:38:15.000,22.0068,32.6011,1.42,8.321,54.975,21.8218
17/07/2024 17:39:15.000,22.0078,32.6007,1.42,8.322,55.020,21.8226
17/07/2024 17:40:15.000,22.0072,32.6024,1.42,8.322,55.049,21.8233
17/07/2024 17:41:15.000,22.0066,32.6022,1.42,8.322,55.047,21.8237
17/07/2024 17:42:15.000,22.0076,32.6017,1.42,8.322,54.996,21.8240
17/07/2024 17:43:15.000,22.0076,32.6020,1.42,8.322,55.051,21.8253
17/07/2024 17:44:15.000,22.0086,32.6027,1.42,8.323,55.134,21.8255
17/07/2024 17:45:15.000,22.0097,32.6035,1.42,8.323,54.969,21.8263
17/07/2024 17:46:15.000,22.0100,32.6013,1.42,8.323,55.049,21.8262
17/07/2024 17:47:15.000,22.0108,32.6014,1.42,8.323,54.963,21.8273
17/07/2024 17:48:15.000,22.0099,32.6025,1.42,8.323,55.059,21.8281
17/07/2024 17:49:15.000,22.0091,32.6023,1.42,8.323,55.001,21.8287
17/07/2024 17:50:15.000,22.0103,32.6019,1.42,8.323,55.031,21.8292
17/07/2024 17:51:15.000,22.0100,32.6019,1.42,8.324,55.014,21.8292
17/07/2024 17:52:15.000,22.0101,32.6020,1.43,8.324,55.011,21.8301
17/07/2024 17:53:15.000,22.0107,32.6013,1.42,8.324,54.949,21.8295
17/07/2024 17:54:15.000,22.0105,32.6017,1.42,8.324,54.990,21.8302
17/07/2024 17:55:15.000,22.0114,32.6017,1.42,8.324,55.003,21.8302
17/07/2024 17:56:15.000,22.0110,32.6031,1.42,8.324,54.858,21.8305
17/07/2024 17:57:15.000,22.0126,32.6020,1.42,8.324,54.874,21.8310
17/07/2024 17:58:15.000,22.0127,32.6004,1.42,8.324,55.007,21.8318
17/07/2024 17:59:15.000,22.0123,32.6040,1.42,8.324,55.052,21.8326
17/07/2024 18:00:15.000,22.0130,32.6035,1.42,8.324,54.915,21.8336
17/07/2024 18:01:15.000,22.0133,32.6026,1.40,8.324,54.904,21.8343
17/07/2024 18:02:15.000,22.0130,32.6031,1.40,8.324,55.113,21.8347
17/07/2024 18:03:15.000,22.0130,32.6025,1.40,8.324,54.999,21.8348
17/07/2024 18:04:15.000,22.0136,32.6037,1.40,8.324,54.966,21.8351
17/07/2024 18:05:15.000,22.0142,32.6027,1.40,8.324,54.994,21.8351
17/07/2024 18:06:15.000,22.0147,32.6036,1.40,8.324,55.149,21.8349
17/07/2024 18:07:15.000,22.0143,32.6030,1.40,8.324,55.111,21.8354
17/07/2024 18:08:15.000,22.0141,32.6029,1.40,8.324,55.157,21.8344
17/07/2024 18:09:15.000,22.0144,32.6039,1.40,8.324,55.072,21.8364
17/07/2024 18:10:15.000,22.0143,32.6019,1.40,8.325,55.074,21.8369
17/07/2024 18:11:15.000,22.0153,32.6022,1.40,8.324,55.018,21.8381
17/07/2024 18:12:15.000,22.0147,32.6036,1.41,8.324,54.949,21.8382
17/07/2024 18:13:15.000,22.0147,32.6040,1.40,8.324,55.050,21.8386
17/07/2024 18:14:15.000,22.0153,32.6045,1.40,8.324,55.091,21.8388
17/07/2024 18:15:15.000,22.0172,32.6028,1.40,8.325,54.950,21.8392
17/07/2024 18:16:15.000,22.0180,32.6036,1.40,8.324,55.065,21.8400
17/07/2024 18:17:15.000,22.0174,32.6028,1.40,8.325,55.070,21.8407
17/07/2024 18:18:15.000,22.0182,32.6017,1.40,8.324,55.012,21.8409
17/07/2024 18:19:15.000,22.0175,32.6032,1.40,8.324,55.054,21.8413
17/07/2024 18:20:15.000,22.0174,32.6031,1.40,8.324,55.028,21.8426
17/07/2024 18:21:15.000,22.0192,32.6015,1.40,8.324,55.031,21.8429
17/07/2024 18:22:15.000,22.0180,32.6035,1.40,8.324,55.110,21.8428
17/07/2024 18:23:15.000,22.0192,32.6037,1.40,8.324,55.088,21.8440
17/07/2024 18:24:15.000,22.0201,32.6033,1.40,8.324,55.065,21.8446
17/07/2024 18:25:15.000,22.0206,32.6024,1.41,8.324,55.017,21.8452
17/07/2024 18:26:15.000,22.0206,32.6026,1.40,8.324,55.050,21.8451
17/07/2024 18:27:15.000,22.0213,32.6027,1.40,8.324,55.210,21.8456
17/07/2024 18:28:15.000,22.0206,32.6037,1.40,8.324,55.078,21.8458
17/07/2024 18:29:15.000,22.0206,32.6038,1.40,8.324,55.058,21.8457
17/07/2024 18:30:15.000,22.0202,32.6045,1.42,8.324,55.108,21.8474
17/07/2024 18:31:15.000,22.0202,32.6051,1.41,8.324,55.063,21.8470
17/07/2024 18:32:15.000,22.0217,32.6029,1.40,8.323,55.032,21.8481
17/07/2024 18:33:15.000,22.0226,32.6024,1.40,8.323,55.035,21.8478
17/07/2024 18:34:15.000,22.0207,32.6032,1.40,8.323,55.038,21.8492
17/07/2024 18:35:15.000,22.0217,32.6025,1.42,8.323,55.008,21.8488
17/07/2024 18:36:15.000,22.0218,32.6032,1.42,8.323,55.191,21.8494
17/07/2024 18:37:15.000,22.0218,32.6031,1.41,8.323,55.057,21.8500
17/07/2024 18:38:15.000,22.0227,32.6036,1.41,8.323,55.133,21.8501
17/07/2024 18:39:15.000,22.0229,32.6032,1.41,8.323,54.988,21.8507
17/07/2024 18:40:15.000,22.0227,32.6031,1.40,8.323,55.094,21.8510
17/07/2024 18:41:15.000,22.0226,32.6042,1.40,8.323,55.098,21.8515
17/07/2024 18:42:15.000,22.0225,32.6039,1.40,8.323,55.061,21.8521
17/07/2024 18:43:15.000,22.0241,32.6040,1.40,8.322,55.133,21.8521
17/07/2024 18:44:15.000,22.0237,32.6038,1.40,8.322,55.099,21.8524
17/07/2024 18:45:15.000,22.0237,32.6052,1.40,8.322,55.029,21.8527
17/07/2024 18:46:15.000,22.0236,32.6036,1.41,8.322,55.131,21.8529
17/07/2024 18:47:15.000,22.0241,32.6038,1.42,8.322,55.147,21.8537
17/07/2024 18:48:15.000,22.0228,32.6032,1.40,8.322,55.052,21.8532
17/07/2024 18:49:15.000,22.0235,32.6046,1.41,8.322,55.153,21.8534
17/07/2024 18:50:15.000,22.0232,32.6043,1.41,8.321,55.079,21.8540
17/07/2024 18:51:15.000,22.0227,32.6038,1.41,8.321,55.016,21.8542
17/07/2024 18:52:15.000,22.0218,32.6035,1.41,8.321,54.981,21.8551
17/07/2024 18:53:15.000,22.0218,32.6038,1.41,8.321,55.102,21.8552
17/07/2024 18:54:15.000,22.0220,32.6034,1.41,8.321,54.996,21.8556
17/07/2024 18:55:15.000,22.0218,32.6047,1.41,8.321,55.014,21.8553
17/07/2024 18:56:15.000,22.0229,32.6036,1.41,8.321,55.070,21.8566
17/07/2024 18:57:15.000,22.0212,32.6048,1.41,8.321,54.925,21.8571
17/07/2024 18:58:15.000,22.0226,32.6045,1.41,8.321,55.045,21.8575
17/07/2024 18:59:15.000,22.0230,32.6032,1.41,8.321,55.181,21.8576
17/07/2024 19:00:15.000,22.0220,32.6050,1.40,8.321,54.958,21.8580
17/07/2024 19:01:15.000,22.0232,32.6028,1.41,8.321,54.988,21.8587
17/07/2024 19:02:15.000,22.0216,32.6058,1.40,8.321,55.106,21.8589
17/07/2024 19:03:15.000,22.0215,32.6046,1.41,8.321,55.077,21.8592
17/07/2024 19:04:15.000,22.0210,32.6046,1.39,8.321,54.926,21.8580
17/07/2024 19:05:15.000,22.0212,32.6053,1.40,8.321,55.028,21.8571
17/07/2024 19:06:15.000,22.0209,32.6047,1.42,8.321,54.933,21.8590
17/07/2024 19:07:15.000,22.0212,32.6041,1.41,8.321,55.091,21.8598
17/07/2024 19:08:15.000,22.0221,32.6043,1.39,8.321,55.090,21.8608
17/07/2024 19:09:15.000,22.0216,32.6040,1.40,8.321,55.083,21.8609
17/07/2024 19:10:15.000,22.0214,32.6056,1.40,8.321,55.055,21.8612
17/07/2024 19:11:15.000,22.0201,32.6047,1.40,8.321,55.021,21.8610
17/07/2024 19:12:15.000,22.0199,32.6058,1.40,8.321,55.048,21.8614
17/07/2024 19:13:15.000,22.0207,32.6044,1.40,8.321,55.021,21.8618
17/07/2024 19:14:15.000,22.0204,32.6061,1.39,8.321,54.977,21.8619
17/07/2024 19:15:15.000,22.0199,32.6053,1.40,8.321,54.996,21.8621
17/07/2024 19:16:15.000,22.0186,32.6048,1.41,8.321,54.969,21.8621
17/07/2024 19:17:15.000,22.0200,32.6052,1.40,8.321,54.980,21.8632
17/07/2024 19:18:15.000,22.0200,32.6042,1.41,8.321,54.941,21.8631
17/07/2024 19:19:15.000,22.0189,32.6050,1.40,8.321,54.871,21.8635
17/07/2024 19:20:15.000,22.0185,32.6053,1.40,8.321,54.954,21.8639
17/07/2024 19:21:15.000,22.0187,32.6058,1.40,8.321,55.015,21.8638
17/07/2024 19:22:15.000,22.0187,32.6054,1.39,8.321,54.967,21.8636
17/07/2024 19:23:15.000,22.0196,32.6051,1.41,8.321,55.085,21.8641
17/07/2024 19:24:15.000,22.0184,32.6056,1.41,8.321,55.136,21.8645
17/07/2024 19:25:15.000,22.0179,32.6056,1.40,8.321,55.063,21.8654
17/07/2024 19:26:15.000,22.0184,32.6060,1.40,8.321,55.017,21.8657
17/07/2024 19:27:15.000,22.0180,32.6065,1.40,8.321,55.216,21.8656
17/07/2024 19:28:15.000,22.0171,32.6063,1.40,8.321,55.095,21.8653
17/07/2024 19:29:15.000,22.0173,32.6057,1.40,8.321,55.162,21.8660
17/07/2024 19:30:15.000,22.0170,32.6066,1.40,8.321,55.210,21.8667
17/07/2024 19:31:15.000,22.0179,32.6057,1.40,8.321,55.235,21.8670
17/07/2024 19:32:15.000,22.0182,32.6065,1.40,8.321,55.082,21.8656
17/07/2024 19:33:15.000,22.0179,32.6062,1.40,8.321,55.061,21.8661
17/07/2024 19:34:15.000,22.0179,32.6058,1.40,8.321,55.153,21.8674
17/07/2024 19:35:15.000,22.0163,32.6075,1.40,8.321,55.069,21.8678
17/07/2024 19:36:15.000,22.0171,32.6069,1.40,8.321,54.985,21.8679
17/07/2024 19:37:15.000,22.0169,32.6065,1.40,8.321,55.057,21.8682
17/07/2024 19:38:15.000,22.0179,32.6073,1.40,8.321,55.079,21.8689
17/07/2024 19:39:15.000,22.0167,32.6070,1.40,8.321,55.108,21.8689
17/07/2024 19:40:15.000,22.0172,32.6077,1.40,8.321,55.103,21.8693
17/07/2024 19:41:15.000,22.0181,32.6072,1.40,8.321,55.087,21.8688
17/07/2024 19:42:15.000,22.0177,32.6071,1.40,8.321,55.073,21.8691
17/07/2024 19:43:15.000,22.0171,32.6074,1.40,8.321,54.983,21.8689
17/07/2024 19:44:15.000,22.0163,32.6071,1.40,8.321,55.176,21.8701
17/07/2024 19:45:15.000,22.0158,32.6080,1.40,8.321,55.052,21.8701
17/07/2024 19:46:15.000,22.0165,32.6062,1.41,8.321,54.992,21.8709
17/07/2024 19:47:15.000,22.0159,32.6080,1.40,8.321,55.037,21.8711
17/07/2024 19:48:15.000,22.0150,32.6069,1.40,8.321,55.080,21.8713
17/07/2024 19:49:15.000,22.0158,32.6076,1.40,8.321,54.997,21.8716
17/07/2024 19:50:15.000,22.0173,32.6048,1.40,8.321,55.048,21.8718
17/07/2024 19:51:15.000,22.0154,32.6067,1.40,8.321,55.160,21.8718
17/07/2024 19:52:15.000,22.0153,32.6061,1.40,8.321,55.149,21.8724
17/07/2024 19:53:15.000,22.0150,32.6064,1.40,8.321,55.035,21.8724
17/07/2024 19:54:15.000,22.0148,32.6073,1.39,8.321,55.141,21.8725
17/07/2024 19:55:15.000,22.0147,32.6072,1.39,8.321,55.051,21.8727
17/07/2024 19:56:15.000,22.0145,32.6071,1.39,8.321,55.049,21.8730
17/07/2024 19:57:15.000,22.0143,32.6079,1.39,8.321,55.027,21.8732
17/07/2024 19:58:15.000,22.0134,32.6074,1.39,8.321,55.015,21.8734
17/07/2024 19:59:15.000,22.0135,32.6083,1.39,8.321,55.056,21.8738
17/07/2024 20:00:15.000,22.0132,32.6067,1.39,8.320,54.978,21.8742
17/07/2024 20:01:15.000,22.0125,32.6088,1.40,8.320,54.917,21.8748
17/07/2024 20:02:15.000,22.0124,32.6072,1.40,8.320,54.968,21.8746
17/07/2024 20:03:15.000,22.0121,32.6086,1.40,8.320,54.947,21.8744
17/07/2024 20:04:15.000,22.0129,32.6077,1.40,8.320,55.013,21.8747
17/07/2024 20:05:15.000,22.0119,32.6089,1.39,8.320,54.942,21.8754
17/07/2024 20:06:15.000,22.0124,32.6076,1.40,8.321,54.998,21.8757
17/07/2024 20:07:15.001,22.0111,32.6089,1.38,8.321,54.985,21.8741
17/07/2024 20:08:15.000,22.0115,32.6091,1.39,8.321,54.874,21.8738
17/07/2024 20:09:15.001,22.0112,32.6072,1.39,8.321,54.905,21.8734
17/07/2024 20:10:15.000,22.0105,32.6091,1.39,8.321,55.018,21.8748
17/07/2024 20:11:15.001,22.0099,32.6088,1.39,8.320,55.140,21.8751
17/07/2024 20:12:15.000,22.0104,32.6077,1.40,8.320,54.915,21.8745
17/07/2024 20:13:15.000,22.0101,32.6095,1.39,8.321,54.877,21.8735
17/07/2024 20:14:15.000,22.0119,32.6082,1.39,8.320,54.902,21.8731
17/07/2024 20:15:15.000,22.0134,32.6082,1.40,8.320,55.048,21.8729
17/07/2024 20:16:15.999,22.0147,32.6095,1.38,8.321,55.047,21.8736
17/07/2024 20:17:15.000,22.0169,32.6092,1.39,8.321,54.901,21.8751
17/07/2024 20:18:15.999,22.0187,32.6092,1.38,8.320,54.906,21.8749
17/07/2024 20:19:15.000,22.0205,32.6095,1.39,8.320,54.994,21.8754
17/07/2024 20:20:15.999,22.0219,32.6093,1.39,8.320,54.942,21.8753
17/07/2024 20:21:15.000,22.0246,32.6089,1.39,8.320,55.037,21.8759
17/07/2024 20:22:15.001,22.0258,32.6083,1.39,8.320,55.086,21.8762
17/07/2024 20:23:15.000,22.0265,32.6091,1.39,8.320,54.969,21.8762
17/07/2024 20:24:15.001,22.0275,32.6090,1.39,8.320,55.102,21.8770
17/07/2024 20:25:15.000,22.0267,32.6084,1.38,8.320,55.016,21.8770
17/07/2024 20:26:15.001,22.0269,32.6093,1.38,8.320,55.136,21.8769
17/07/2024 20:27:15.000,22.0281,32.6084,1.39,8.320,55.042,21.8775
17/07/2024 20:28:15.000,22.0269,32.6098,1.39,8.320,55.143,21.8776
17/07/2024 20:29:15.000,22.0288,32.6097,1.39,8.320,54.993,21.8779
17/07/2024 20:30:15.000,22.0291,32.6099,1.39,8.320,55.015,21.8776
17/07/2024 20:31:15.999,22.0297,32.6093,1.39,8.319,55.007,21.8780
17/07/2024 20:32:15.000,22.0307,32.6089,1.38,8.320,54.995,21.8783
17/07/2024 20:33:15.999,22.0305,32.6092,1.38,8.319,54.937,21.8788
17/07/2024 20:34:15.000,22.0307,32.6099,1.39,8.319,54.907,21.8790
17/07/2024 20:35:15.999,22.0309,32.6092,1.39,8.319,55.011,21.8794
17/07/2024 20:36:15.000,22.0307,32.6089,1.39,8.319,55.036,21.8796
17/07/2024 20:37:15.001,22.0315,32.6089,1.37,8.319,54.980,21.8793
17/07/2024 20:38:15.000,22.0314,32.6085,1.38,8.319,55.149,21.8799
17/07/2024 20:39:15.001,22.0322,32.6099,1.38,8.319,55.200,21.8796
17/07/2024 20:40:15.000,22.0329,32.6100,1.37,8.319,55.121,21.8803
17/07/2024 20:41:15.001,22.0319,32.6097,1.38,8.319,55.156,21.8796
17/07/2024 20:42:15.000,22.0320,32.6102,1.39,8.319,55.098,21.8807
17/07/2024 20:43:15.000,22.0336,32.6088,1.38,8.319,55.058,21.8812
17/07/2024 20:44:15.000,22.0335,32.6089,1.38,8.319,55.184,21.8808
17/07/2024 20:45:15.000,22.0344,32.6098,1.38,8.319,55.197,21.8814
17/07/2024 20:46:15.999,22.0348,32.6110,1.38,8.319,55.121,21.8816
17/07/2024 20:47:15.000,22.0359,32.6094,1.39,8.319,55.046,21.8818
17/07/2024 20:48:15.999,22.0351,32.6091,1.38,8.319,55.071,21.8817
17/07/2024 20:49:15.000,22.0341,32.6102,1.38,8.319,55.079,21.8823
17/07/2024 20:50:15.999,22.0336,32.6097,1.38,8.319,55.105,21.8822
17/07/2024 20:51:15.000,22.0319,32.6109,1.38,8.319,55.030,21.8828
17/07/2024 20:52:15.001,22.0306,32.6094,1.38,8.319,55.107,21.8824
17/07/2024 20:53:15.000,22.0284,32.6097,1.38,8.319,55.046,21.8830
17/07/2024 20:54:15.001,22.0253,32.6104,1.38,8.319,55.064,21.8824
17/07/2024 20:55:15.000,22.0238,32.6088,1.38,8.318,55.061,21.8830
17/07/2024 20:56:15.001,22.0233,32.6100,1.38,8.319,55.073,21.8830
17/07/2024 20:57:15.000,22.0225,32.6089,1.38,8.318,55.097,21.8833
17/07/2024 20:58:15.000,22.0199,32.6104,1.38,8.318,55.175,21.8837
17/07/2024 20:59:15.000,22.0176,32.6115,1.39,8.318,55.110,21.8836
17/07/2024 21:00:15.000,22.0176,32.6095,1.39,8.318,55.056,21.8833
17/07/2024 21:01:15.999,22.0169,32.6104,1.39,8.318,55.157,21.8836
17/07/2024 21:02:15.000,22.0167,32.6107,1.39,8.318,55.187,21.8839
17/07/2024 21:03:15.999,22.0155,32.6096,1.39,8.318,55.192,21.8835
17/07/2024 21:04:15.000,22.0156,32.6104,1.38,8.318,55.235,21.8842
17/07/2024 21:05:15.999,22.0149,32.6106,1.38,8.318,55.119,21.8831
17/07/2024 21:06:15.000,22.0139,32.6107,1.38,8.318,55.064,21.8840
17/07/2024 21:07:15.001,22.0142,32.6098,1.39,8.318,55.033,21.8841
17/07/2024 21:08:15.000,22.0139,32.6107,1.39,8.318,55.103,21.8840
17/07/2024 21:09:15.001,22.0135,32.6124,1.39,8.318,55.135,21.8848
17/07/2024 21:10:15.000,22.0132,32.6120,1.39,8.318,55.070,21.8842
17/07/2024 21:11:15.001,22.0143,32.6112,1.39,8.318,55.192,21.8853
17/07/2024 21:12:15.000,22.0157,32.6113,1.39,8.318,55.158,21.8846
17/07/2024 21:13:15.000,22.0173,32.6120,1.39,8.318,55.199,21.8850
17/07/2024 21:14:15.000,22.0178,32.6115,1.39,8.318,55.129,21.8851
17/07/2024 21:15:15.000,22.0198,32.6127,1.38,8.318,55.129,21.8856
17/07/2024 21:16:15.999,22.0211,32.6112,1.38,8.318,55.044,21.8854
17/07/2024 21:17:15.000,22.0218,32.6110,1.38,8.318,54.996,21.8854
17/07/2024 21:18:15.999,22.0220,32.6118,1.38,8.318,55.213,21.8855
17/07/2024 21:19:15.000,22.0233,32.6099,1.38,8.318,55.133,21.8857
17/07/2024 21:20:15.999,22.0237,32.6112,1.38,8.318,55.227,21.8857
17/07/2024 21:21:15.000,22.0256,32.6109,1.38,8.318,55.250,21.8861
17/07/2024 21:22:15.001,22.0253,32.6115,1.38,8.318,55.135,21.8859
17/07/2024 21:23:15.000,22.0251,32.6119,1.38,8.318,55.091,21.8861
17/07/2024 21:24:15.001,22.0251,32.6113,1.39,8.318,55.138,21.8866
17/07/2024 21:25:15.000,22.0263,32.6124,1.38,8.318,55.049,21.8872
17/07/2024 21:26:15.001,22.0268,32.6102,1.38,8.318,55.095,21.8865
17/07/2024 21:27:15.000,22.0273,32.6107,1.38,8.318,55.218,21.8867
17/07/2024 21:28:15.000,22.0276,32.6106,1.38,8.317,55.161,21.8874
17/07/2024 21:29:15.000,22.0270,32.6121,1.38,8.317,55.146,21.8865
17/07/2024 21:30:15.000,22.0266,32.6122,1.38,8.317,55.049,21.8869
17/07/2024 21:31:15.999,22.0271,32.6120,1.38,8.317,55.038,21.8876
17/07/2024 21:32:15.000,22.0284,32.6113,1.38,8.317,55.072,21.8874
17/07/2024 21:33:15.999,22.0276,32.6116,1.38,8.317,55.141,21.8881
17/07/2024 21:34:15.000,22.0275,32.6124,1.38,8.317,55.101,21.8877
17/07/2024 21:35:15.999,22.0269,32.6126,1.38,8.317,55.186,21.8881
17/07/2024 21:36:15.000,22.0281,32.6117,1.37,8.317,55.116,21.8887
17/07/2024 21:37:15.001,22.0282,32.6124,1.38,8.317,55.168,21.8889
17/07/2024 21:38:15.000,22.0291,32.6125,1.37,8.317,55.026,21.8887
17/07/2024 21:39:15.001,22.0289,32.6110,1.37,8.317,55.057,21.8886
17/07/2024 21:40:15.000,22.0294,32.6127,1.38,8.317,55.119,21.8893
17/07/2024 21:41:15.001,22.0287,32.6112,1.38,8.317,55.121,21.8890
17/07/2024 21:42:15.000,22.0287,32.6129,1.38,8.318,55.018,21.8894
17/07/2024 21:43:15.000,22.0277,32.6120,1.38,8.318,54.958,21.8894
17/07/2024 21:44:15.000,22.0275,32.6130,1.38,8.318,55.055,21.8897
17/07/2024 21:45:15.000,22.0281,32.6118,1.38,8.318,55.225,21.8897
17/07/2024 21:46:15.999,22.0279,32.6126,1.38,8.318,55.028,21.8894
17/07/2024 21:47:15.000,22.0287,32.6124,1.38,8.318,55.095,21.8900
17/07/2024 21:48:15.999,22.0291,32.6115,1.38,8.318,55.032,21.8901
17/07/2024 21:49:15.000,22.0278,32.6138,1.37,8.318,55.195,21.8904
17/07/2024 21:50:15.999,22.0289,32.6128,1.38,8.318,55.210,21.8899
17/07/2024 21:51:15.000,22.0288,32.6129,1.38,8.318,55.174,21.8901
17/07/2024 21:52:15.001,22.0284,32.6128,1.38,8.318,55.137,21.8905
17/07/2024 21:53:15.000,22.0283,32.6120,1.37,8.318,55.132,21.8888
17/07/2024 21:54:15.001,22.0292,32.6117,1.37,8.319,55.244,21.8908
17/07/2024 21:55:15.000,22.0297,32.6119,1.38,8.319,55.078,21.8912
17/07/2024 21:56:15.001,22.0295,32.6120,1.38,8.319,55.134,21.8911
17/07/2024 21:57:15.000,22.0285,32.6133,1.38,8.319,55.116,21.8912
17/07/2024 21:58:15.000,22.0291,32.6130,1.38,8.319,55.018,21.8911
17/07/2024 21:59:15.000,22.0284,32.6116,1.38,8.319,55.134,21.8916
17/07/2024 22:00:15.000,22.0280,32.6134,1.37,8.319,55.093,21.8915
17/07/2024 22:01:15.999,22.0282,32.6126,1.38,8.319,55.098,21.8924
17/07/2024 22:02:15.000,22.0283,32.6137,1.37,8.319,55.045,21.8901
17/07/2024 22:03:15.999,22.0293,32.6137,1.38,8.319,55.106,21.8912
17/07/2024 22:04:15.000,22.0295,32.6119,1.37,8.319,55.158,21.8915
17/07/2024 22:05:15.999,22.0283,32.6129,1.37,8.319,55.163,21.8919
17/07/2024 22:06:15.000,22.0275,32.6136,1.37,8.318,55.112,21.8924
17/07/2024 22:07:15.001,22.0281,32.6136,1.38,8.318,55.048,21.8921
17/07/2024 22:08:15.000,22.0292,32.6144,1.38,8.318,55.190,21.8924
17/07/2024 22:09:15.001,22.0291,32.6134,1.37,8.318,55.069,21.8942
17/07/2024 22:10:15.000,22.0305,32.6121,1.38,8.318,55.128,21.8923
17/07/2024 22:11:15.001,22.0299,32.6133,1.38,8.318,55.140,21.8926
17/07/2024 22:12:15.000,22.0305,32.6144,1.37,8.318,55.178,21.8925
17/07/2024 22:13:15.000,22.0300,32.6136,1.37,8.318,55.139,21.8936
17/07/2024 22:14:15.000,22.0306,32.6129,1.38,8.318,55.148,21.8931
17/07/2024 22:15:15.000,22.0302,32.6150,1.37,8.318,55.211,21.8934
17/07/2024 22:16:15.999,22.0295,32.6146,1.38,8.317,55.159,21.8935
17/07/2024 22:17:15.000,22.0309,32.6129,1.37,8.317,55.162,21.8940
17/07/2024 22:18:15.999,22.0290,32.6136,1.37,8.317,55.131,21.8950
17/07/2024 22:19:15.000,22.0295,32.6136,1.37,8.317,55.126,21.8940
17/07/2024 22:20:15.999,22.0296,32.6133,1.37,8.317,55.152,21.8940
17/07/2024 22:21:15.000,22.0296,32.6136,1.38,8.317,55.156,21.8944
17/07/2024 22:22:15.001,22.0298,32.6139,1.37,8.317,54.990,21.8937
17/07/2024 22:23:15.000,22.0299,32.6138,1.37,8.317,55.016,21.8934
17/07/2024 22:24:15.001,22.0293,32.6139,1.37,8.317,55.105,21.8943
17/07/2024 22:25:15.000,22.0298,32.6136,1.37,8.316,55.044,21.8941
17/07/2024 22:26:15.001,22.0299,32.6138,1.37,8.316,55.166,21.8947
17/07/2024 22:27:15.000,22.0293,32.6138,1.38,8.316,55.034,21.8944
17/07/2024 22:28:15.000,22.0297,32.6143,1.38,8.316,55.149,21.8943
17/07/2024 22:29:15.000,22.0299,32.6141,1.37,8.316,55.168,21.8943
17/07/2024 22:30:15.000,22.0298,32.6149,1.37,8.316,55.046,21.8949
17/07/2024 22:31:15.999,22.0294,32.6139,1.38,8.316,55.114,21.8947
17/07/2024 22:32:15.000,22.0298,32.6136,1.38,8.315,55.199,21.8946
17/07/2024 22:33:15.999,22.0295,32.6140,1.38,8.315,55.119,21.8952
17/07/2024 22:34:15.000,22.0286,32.6144,1.37,8.315,54.976,21.8965
17/07/2024 22:35:15.999,22.0295,32.6146,1.37,8.315,55.052,21.8951
17/07/2024 22:36:15.000,22.0300,32.6144,1.38,8.314,55.032,21.8950
17/07/2024 22:37:15.001,22.0297,32.6148,1.37,8.314,55.043,21.8948
17/07/2024 22:38:15.000,22.0292,32.6144,1.37,8.314,55.071,21.8949
17/07/2024 22:39:15.001,22.0288,32.6145,1.37,8.314,55.112,21.8954
17/07/2024 22:40:15.000,22.0293,32.6154,1.37,8.314,55.150,21.8943
17/07/2024 22:41:15.001,22.0294,32.6150,1.38,8.314,55.049,21.8973
17/07/2024 22:42:15.000,22.0297,32.6151,1.37,8.313,55.060,21.8948
17/07/2024 22:43:15.000,22.0298,32.6163,1.37,8.313,55.027,21.8950
17/07/2024 22:44:15.000,22.0305,32.6144,1.38,8.313,55.074,21.8956
17/07/2024 22:45:15.000,22.0303,32.6149,1.37,8.313,55.105,21.8948
17/07/2024 22:46:15.999,22.0306,32.6139,1.38,8.313,55.031,21.8955
17/07/2024 22:47:15.000,22.0294,32.6154,1.37,8.313,54.937,21.8959
17/07/2024 22:48:15.999,22.0291,32.6153,1.38,8.312,55.112,21.8955
17/07/2024 22:49:15.000,22.0299,32.6151,1.37,8.312,55.032,21.8960
17/07/2024 22:50:15.999,22.0297,32.6143,1.37,8.312,55.020,21.8959
17/07/2024 22:51:15.000,22.0293,32.6158,1.36,8.312,54.995,21.8964
17/07/2024 22:52:15.001,22.0287,32.6154,1.37,8.312,55.036,21.8964
17/07/2024 22:53:15.000,22.0283,32.6162,1.38,8.312,55.153,21.8962
17/07/2024 22:54:15.001,22.0294,32.6146,1.37,8.312,55.132,21.8960
17/07/2024 22:55:15.000,22.0294,32.6152,1.38,8.311,55.151,21.8956
17/07/2024 22:56:15.001,22.0278,32.6145,1.38,8.311,55.090,21.8961
17/07/2024 22:57:15.000,22.0278,32.6155,1.37,8.311,55.143,21.8965
17/07/2024 22:58:15.000,22.0276,32.6157,1.38,8.311,55.066,21.8961
17/07/2024 22:59:15.000,22.0282,32.6151,1.37,8.311,55.172,21.8960
17/07/2024 23:00:15.000,22.0274,32.6154,1.38,8.311,55.050,21.8957
17/07/2024 23:01:15.999,22.0271,32.6157,1.37,8.311,54.990,21.8970
17/07/2024 23:02:15.000,22.0276,32.6158,1.37,8.310,55.038,21.8982
17/07/2024 23:03:15.999,22.0274,32.6167,1.37,8.310,55.084,21.8990
17/07/2024 23:04:15.000,22.0270,32.6157,1.37,8.310,55.071,21.8970
17/07/2024 23:05:15.999,22.0269,32.6154,1.37,8.310,55.077,21.8972
17/07/2024 23:06:15.000,22.0266,32.6158,1.38,8.310,55.025,21.8977
17/07/2024 23:07:15.001,22.0264,32.6154,1.37,8.310,55.127,21.8967
17/07/2024 23:08:15.000,22.0269,32.6163,1.37,8.310,55.159,21.8965
17/07/2024 23:09:15.001,22.0269,32.6170,1.37,8.310,55.050,21.8966
17/07/2024 23:10:15.000,22.0271,32.6162,1.37,8.310,55.034,21.8947
17/07/2024 23:11:15.001,22.0274,32.6162,1.37,8.310,55.043,21.8956
17/07/2024 23:12:15.000,22.0271,32.6162,1.38,8.310,54.948,21.8974
17/07/2024 23:13:15.000,22.0262,32.6165,1.37,8.310,55.174,21.8960
17/07/2024 23:14:15.000,22.0262,32.6163,1.37,8.310,55.054,21.8976
17/07/2024 23:15:15.000,22.0270,32.6158,1.37,8.310,55.042,21.8959
17/07/2024 23:16:15.999,22.0270,32.6166,1.38,8.310,54.942,21.8955
17/07/2024 23:17:15.000,22.0272,32.6166,1.38,8.310,54.930,21.8977
17/07/2024 23:18:15.999,22.0260,32.6164,1.37,8.310,54.999,21.8989
17/07/2024 23:19:15.000,22.0262,32.6161,1.37,8.310,54.969,21.8992
17/07/2024 23:20:15.999,22.0273,32.6150,1.37,8.310,54.952,21.8991
17/07/2024 23:21:15.000,22.0273,32.6154,1.37,8.310,55.067,21.8992
17/07/2024 23:22:15.001,22.0261,32.6175,1.37,8.310,55.074,21.8996
17/07/2024 23:23:15.000,22.0262,32.6162,1.36,8.309,55.135,21.8996
17/07/2024 23:24:15.001,22.0257,32.6164,1.37,8.310,55.002,21.8991
17/07/2024 23:25:15.000,22.0256,32.6169,1.37,8.310,55.014,21.8989
17/07/2024 23:26:15.001,22.0261,32.6155,1.37,8.309,55.085,21.8990
17/07/2024 23:27:15.000,22.0259,32.6162,1.37,8.309,55.137,21.8991
17/07/2024 23:28:15.000,22.0250,32.6165,1.37,8.310,55.093,21.8991
17/07/2024 23:29:15.000,22.0251,32.6168,1.37,8.310,55.066,21.9000
17/07/2024 23:30:15.000,22.0244,32.6172,1.36,8.309,54.974,21.8988
17/07/2024 23:31:15.999,22.0245,32.6161,1.36,8.309,55.001,21.8998
17/07/2024 23:32:15.000,22.0240,32.6169,1.37,8.309,54.966,21.8993
17/07/2024 23:33:15.999,22.0238,32.6170,1.37,8.309,55.102,21.8998
17/07/2024 23:34:15.000,22.0242,32.6173,1.37,8.309,55.029,21.8995
17/07/2024 23:35:15.999,22.0237,32.6162,1.37,8.309,54.953,21.8994
17/07/2024 23:36:15.000,22.0240,32.6173,1.37,8.309,55.074,21.8998
17/07/2024 23:37:15.001,22.0231,32.6180,1.36,8.308,55.051,21.8992
17/07/2024 23:38:15.000,22.0236,32.6175,1.37,8.308,55.155,21.8993
17/07/2024 23:39:15.001,22.0234,32.6172,1.36,8.308,55.072,21.8992
17/07/2024 23:40:15.000,22.0222,32.6177,1.37,8.308,55.162,21.8991
17/07/2024 23:41:15.001,22.0227,32.6179,1.37,8.308,55.125,21.8995
17/07/2024 23:42:15.000,22.0233,32.6176,1.37,8.308,55.059,21.8992
17/07/2024 23:43:15.000,22.0238,32.6172,1.35,8.308,55.012,21.8991
17/07/2024 23:44:15.000,22.0240,32.6170,1.37,8.308,55.042,21.8991
17/07/2024 23:45:15.000,22.0232,32.6178,1.37,8.308,54.999,21.8996
17/07/2024 23:46:15.999,22.0221,32.6178,1.36,8.308,55.038,21.8991
17/07/2024 23:47:15.000,22.0229,32.6170,1.36,8.307,55.117,21.8994
17/07/2024 23:48:15.999,22.0201,32.6198,1.37,8.307,55.106,21.8997
17/07/2024 23:49:15.000,22.0216,32.6174,1.37,8.307,55.066,21.8994
17/07/2024 23:50:15.999,22.0213,32.6178,1.36,8.307,55.131,21.8992
17/07/2024 23:51:15.000,22.0215,32.6174,1.36,8.307,55.091,21.9011
17/07/2024 23:52:15.001,22.0205,32.6185,1.36,8.307,55.019,21.9017
17/07/2024 23:53:15.000,22.0211,32.6182,1.37,8.307,54.973,21.9009
17/07/2024 23:54:15.001,22.0195,32.6178,1.37,8.307,55.150,21.9010
17/07/2024 23:55:15.000,22.0200,32.6194,1.37,8.307,55.135,21.9013
17/07/2024 23:56:15.001,22.0198,32.6180,1.37,8.307,55.142,21.9009
17/07/2024 23:57:15.000,22.0194,32.6175,1.37,8.307,55.128,21.9010
17/07/2024 23:58:15.000,22.0186,32.6195,1.37,8.307,55.065,21.9008
17/07/2024 23:59:15.000,22.0188,32.6192,1.36,8.307,54.995,21.9011
18/07/2024 00:00:15.000,22.0179,32.6190,1.36,8.307,55.063,21.8993
18/07/2024 00:01:15.999,22.0179,32.6183,1.36,8.307,55.111,21.8991
18/07/2024 00:02:15.000,22.0166,32.6187,1.36,8.307,55.031,21.8987
18/07/2024 00:03:15.999,22.0167,32.6180,1.37,8.307,55.101,21.8999
18/07/2024 00:04:15.000,22.0173,32.6192,1.37,8.307,54.950,21.8987
18/07/2024 00:05:15.999,22.0172,32.6188,1.36,8.307,55.134,21.9003
18/07/2024 00:06:15.000,22.0172,32.6178,1.36,8.307,55.109,21.8983
18/07/2024 00:07:15.999,22.0172,32.6186,1.36,8.307,55.212,21.8994
18/07/2024 00:08:15.002,22.0161,32.6200,1.36,8.307,55.187,21.8985
18/07/2024 00:09:15.001,22.0158,32.6179,1.36,8.307,55.188,21.8994
18/07/2024 00:10:15.000,22.0160,32.6187,1.36,8.307,55.178,21.8985
18/07/2024 00:11:15.999,22.0148,32.6197,1.36,8.307,55.182,21.8982
18/07/2024 00:12:15.001,22.0144,32.6200,1.36,8.307,55.223,21.8979
18/07/2024 00:13:15.000,22.0151,32.6189,1.35,8.307,55.094,21.9000
18/07/2024 00:14:15.000,22.0149,32.6203,1.35,8.307,55.078,21.8981
18/07/2024 00:15:15.999,22.0150,32.6196,1.36,8.307,55.140,21.8992
18/07/2024 00:16:15.001,22.0147,32.6197,1.36,8.307,55.083,21.8982
18/07/2024 00:17:15.000,22.0145,32.6192,1.36,8.307,55.134,21.8995
18/07/2024 00:18:15.999,22.0138,32.6200,1.37,8.307,55.111,21.8981
18/07/2024 00:19:15.998,22.0134,32.6195,1.36,8.307,55.152,21.8981
18/07/2024 00:20:15.001,22.0138,32.6199,1.36,8.307,55.204,21.8972
18/07/2024 00:21:15.000,22.0128,32.6202,1.36,8.307,55.167,21.8981
18/07/2024 00:22:15.999,22.0128,32.6195,1.35,8.307,55.163,21.8990
18/07/2024 00:23:15.002,22.0126,32.6201,1.35,8.307,55.190,21.8981
18/07/2024 00:24:15.001,22.0123,32.6199,1.36,8.307,55.147,21.8991
18/07/2024 00:25:15.000,22.0116,32.6208,1.36,8.307,55.120,21.8992
18/07/2024 00:26:15.999,22.0125,32.6194,1.36,8.307,55.099,21.8991
18/07/2024 00:27:15.001,22.0127,32.6198,1.36,8.307,55.164,21.8974
18/07/2024 00:28:15.000,22.0108,32.6206,1.36,8.307,55.195,21.8967
18/07/2024 00:29:15.000,22.0107,32.6204,1.36,8.307,55.099,21.8975
18/07/2024 00:30:15.999,22.0106,32.6200,1.36,8.307,55.068,21.8973
18/07/2024 00:31:15.001,22.0105,32.6211,1.36,8.307,55.241,21.8970
18/07/2024 00:32:15.000,22.0104,32.6196,1.37,8.307,55.108,21.8989
18/07/2024 00:33:15.999,22.0093,32.6207,1.36,8.307,55.035,21.8957
18/07/2024 00:34:15.998,22.0090,32.6203,1.36,8.307,55.251,21.8969
18/07/2024 00:35:15.001,22.0078,32.6204,1.36,8.307,55.225,21.8978
18/07/2024 00:36:15.000,22.0086,32.6224,1.37,8.307,55.107,21.8966
18/07/2024 00:37:15.999,22.0089,32.6200,1.36,8.307,55.217,21.8962
18/07/2024 00:38:15.002,22.0087,32.6211,1.36,8.307,55.189,21.8958
18/07/2024 00:39:15.001,22.0076,32.6203,1.36,8.307,55.263,21.8951
18/07/2024 00:40:15.000,22.0070,32.6209,1.36,8.307,55.239,21.8965
18/07/2024 00:41:15.999,22.0068,32.6214,1.36,8.307,55.210,21.8964
18/07/2024 00:42:15.001,22.0081,32.6213,1.36,8.307,55.125,21.8955
18/07/2024 00:43:15.000,22.0079,32.6204,1.36,8.307,55.184,21.8959
18/07/2024 00:44:15.000,22.0071,32.6216,1.36,8.307,55.120,21.8959
18/07/2024 00:45:15.999,22.0060,32.6220,1.36,8.307,55.154,21.8955
18/07/2024 00:46:15.001,22.0046,32.6221,1.36,8.307,55.097,21.8955
18/07/2024 00:47:15.000,22.0044,32.6220,1.36,8.307,55.043,21.8953
18/07/2024 00:48:15.999,22.0051,32.6223,1.36,8.307,55.154,21.8950
18/07/2024 00:49:15.998,22.0047,32.6213,1.35,8.307,55.089,21.8942
18/07/2024 00:50:15.001,22.0038,32.6209,1.36,8.307,55.103,21.8965
18/07/2024 00:51:15.000,22.0041,32.6217,1.36,8.307,55.202,21.8951
18/07/2024 00:52:15.999,22.0031,32.6207,1.36,8.307,55.113,21.8956
18/07/2024 00:53:15.002,22.0035,32.6220,1.36,8.307,55.091,21.8967
18/07/2024 00:54:15.001,22.0046,32.6220,1.35,8.307,55.050,21.8950
18/07/2024 00:55:15.000,22.0041,32.6225,1.36,8.306,55.200,21.8951
18/07/2024 00:56:15.999,22.0041,32.6225,1.36,8.306,55.105,21.8951
18/07/2024 00:57:15.001,22.0034,32.6219,1.35,8.306,55.168,21.8952
18/07/2024 00:58:15.000,22.0025,32.6223,1.36,8.306,55.032,21.8947
18/07/2024 00:59:15.000,22.0027,32.6219,1.35,8.306,55.247,21.8938
18/07/2024 01:00:15.999,22.0022,32.6219,1.36,8.306,55.041,21.8941
18/07/2024 01:01:15.001,22.0026,32.6217,1.35,8.305,55.134,21.8941
18/07/2024 01:02:15.000,22.0015,32.6225,1.36,8.305,55.223,21.8942
18/07/2024 01:03:15.999,22.0022,32.6225,1.36,8.305,55.213,21.8947
18/07/2024 01:04:15.998,22.0018,32.6216,1.36,8.305,55.127,21.8946
18/07/2024 01:05:15.001,22.0013,32.6218,1.36,8.305,55.183,21.8939
18/07/2024 01:06:15.000,22.0005,32.6222,1.36,8.305,55.098,21.8939
18/07/2024 01:07:15.999,21.9997,32.6222,1.36,8.305,55.116,21.8936
18/07/2024 01:08:15.002,21.9997,32.6239,1.36,8.305,55.187,21.8952
18/07/2024 01:09:15.001,21.9998,32.6225,1.36,8.305,55.041,21.8938
18/07/2024 01:10:15.000,22.0001,32.6216,1.35,8.304,55.172,21.8935
18/07/2024 01:11:15.999,21.9991,32.6228,1.35,8.304,55.130,21.8935
18/07/2024 01:12:15.001,21.9991,32.6218,1.35,8.304,55.129,21.8936
18/07/2024 01:13:15.000,21.9984,32.6229,1.35,8.304,55.135,21.8936
18/07/2024 01:14:15.000,21.9992,32.6216,1.35,8.304,55.169,21.8919
18/07/2024 01:15:15.999,21.9982,32.6213,1.35,8.304,55.208,21.8926
18/07/2024 01:16:15.001,21.9968,32.6234,1.35,8.304,55.226,21.8927
18/07/2024 01:17:15.000,21.9970,32.6237,1.35,8.304,55.230,21.8934
18/07/2024 01:18:15.999,21.9981,32.6224,1.35,8.304,55.137,21.8927
18/07/2024 01:19:15.998,21.9972,32.6228,1.36,8.304,55.288,21.8933
18/07/2024 01:20:15.001,21.9967,32.6221,1.35,8.304,55.152,21.8918
18/07/2024 01:21:15.000,21.9961,32.6231,1.35,8.304,55.243,21.8917
18/07/2024 01:22:15.999,21.9957,32.6238,1.35,8.304,55.157,21.8916
18/07/2024 01:23:15.002,21.9969,32.6231,1.35,8.304,55.210,21.8919
18/07/2024 01:24:15.001,21.9961,32.6231,1.35,8.304,55.255,21.8917
18/07/2024 01:25:15.000,21.9943,32.6233,1.35,8.304,55.185,21.8907
18/07/2024 01:26:15.999,21.9945,32.6228,1.35,8.304,55.078,21.8903
18/07/2024 01:27:15.001,21.9948,32.6230,1.35,8.304,55.165,21.8918
18/07/2024 01:28:15.000,21.9942,32.6242,1.35,8.304,55.186,21.8923
18/07/2024 01:29:15.000,21.9942,32.6244,1.35,8.304,55.368,21.8913
18/07/2024 01:30:15.999,21.9945,32.6230,1.35,8.304,55.247,21.8905
18/07/2024 01:31:15.001,21.9929,32.6234,1.36,8.304,55.218,21.8902
18/07/2024 01:32:15.000,21.9937,32.6229,1.37,8.304,55.251,21.8908
18/07/2024 01:33:15.999,21.9925,32.6242,1.36,8.304,55.223,21.8907
18/07/2024 01:34:15.998,21.9934,32.6250,1.36,8.304,55.214,21.8919
18/07/2024 01:35:15.001,21.9924,32.6231,1.36,8.304,55.184,21.8902
18/07/2024 01:36:15.000,21.9927,32.6237,1.35,8.304,55.114,21.8919
18/07/2024 01:37:15.999,21.9925,32.6240,1.35,8.304,55.163,21.8903
18/07/2024 01:38:15.002,21.9921,32.6250,1.35,8.304,55.189,21.8900
18/07/2024 01:39:15.001,21.9922,32.6233,1.35,8.304,55.121,21.8911
18/07/2024 01:40:15.000,21.9918,32.6243,1.35,8.304,55.117,21.8901
18/07/2024 01:41:15.999,21.9908,32.6247,1.35,8.304,55.141,21.8896
18/07/2024 01:42:15.001,21.9911,32.6231,1.35,8.303,55.079,21.8891
18/07/2024 01:43:15.000,21.9911,32.6233,1.36,8.303,55.088,21.8895
18/07/2024 01:44:15.000,21.9900,32.6251,1.35,8.303,55.066,21.8892
18/07/2024 01:45:15.999,21.9917,32.6241,1.36,8.303,55.246,21.8879
18/07/2024 01:46:15.001,21.9902,32.6242,1.36,8.303,55.145,21.8895
18/07/2024 01:47:15.000,21.9902,32.6231,1.36,8.303,55.068,21.8890
18/07/2024 01:48:15.999,21.9892,32.6244,1.36,8.303,55.053,21.8893
18/07/2024 01:49:15.998,21.9897,32.6245,1.36,8.303,55.034,21.8899
18/07/2024 01:50:15.001,21.9902,32.6242,1.36,8.303,55.246,21.8897
18/07/2024 01:51:15.000,21.9893,32.6248,1.36,8.303,55.115,21.8895
18/07/2024 01:52:15.999,21.9891,32.6250,1.35,8.303,55.119,21.8894
18/07/2024 01:53:15.002,21.9881,32.6259,1.36,8.303,55.186,21.8891
18/07/2024 01:54:15.001,21.9884,32.6264,1.36,8.303,55.153,21.8872
18/07/2024 01:55:15.000,21.9899,32.6259,1.36,8.303,55.091,21.8876
18/07/2024 01:56:15.999,21.9911,32.6237,1.36,8.303,55.179,21.8861
18/07/2024 01:57:15.001,21.9894,32.6236,1.36,8.303,55.083,21.8864
18/07/2024 01:58:15.000,21.9897,32.6245,1.36,8.303,55.139,21.8883
18/07/2024 01:59:15.000,21.9894,32.6240,1.36,8.303,55.135,21.8882
18/07/2024 02:00:15.999,21.9885,32.6247,1.36,8.303,55.147,21.8871
18/07/2024 02:01:15.001,21.9883,32.6255,1.36,8.303,55.162,21.8869
18/07/2024 02:02:15.000,21.9873,32.6258,1.36,8.303,55.165,21.8876
18/07/2024 02:03:15.999,21.9873,32.6267,1.36,8.303,55.119,21.8883
18/07/2024 02:04:15.998,21.9873,32.6248,1.36,8.303,55.145,21.8879
18/07/2024 02:05:15.001,21.9880,32.6253,1.36,8.303,55.290,21.8868
18/07/2024 02:06:15.000,21.9872,32.6254,1.36,8.303,55.190,21.8877
18/07/2024 02:07:15.999,21.9866,32.6250,1.36,8.303,55.289,21.8858
18/07/2024 02:08:15.002,21.9864,32.6268,1.36,8.303,55.133,21.8843
18/07/2024 02:09:15.001,21.9862,32.6260,1.37,8.303,55.289,21.8845
18/07/2024 02:10:15.000,21.9858,32.6264,1.37,8.303,55.161,21.8847
18/07/2024 02:11:15.999,21.9871,32.6240,1.36,8.303,55.065,21.8849
18/07/2024 02:12:15.001,21.9856,32.6257,1.36,8.303,55.163,21.8841
18/07/2024 02:13:15.000,21.9862,32.6260,1.36,8.303,55.260,21.8834
18/07/2024 02:14:15.000,21.9867,32.6254,1.36,8.303,55.203,21.8825
18/07/2024 02:15:15.999,21.9868,32.6253,1.36,8.303,55.294,21.8842
18/07/2024 02:16:15.001,21.9860,32.6264,1.36,8.303,55.068,21.8834
18/07/2024 02:17:15.000,21.9858,32.6263,1.36,8.303,55.135,21.8839
18/07/2024 02:18:15.999,21.9870,32.6253,1.36,8.303,55.164,21.8853
18/07/2024 02:19:15.998,21.9856,32.6253,1.36,8.303,55.194,21.8854
18/07/2024 02:20:15.001,21.9858,32.6263,1.36,8.303,55.108,21.8846
18/07/2024 02:21:15.000,21.9869,32.6259,1.36,8.303,55.094,21.8846
18/07/2024 02:22:15.999,21.9862,32.6267,1.36,8.303,55.197,21.8842
18/07/2024 02:23:15.002,21.9856,32.6266,1.37,8.303,55.201,21.8840
18/07/2024 02:24:15.001,21.9867,32.6262,1.36,8.303,55.343,21.8836
18/07/2024 02:25:15.000,21.9862,32.6273,1.35,8.303,55.263,21.8837
18/07/2024 02:26:15.999,21.9866,32.6257,1.36,8.303,55.196,21.8830
18/07/2024 02:27:15.001,21.9860,32.6261,1.36,8.302,55.180,21.8839
18/07/2024 02:28:15.000,21.9840,32.6272,1.36,8.302,55.223,21.8839
18/07/2024 02:29:15.000,21.9843,32.6264,1.36,8.302,55.112,21.8832
18/07/2024 02:30:15.999,21.9839,32.6269,1.36,8.302,55.253,21.8847
18/07/2024 02:31:15.001,21.9854,32.6270,1.36,8.302,55.202,21.8836
18/07/2024 02:32:15.000,21.9842,32.6259,1.36,8.302,55.120,21.8837
18/07/2024 02:33:15.999,21.9844,32.6280,1.36,8.302,55.275,21.8833
18/07/2024 02:34:15.998,21.9849,32.6256,1.36,8.302,55.064,21.8834
18/07/2024 02:35:15.001,21.9841,32.6268,1.36,8.302,55.211,21.8827
18/07/2024 02:36:15.000,21.9848,32.6264,1.36,8.302,55.249,21.8845
18/07/2024 02:37:15.999,21.9842,32.6271,1.36,8.302,55.191,21.8832
18/07/2024 02:38:15.002,21.9854,32.6253,1.35,8.302,55.150,21.8831
18/07/2024 02:39:15.001,21.9842,32.6264,1.36,8.302,55.159,21.8824
18/07/2024 02:40:15.000,21.9839,32.6267,1.36,8.302,55.103,21.8816
18/07/2024 02:41:15.999,21.9824,32.6274,1.36,8.302,55.139,21.8823
18/07/2024 02:42:15.001,21.9834,32.6272,1.36,8.302,55.158,21.8822
18/07/2024 02:43:15.000,21.9840,32.6278,1.36,8.301,55.218,21.8823
18/07/2024 02:44:15.000,21.9834,32.6275,1.36,8.301,55.213,21.8824
18/07/2024 02:45:15.999,21.9833,32.6269,1.36,8.301,55.163,21.8812
18/07/2024 02:46:15.001,21.9833,32.6268,1.36,8.301,55.300,21.8818
18/07/2024 02:47:15.000,21.9824,32.6276,1.35,8.301,55.176,21.8818
18/07/2024 02:48:15.999,21.9812,32.6287,1.36,8.301,55.171,21.8814
18/07/2024 02:49:15.998,21.9822,32.6268,1.35,8.301,55.134,21.8813
18/07/2024 02:50:15.001,21.9817,32.6274,1.37,8.302,55.181,21.8801
18/07/2024 02:51:15.000,21.9812,32.6276,1.35,8.301,55.260,21.8809
18/07/2024 02:52:15.999,21.9810,32.6277,1.36,8.301,55.162,21.8813
18/07/2024 02:53:15.002,21.9808,32.6277,1.35,8.301,55.186,21.8814
18/07/2024 02:54:15.001,21.9809,32.6279,1.37,8.301,55.217,21.8818
18/07/2024 02:55:15.000,21.9805,32.6282,1.36,8.301,55.191,21.8813
18/07/2024 02:56:15.999,21.9802,32.6282,1.36,8.301,55.196,21.8812
18/07/2024 02:57:15.001,21.9803,32.6280,1.36,8.301,55.202,21.8807
18/07/2024 02:58:15.000,21.9803,32.6280,1.36,8.301,55.141,21.8806
18/07/2024 02:59:15.000,21.9809,32.6271,1.35,8.301,55.097,21.8806
18/07/2024 03:00:15.999,21.9797,32.6283,1.36,8.301,55.191,21.8806
18/07/2024 03:01:15.001,21.9803,32.6282,1.35,8.301,55.190,21.8794
18/07/2024 03:02:15.000,21.9809,32.6286,1.35,8.301,55.219,21.8809
18/07/2024 03:03:15.999,21.9802,32.6282,1.37,8.301,55.214,21.8799
18/07/2024 03:04:15.998,21.9786,32.6286,1.36,8.301,55.210,21.8801
18/07/2024 03:05:15.001,21.9793,32.6280,1.36,8.301,55.175,21.8800
18/07/2024 03:06:15.000,21.9796,32.6283,1.36,8.301,55.172,21.8794
18/07/2024 03:07:15.999,21.9799,32.6281,1.36,8.301,55.198,21.8796
18/07/2024 03:08:15.002,21.9795,32.6285,1.37,8.301,55.237,21.8791
18/07/2024 03:09:15.001,21.9802,32.6282,1.36,8.301,55.232,21.8796
18/07/2024 03:10:15.000,21.9799,32.6276,1.37,8.301,55.311,21.8787
18/07/2024 03:11:15.999,21.9789,32.6279,1.36,8.301,55.181,21.8784
18/07/2024 03:12:15.001,21.9789,32.6295,1.36,8.301,55.165,21.8790
18/07/2024 03:13:15.000,21.9790,32.6285,1.34,8.301,55.193,21.8792
18/07/2024 03:14:15.000,21.9791,32.6286,1.37,8.301,55.199,21.8793
18/07/2024 03:15:15.999,21.9798,32.6278,1.36,8.301,55.147,21.8788
18/07/2024 03:16:15.001,21.9800,32.6285,1.37,8.301,55.239,21.8784
18/07/2024 03:17:15.000,21.9783,32.6288,1.37,8.301,55.206,21.8790
18/07/2024 03:18:15.999,21.9798,32.6287,1.36,8.301,55.118,21.8787
18/07/2024 03:19:15.998,21.9787,32.6282,1.38,8.301,55.223,21.8791
18/07/2024 03:20:15.001,21.9792,32.6292,1.37,8.301,55.279,21.8785
18/07/2024 03:21:15.000,21.9786,32.6281,1.36,8.301,55.316,21.8772
18/07/2024 03:22:15.999,21.9788,32.6282,1.36,8.301,55.250,21.8780
18/07/2024 03:23:15.002,21.9770,32.6298,1.37,8.301,55.145,21.8780
18/07/2024 03:24:15.001,21.9782,32.6288,1.37,8.301,55.251,21.8780
18/07/2024 03:25:15.000,21.9777,32.6286,1.37,8.301,55.196,21.8771
18/07/2024 03:26:15.999,21.9779,32.6294,1.36,8.301,55.234,21.8779
18/07/2024 03:27:15.001,21.9770,32.6290,1.36,8.301,55.229,21.8765
18/07/2024 03:28:15.000,21.9771,32.6303,1.38,8.301,55.340,21.8780
18/07/2024 03:29:15.000,21.9771,32.6298,1.37,8.301,55.251,21.8771
18/07/2024 03:30:15.999,21.9763,32.6303,1.36,8.300,55.268,21.8765
18/07/2024 03:31:15.001,21.9778,32.6291,1.37,8.301,55.344,21.8782
18/07/2024 03:32:15.000,21.9780,32.6292,1.37,8.301,55.283,21.8784
18/07/2024 03:33:15.999,21.9778,32.6303,1.36,8.301,55.327,21.8783
18/07/2024 03:34:15.998,21.9759,32.6301,1.37,8.301,55.172,21.8787
18/07/2024 03:35:15.001,21.9768,32.6290,1.38,8.301,55.349,21.8766
18/07/2024 03:36:15.000,21.9754,32.6302,1.36,8.301,55.194,21.8758
18/07/2024 03:37:15.999,21.9760,32.6292,1.36,8.301,55.246,21.8757
18/07/2024 03:38:15.002,21.9753,32.6306,1.36,8.301,55.372,21.8754
18/07/2024 03:39:15.001,21.9759,32.6297,1.36,8.301,55.245,21.8759
18/07/2024 03:40:15.000,21.9754,32.6291,1.36,8.301,55.254,21.8777
18/07/2024 03:41:15.999,21.9750,32.6294,1.36,8.301,55.251,21.8764
18/07/2024 03:42:15.001,21.9740,32.6296,1.36,8.301,55.196,21.8759
18/07/2024 03:43:15.000,21.9738,32.6304,1.36,8.301,55.302,21.8762
18/07/2024 03:44:15.000,21.9729,32.6305,1.36,8.301,55.249,21.8762
18/07/2024 03:45:15.999,21.9732,32.6302,1.36,8.301,55.217,21.8759
18/07/2024 03:46:15.001,21.9733,32.6318,1.37,8.301,55.143,21.8764
18/07/2024 03:47:15.000,21.9743,32.6300,1.36,8.301,54.985,21.8763
18/07/2024 03:48:15.999,21.9731,32.6288,1.36,8.301,55.151,21.8763
18/07/2024 03:49:15.998,21.9732,32.6295,1.36,8.301,55.177,21.8751
18/07/2024 03:50:15.001,21.9719,32.6314,1.38,8.301,55.199,21.8753
18/07/2024 03:51:15.000,21.9739,32.6303,1.37,8.301,55.107,21.8757
18/07/2024 03:52:15.999,21.9755,32.6304,1.37,8.301,55.206,21.8752
18/07/2024 03:53:15.002,21.9743,32.6308,1.36,8.301,55.349,21.8749
18/07/2024 03:54:15.001,21.9738,32.6313,1.36,8.301,55.161,21.8747
18/07/2024 03:55:15.000,21.9735,32.6302,1.37,8.301,55.204,21.8747
18/07/2024 03:56:15.999,21.9731,32.6314,1.37,8.301,55.206,21.8747
18/07/2024 03:57:15.001,21.9720,32.6312,1.36,8.301,55.185,21.8730
18/07/2024 03:58:15.000,21.9711,32.6321,1.38,8.301,55.148,21.8739
18/07/2024 03:59:15.000,21.9724,32.6303,1.37,8.301,55.166,21.8737
18/07/2024 04:00:15.999,21.9725,32.6299,1.37,8.301,54.996,21.8747
18/07/2024 04:01:15.001,21.9717,32.6310,1.38,8.301,55.103,21.8742
18/07/2024 04:02:15.000,21.9716,32.6297,1.38,8.301,55.171,21.8743
18/07/2024 04:03:15.999,21.9704,32.6325,1.39,8.301,55.021,21.8743
18/07/2024 04:04:15.998,21.9714,32.6325,1.37,8.301,55.123,21.8739
18/07/2024 04:05:15.001,21.9723,32.6308,1.38,8.301,55.140,21.8738
18/07/2024 04:06:15.000,21.9724,32.6310,1.37,8.301,55.175,21.8736
18/07/2024 04:07:15.999,21.9725,32.6314,1.37,8.301,55.039,21.8752
18/07/2024 04:08:15.002,21.9724,32.6311,1.36,8.301,55.194,21.8740
18/07/2024 04:09:15.001,21.9723,32.6307,1.35,8.301,55.055,21.8730
18/07/2024 04:10:15.000,21.9719,32.6321,1.37,8.301,55.102,21.8735
18/07/2024 04:11:15.999,21.9720,32.6306,1.38,8.301,55.109,21.8750
18/07/2024 04:12:15.001,21.9711,32.6320,1.37,8.301,55.139,21.8742
18/07/2024 04:13:15.000,21.9705,32.6319,1.37,8.301,55.147,21.8729
18/07/2024 04:14:15.000,21.9701,32.6314,1.37,8.301,55.213,21.8727
18/07/2024 04:15:15.999,21.9699,32.6315,1.38,8.301,55.078,21.8728
18/07/2024 04:16:15.001,21.9700,32.6320,1.38,8.301,55.159,21.8730
18/07/2024 04:17:15.000,21.9709,32.6300,1.37,8.300,55.130,21.8723
18/07/2024 04:18:15.999,21.9690,32.6329,1.38,8.300,55.025,21.8721
18/07/2024 04:19:15.998,21.9697,32.6319,1.37,8.300,55.133,21.8724
18/07/2024 04:20:15.001,21.9676,32.6321,1.38,8.300,55.101,21.8723
18/07/2024 04:21:15.000,21.9689,32.6325,1.38,8.300,55.030,21.8727
18/07/2024 04:22:15.999,21.9692,32.6316,1.38,8.300,55.162,21.8720
18/07/2024 04:23:15.002,21.9692,32.6319,1.37,8.300,55.059,21.8715
18/07/2024 04:24:15.001,21.9685,32.6323,1.38,8.300,55.153,21.8708
18/07/2024 04:25:15.000,21.9692,32.6316,1.38,8.300,55.046,21.8717
18/07/2024 04:26:15.999,21.9687,32.6309,1.38,8.300,55.094,21.8726
18/07/2024 04:27:15.001,21.9690,32.6322,1.39,8.300,55.088,21.8720
18/07/2024 04:28:15.000,21.9681,32.6328,1.39,8.300,55.164,21.8713
18/07/2024 04:29:15.000,21.9682,32.6325,1.38,8.300,55.069,21.8714
18/07/2024 04:30:15.999,21.9696,32.6307,1.38,8.300,55.061,21.8711
18/07/2024 04:31:15.001,21.9687,32.6315,1.38,8.300,55.147,21.8715
18/07/2024 04:32:15.000,21.9674,32.6326,1.39,8.300,55.124,21.8711
18/07/2024 04:33:15.999,21.9678,32.6325,1.38,8.300,55.089,21.8703
18/07/2024 04:34:15.998,21.9678,32.6323,1.39,8.300,55.074,21.8699
18/07/2024 04:35:15.001,21.9678,32.6337,1.38,8.300,55.135,21.8722
18/07/2024 04:36:15.000,21.9684,32.6319,1.38,8.300,55.197,21.8722
18/07/2024 04:37:15.999,21.9675,32.6326,1.38,8.300,55.190,21.8706
18/07/2024 04:38:15.002,21.9666,32.6317,1.37,8.300,55.089,21.8705
18/07/2024 04:39:15.001,21.9661,32.6325,1.38,8.300,55.082,21.8704
18/07/2024 04:40:15.000,21.9653,32.6327,1.37,8.300,55.212,21.8701
18/07/2024 04:41:15.999,21.9654,32.6342,1.38,8.300,55.122,21.8702
18/07/2024 04:42:15.001,21.9671,32.6332,1.38,8.300,55.077,21.8698
18/07/2024 04:43:15.000,21.9662,32.6324,1.38,8.300,55.099,21.8703
18/07/2024 04:44:15.000,21.9656,32.6338,1.38,8.299,55.098,21.8685
18/07/2024 04:45:15.999,21.9654,32.6329,1.38,8.299,55.124,21.8691
18/07/2024 04:46:15.001,21.9667,32.6333,1.38,8.299,55.132,21.8692
18/07/2024 04:47:15.000,21.9661,32.6325,1.38,8.299,55.122,21.8718
18/07/2024 04:48:15.999,21.9652,32.6337,1.38,8.299,55.252,21.8709
18/07/2024 04:49:15.998,21.9653,32.6339,1.38,8.299,55.229,21.8690
18/07/2024 04:50:15.001,21.9663,32.6316,1.37,8.299,55.237,21.8688
18/07/2024 04:51:15.000,21.9653,32.6326,1.37,8.299,55.229,21.8698
18/07/2024 04:52:15.999,21.9651,32.6330,1.37,8.299,55.211,21.8694
18/07/2024 04:53:15.002,21.9650,32.6337,1.37,8.299,55.338,21.8704
18/07/2024 04:54:15.001,21.9656,32.6346,1.38,8.299,55.238,21.8702
18/07/2024 04:55:15.000,21.9667,32.6332,1.38,8.299,55.113,21.8699
18/07/2024 04:56:15.999,21.9660,32.6330,1.38,8.299,55.222,21.8706
18/07/2024 04:57:15.001,21.9650,32.6347,1.36,8.299,55.196,21.8693
18/07/2024 04:58:15.000,21.9647,32.6351,1.38,8.299,55.155,21.8697
18/07/2024 04:59:15.000,21.9650,32.6333,1.38,8.299,55.098,21.8687
18/07/2024 05:00:15.999,21.9642,32.6331,1.38,8.299,55.243,21.8674
18/07/2024 05:01:15.001,21.9635,32.6356,1.38,8.299,55.073,21.8702
18/07/2024 05:02:15.000,21.9638,32.6331,1.38,8.299,55.020,21.8699
18/07/2024 05:03:15.999,21.9639,32.6342,1.38,8.299,55.036,21.8690
18/07/2024 05:04:15.998,21.9639,32.6329,1.37,8.299,55.286,21.8686
18/07/2024 05:05:15.001,21.9639,32.6325,1.37,8.299,55.089,21.8681
18/07/2024 05:06:15.000,21.9645,32.6320,1.38,8.299,55.150,21.8692
18/07/2024 05:07:15.999,21.9630,32.6342,1.38,8.299,55.195,21.8669
18/07/2024 05:08:15.002,21.9634,32.6332,1.38,8.299,55.010,21.8667
18/07/2024 05:09:15.001,21.9631,32.6331,1.38,8.299,55.019,21.8667
18/07/2024 05:10:15.000,21.9629,32.6339,1.37,8.299,55.026,21.8654
18/07/2024 05:11:15.999,21.9638,32.6348,1.37,8.299,55.056,21.8649
18/07/2024 05:12:15.001,21.9629,32.6353,1.37,8.299,55.026,21.8663
18/07/2024 05:13:15.000,21.9626,32.6351,1.38,8.299,55.172,21.8655
18/07/2024 05:14:15.000,21.9635,32.6348,1.38,8.299,55.063,21.8654
18/07/2024 05:15:15.999,21.9638,32.6332,1.38,8.299,55.194,21.8654
18/07/2024 05:16:15.001,21.9629,32.6334,1.37,8.299,55.239,21.8654
18/07/2024 05:17:15.000,21.9614,32.6351,1.37,8.299,55.129,21.8656
18/07/2024 05:18:15.999,21.9625,32.6343,1.38,8.299,55.214,21.8676
18/07/2024 05:19:15.998,21.9614,32.6343,1.38,8.299,55.161,21.8664
18/07/2024 05:20:15.001,21.9634,32.6337,1.38,8.299,55.156,21.8652
18/07/2024 05:21:15.000,21.9613,32.6339,1.38,8.299,55.168,21.8652
18/07/2024 05:22:15.999,21.9615,32.6343,1.38,8.299,55.175,21.8668
18/07/2024 05:23:15.002,21.9614,32.6336,1.38,8.299,55.154,21.8660
18/07/2024 05:24:15.001,21.9618,32.6360,1.38,8.299,55.196,21.8673
18/07/2024 05:25:15.000,21.9619,32.6337,1.37,8.299,55.252,21.8661
18/07/2024 05:26:15.999,21.9614,32.6353,1.37,8.299,55.195,21.8655
18/07/2024 05:27:15.001,21.9612,32.6350,1.37,8.299,55.192,21.8662
18/07/2024 05:28:15.000,21.9618,32.6343,1.37,8.299,55.226,21.8671
18/07/2024 05:29:15.000,21.9605,32.6347,1.37,8.299,55.228,21.8659
18/07/2024 05:30:15.999,21.9599,32.6352,1.37,8.299,55.260,21.8657
18/07/2024 05:31:15.001,21.9602,32.6352,1.37,8.300,55.170,21.8642
18/07/2024 05:32:15.000,21.9608,32.6354,1.38,8.300,55.222,21.8637
18/07/2024 05:33:15.999,21.9602,32.6355,1.37,8.300,55.159,21.8642
18/07/2024 05:34:15.998,21.9609,32.6354,1.37,8.300,55.204,21.8644
18/07/2024 05:35:15.001,21.9603,32.6358,1.37,8.300,55.176,21.8641
18/07/2024 05:36:15.000,21.9609,32.6344,1.38,8.300,55.265,21.8652
18/07/2024 05:37:15.999,21.9603,32.6366,1.37,8.300,55.209,21.8658
18/07/2024 05:38:15.002,21.9619,32.6342,1.38,8.299,55.124,21.8658
18/07/2024 05:39:15.001,21.9599,32.6355,1.38,8.299,55.310,21.8658
18/07/2024 05:40:15.000,21.9598,32.6360,1.37,8.299,55.256,21.8657
18/07/2024 05:41:15.999,21.9604,32.6353,1.38,8.299,55.205,21.8633
18/07/2024 05:42:15.001,21.9601,32.6355,1.37,8.299,55.201,21.8651
18/07/2024 05:43:15.000,21.9608,32.6367,1.38,8.299,55.171,21.8651
18/07/2024 05:44:15.000,21.9605,32.6360,1.37,8.299,55.133,21.8651
18/07/2024 05:45:15.999,21.9598,32.6343,1.39,8.299,55.133,21.8638
18/07/2024 05:46:15.001,21.9600,32.6350,1.37,8.299,55.112,21.8640
18/07/2024 05:47:15.000,21.9598,32.6358,1.38,8.299,55.159,21.8624
18/07/2024 05:48:15.999,21.9602,32.6357,1.37,8.299,55.276,21.8651
18/07/2024 05:49:15.998,21.9599,32.6354,1.38,8.299,55.202,21.8633
18/07/2024 05:50:15.001,21.9591,32.6361,1.37,8.299,55.100,21.8634
18/07/2024 05:51:15.000,21.9589,32.6356,1.37,8.299,55.103,21.8634
18/07/2024 05:52:15.999,21.9584,32.6354,1.37,8.299,55.237,21.8629
18/07/2024 05:53:15.002,21.9590,32.6361,1.37,8.299,55.108,21.8630
18/07/2024 05:54:15.001,21.9599,32.6357,1.38,8.299,55.148,21.8628
18/07/2024 05:55:15.000,21.9587,32.6368,1.38,8.299,55.126,21.8624
18/07/2024 05:56:15.999,21.9592,32.6359,1.38,8.299,55.086,21.8637
18/07/2024 05:57:15.001,21.9594,32.6361,1.38,8.299,55.157,21.8620
18/07/2024 05:58:15.000,21.9598,32.6354,1.37,8.299,55.261,21.8619
18/07/2024 05:59:15.000,21.9580,32.6368,1.38,8.299,55.240,21.8631
18/07/2024 06:00:15.999,21.9583,32.6363,1.38,8.299,55.153,21.8631
18/07/2024 06:01:15.001,21.9584,32.6365,1.38,8.299,55.166,21.8626
18/07/2024 06:02:15.000,21.9590,32.6359,1.38,8.299,55.176,21.8628
18/07/2024 06:03:15.999,21.9589,32.6352,1.37,8.298,55.227,21.8632
18/07/2024 06:04:15.998,21.9582,32.6365,1.37,8.299,55.164,21.8630
18/07/2024 06:05:15.001,21.9586,32.6357,1.37,8.298,55.172,21.8636
18/07/2024 06:06:15.000,21.9590,32.6356,1.38,8.298,55.162,21.8616
18/07/2024 06:07:15.999,21.9580,32.6373,1.37,8.298,55.190,21.8607
18/07/2024 06:08:15.002,21.9585,32.6376,1.37,8.298,55.088,21.8645
18/07/2024 06:09:15.001,21.9576,32.6365,1.36,8.298,55.150,21.8635
18/07/2024 06:10:15.000,21.9574,32.6361,1.37,8.298,55.153,21.8619
18/07/2024 06:11:15.999,21.9585,32.6356,1.37,8.298,55.179,21.8620
18/07/2024 06:12:15.001,21.9589,32.6374,1.37,8.297,55.199,21.8619
18/07/2024 06:13:15.000,21.9584,32.6376,1.38,8.297,55.189,21.8622
18/07/2024 06:14:15.000,21.9580,32.6374,1.36,8.297,55.278,21.8623
18/07/2024 06:15:15.999,21.9591,32.6362,1.37,8.297,55.172,21.8618
18/07/2024 06:16:15.001,21.9582,32.6370,1.36,8.297,55.214,21.8608
18/07/2024 06:17:15.000,21.9576,32.6355,1.37,8.297,55.151,21.8594
18/07/2024 06:18:15.999,21.9579,32.6376,1.39,8.297,55.117,21.8625
18/07/2024 06:19:15.998,21.9585,32.6371,1.37,8.297,55.268,21.8613
18/07/2024 06:20:15.001,21.9592,32.6370,1.37,8.297,55.183,21.8609
18/07/2024 06:21:15.000,21.9589,32.6363,1.37,8.297,55.171,21.8603
18/07/2024 06:22:15.999,21.9584,32.6373,1.38,8.297,55.157,21.8610
18/07/2024 06:23:15.002,21.9593,32.6370,1.37,8.297,55.062,21.8602
18/07/2024 06:24:15.001,21.9583,32.6374,1.38,8.296,55.125,21.8606
18/07/2024 06:25:15.000,21.9588,32.6381,1.38,8.296,55.071,21.8601
18/07/2024 06:26:15.999,21.9583,32.6375,1.38,8.296,55.126,21.8596
18/07/2024 06:27:15.001,21.9584,32.6368,1.37,8.296,55.150,21.8610
18/07/2024 06:28:15.000,21.9584,32.6364,1.37,8.296,55.164,21.8608
18/07/2024 06:29:15.000,21.9579,32.6372,1.37,8.296,55.113,21.8606
18/07/2024 06:30:15.999,21.9582,32.6374,1.38,8.296,55.198,21.8599
18/07/2024 06:31:15.001,21.9598,32.6356,1.37,8.296,55.150,21.8608
18/07/2024 06:32:15.000,21.9586,32.6356,1.38,8.296,55.125,21.8609
18/07/2024 06:33:15.999,21.9573,32.6366,1.38,8.296,55.194,21.8601
18/07/2024 06:34:15.998,21.9580,32.6369,1.37,8.296,55.109,21.8600
18/07/2024 06:35:15.001,21.9582,32.6373,1.37,8.296,55.118,21.8599
18/07/2024 06:36:15.000,21.9581,32.6390,1.37,8.296,54.986,21.8602
18/07/2024 06:37:15.999,21.9586,32.6357,1.37,8.296,55.035,21.8606
18/07/2024 06:38:15.002,21.9585,32.6374,1.38,8.296,55.200,21.8608
18/07/2024 06:39:15.001,21.9587,32.6370,1.37,8.295,55.035,21.8608
18/07/2024 06:40:15.000,21.9576,32.6370,1.39,8.295,55.072,21.8614
18/07/2024 06:41:15.999,21.9574,32.6385,1.37,8.295,55.197,21.8610
18/07/2024 06:42:15.001,21.9589,32.6373,1.38,8.295,55.166,21.8606
18/07/2024 06:43:15.000,21.9582,32.6380,1.37,8.295,55.146,21.8611
18/07/2024 06:44:15.000,21.9595,32.6386,1.37,8.295,55.243,21.8600
18/07/2024 06:45:15.999,21.9586,32.6370,1.37,8.295,55.036,21.8601
18/07/2024 06:46:15.001,21.9583,32.6386,1.37,8.295,55.080,21.8600
18/07/2024 06:47:15.000,21.9581,32.6380,1.38,8.295,55.069,21.8603
18/07/2024 06:48:15.999,21.9580,32.6381,1.37,8.295,55.167,21.8609
18/07/2024 06:49:15.998,21.9579,32.6372,1.38,8.295,55.250,21.8607
18/07/2024 06:50:15.001,21.9583,32.6370,1.37,8.295,55.311,21.8612
18/07/2024 06:51:15.000,21.9578,32.6379,1.37,8.295,55.155,21.8605
18/07/2024 06:52:15.999,21.9595,32.6376,1.38,8.295,55.160,21.8619
18/07/2024 06:53:15.002,21.9592,32.6370,1.37,8.295,55.218,21.8609
18/07/2024 06:54:15.001,21.9596,32.6360,1.37,8.295,55.262,21.8609
18/07/2024 06:55:15.000,21.9579,32.6393,1.37,8.295,55.346,21.8604
18/07/2024 06:56:15.999,21.9597,32.6378,1.36,8.295,55.180,21.8608
18/07/2024 06:57:15.001,21.9597,32.6377,1.38,8.295,55.168,21.8610
18/07/2024 06:58:15.000,21.9588,32.6386,1.38,8.295,55.116,21.8605
18/07/2024 06:59:15.000,21.9596,32.6393,1.37,8.295,55.104,21.8604
18/07/2024 07:00:15.999,21.9601,32.6376,1.38,8.295,55.036,21.8605
18/07/2024 07:01:15.001,21.9593,32.6381,1.38,8.295,55.237,21.8604
18/07/2024 07:02:15.000,21.9606,32.6387,1.38,8.295,55.139,21.8605
18/07/2024 07:03:15.999,21.9600,32.6384,1.38,8.294,55.205,21.8592
18/07/2024 07:04:15.998,21.9596,32.6373,1.38,8.294,55.212,21.8592
18/07/2024 07:05:15.001,21.9605,32.6382,1.38,8.295,55.258,21.8592
18/07/2024 07:06:15.000,21.9604,32.6392,1.38,8.295,55.181,21.8607
18/07/2024 07:07:15.999,21.9592,32.6380,1.38,8.295,55.099,21.8604
18/07/2024 07:08:15.002,21.9594,32.6379,1.38,8.295,55.116,21.8608
18/07/2024 07:09:15.001,21.9601,32.6376,1.38,8.295,55.103,21.8622
18/07/2024 07:10:15.000,21.9603,32.6378,1.38,8.295,55.169,21.8604
18/07/2024 07:11:15.999,21.9591,32.6384,1.38,8.294,55.143,21.8604
18/07/2024 07:12:15.001,21.9586,32.6395,1.38,8.294,55.132,21.8591
18/07/2024 07:13:15.000,21.9600,32.6385,1.38,8.294,55.150,21.8592
18/07/2024 07:14:15.000,21.9599,32.6387,1.38,8.294,55.078,21.8591
18/07/2024 07:15:15.999,21.9592,32.6393,1.38,8.294,55.157,21.8595
18/07/2024 07:16:15.001,21.9603,32.6385,1.38,8.294,55.156,21.8595
18/07/2024 07:17:15.000,21.9604,32.6379,1.38,8.294,55.119,21.8615
18/07/2024 07:18:15.999,21.9595,32.6388,1.38,8.294,55.077,21.8598
18/07/2024 07:19:15.998,21.9600,32.6399,1.38,8.294,55.158,21.8599
18/07/2024 07:20:15.001,21.9593,32.6388,1.37,8.294,55.144,21.8596
18/07/2024 07:21:15.000,21.9594,32.6396,1.38,8.294,55.054,21.8606
18/07/2024 07:22:15.999,21.9597,32.6396,1.38,8.294,55.167,21.8608
18/07/2024 07:23:15.002,21.9590,32.6397,1.38,8.294,55.161,21.8604
18/07/2024 07:24:15.001,21.9596,32.6392,1.38,8.294,55.110,21.8601
18/07/2024 07:25:15.000,21.9589,32.6396,1.38,8.294,55.113,21.8608
18/07/2024 07:26:15.999,21.9586,32.6401,1.38,8.294,55.068,21.8607
18/07/2024 07:27:15.001,21.9598,32.6386,1.38,8.294,55.162,21.8601
18/07/2024 07:28:15.000,21.9591,32.6418,1.38,8.294,55.147,21.8604
18/07/2024 07:29:15.000,21.9590,32.6400,1.38,8.293,55.232,21.8597
18/07/2024 07:30:15.999,21.9589,32.6402,1.38,8.293,55.140,21.8597
18/07/2024 07:31:15.001,21.9603,32.6394,1.38,8.293,55.166,21.8592
18/07/2024 07:32:15.000,21.9599,32.6392,1.37,8.293,55.179,21.8600
18/07/2024 07:33:15.999,21.9607,32.6395,1.38,8.293,55.205,21.8600
18/07/2024 07:34:15.998,21.9601,32.6395,1.38,8.293,55.198,21.8618
18/07/2024 07:35:15.001,21.9605,32.6398,1.37,8.293,55.240,21.8603
18/07/2024 07:36:15.000,21.9598,32.6395,1.38,8.293,55.134,21.8617
18/07/2024 07:37:15.999,21.9598,32.6401,1.38,8.293,55.263,21.8597
18/07/2024 07:38:15.002,21.9607,32.6400,1.38,8.293,55.162,21.8600
18/07/2024 07:39:15.001,21.9601,32.6403,1.37,8.293,55.122,21.8598
18/07/2024 07:40:15.000,21.9611,32.6398,1.37,8.293,55.147,21.8592
18/07/2024 07:41:15.999,21.9614,32.6396,1.37,8.292,55.356,21.8599
18/07/2024 07:42:15.001,21.9617,32.6399,1.38,8.292,55.334,21.8598
18/07/2024 07:43:15.000,21.9615,32.6393,1.38,8.292,55.199,21.8596
18/07/2024 07:44:15.000,21.9603,32.6390,1.38,8.292,55.217,21.8606
18/07/2024 07:45:15.999,21.9608,32.6409,1.38,8.292,55.195,21.8603
18/07/2024 07:46:15.001,21.9612,32.6399,1.37,8.292,55.132,21.8608
18/07/2024 07:47:15.000,21.9618,32.6397,1.38,8.292,55.111,21.8603
18/07/2024 07:48:15.999,21.9614,32.6400,1.38,8.292,55.220,21.8605
18/07/2024 07:49:15.998,21.9610,32.6401,1.38,8.291,55.258,21.8606
18/07/2024 07:50:15.001,21.9612,32.6401,1.37,8.291,55.264,21.8596
18/07/2024 07:51:15.000,21.9619,32.6396,1.38,8.291,55.149,21.8597
18/07/2024 07:52:15.999,21.9618,32.6400,1.38,8.291,55.172,21.8621
18/07/2024 07:53:15.002,21.9625,32.6405,1.38,8.291,55.227,21.8613
18/07/2024 07:54:15.001,21.9619,32.6409,1.37,8.291,55.138,21.8608
18/07/2024 07:55:15.000,21.9626,32.6411,1.37,8.290,55.302,21.8613
18/07/2024 07:56:15.999,21.9621,32.6400,1.37,8.290,55.263,21.8615
18/07/2024 07:57:15.001,21.9609,32.6406,1.37,8.290,55.121,21.8613
18/07/2024 07:58:15.000,21.9620,32.6398,1.37,8.290,55.168,21.8611
18/07/2024 07:59:15.000,21.9619,32.6417,1.37,8.290,55.281,21.8610
18/07/2024 08:00:15.999,21.9617,32.6409,1.37,8.290,55.259,21.8618
18/07/2024 08:01:15.001,21.9629,32.6405,1.37,8.290,55.292,21.8619
18/07/2024 08:02:15.000,21.9624,32.6403,1.37,8.290,55.255,21.8630
18/07/2024 08:03:15.999,21.9637,32.6398,1.36,8.290,55.223,21.8631
18/07/2024 08:04:15.998,21.9621,32.6406,1.38,8.290,55.316,21.8633
18/07/2024 08:05:15.001,21.9622,32.6404,1.37,8.289,55.385,21.8637
18/07/2024 08:06:15.000,21.9624,32.6404,1.38,8.289,55.237,21.8630
18/07/2024 08:07:15.999,21.9634,32.6412,1.38,8.289,55.306,21.8617
18/07/2024 08:08:15.998,21.9625,32.6413,1.37,8.289,55.208,21.8610
18/07/2024 08:09:15.997,21.9623,32.6406,1.37,8.289,55.199,21.8617
18/07/2024 08:10:15.003,21.9621,32.6423,1.38,8.289,55.095,21.8619
18/07/2024 08:11:15.002,21.9620,32.6409,1.37,8.289,55.198,21.8619
18/07/2024 08:12:15.001,21.9613,32.6409,1.37,8.289,55.076,21.8611
18/07/2024 08:13:15.000,21.9613,32.6408,1.38,8.289,55.121,21.8612
18/07/2024 08:14:15.000,21.9618,32.6415,1.38,8.289,55.217,21.8615
18/07/2024 08:15:15.999,21.9637,32.6410,1.38,8.289,55.141,21.8618
18/07/2024 08:16:15.998,21.9634,32.6417,1.37,8.289,55.180,21.8614
18/07/2024 08:17:15.997,21.9628,32.6411,1.37,8.289,55.101,21.8607
18/07/2024 08:18:15.003,21.9627,32.6411,1.37,8.289,55.149,21.8629
18/07/2024 08:19:15.002,21.9635,32.6403,1.37,8.289,55.255,21.8631
18/07/2024 08:20:15.001,21.9636,32.6418,1.38,8.289,55.240,21.8622
18/07/2024 08:21:15.000,21.9631,32.6430,1.37,8.289,55.256,21.8632
18/07/2024 08:22:15.999,21.9638,32.6414,1.37,8.289,55.261,21.8632
18/07/2024 08:23:15.998,21.9640,32.6397,1.38,8.288,55.158,21.8622
18/07/2024 08:24:15.997,21.9632,32.6422,1.38,8.288,54.995,21.8633
18/07/2024 08:25:15.003,21.9645,32.6414,1.37,8.288,55.149,21.8632
18/07/2024 08:26:15.002,21.9645,32.6414,1.38,8.288,55.152,21.8632
18/07/2024 08:27:15.001,21.9658,32.6422,1.37,8.288,55.059,21.8632
18/07/2024 08:28:15.000,21.9668,32.6416,1.37,8.288,55.142,21.8627
18/07/2024 08:29:15.000,21.9671,32.6420,1.37,8.288,55.124,21.8628
18/07/2024 08:30:15.999,21.9670,32.6421,1.37,8.288,55.104,21.8637
18/07/2024 08:31:15.998,21.9668,32.6422,1.37,8.288,55.053,21.8633
18/07/2024 08:32:15.997,21.9684,32.6407,1.36,8.288,55.184,21.8636
18/07/2024 08:33:15.003,21.9680,32.6414,1.37,8.288,55.126,21.8646
18/07/2024 08:34:15.002,21.9689,32.6417,1.37,8.288,55.131,21.8652
18/07/2024 08:35:15.001,21.9688,32.6414,1.37,8.288,55.262,21.8651
18/07/2024 08:36:15.000,21.9684,32.6426,1.36,8.288,55.164,21.8638
18/07/2024 08:37:15.999,21.9698,32.6411,1.37,8.288,55.107,21.8653
18/07/2024 08:38:15.998,21.9685,32.6428,1.36,8.288,55.200,21.8664
18/07/2024 08:39:15.997,21.9702,32.6410,1.36,8.288,55.163,21.8661
18/07/2024 08:40:15.003,21.9706,32.6425,1.37,8.288,55.262,21.8657
18/07/2024 08:41:15.002,21.9694,32.6429,1.37,8.288,55.267,21.8656
18/07/2024 08:42:15.001,21.9698,32.6420,1.36,8.288,55.201,21.8656
18/07/2024 08:43:15.000,21.9705,32.6427,1.36,8.288,55.323,21.8654
18/07/2024 08:44:15.000,21.9720,32.6422,1.37,8.288,55.343,21.8652
18/07/2024 08:45:15.999,21.9719,32.6421,1.36,8.288,55.292,21.8658
18/07/2024 08:46:15.998,21.9730,32.6412,1.37,8.288,55.100,21.8647
18/07/2024 08:47:15.997,21.9726,32.6426,1.36,8.287,55.231,21.8650
18/07/2024 08:48:15.003,21.9731,32.6415,1.37,8.287,55.194,21.8654
18/07/2024 08:49:15.002,21.9725,32.6417,1.36,8.287,55.057,21.8658
18/07/2024 08:50:15.001,21.9735,32.6416,1.36,8.287,55.168,21.8660
18/07/2024 08:51:15.000,21.9736,32.6415,1.37,8.287,55.156,21.8661
18/07/2024 08:52:15.999,21.9726,32.6424,1.36,8.287,55.178,21.8661
18/07/2024 08:53:15.998,21.9744,32.6412,1.36,8.287,55.142,21.8663
18/07/2024 08:54:15.997,21.9737,32.6417,1.36,8.287,54.997,21.8664
18/07/2024 08:55:15.003,21.9736,32.6427,1.37,8.287,55.135,21.8669
18/07/2024 08:56:15.002,21.9738,32.6420,1.36,8.287,55.127,21.8663
18/07/2024 08:57:15.001,21.9733,32.6432,1.36,8.286,55.162,21.8666
18/07/2024 08:58:15.000,21.9744,32.6439,1.36,8.286,55.065,21.8665
18/07/2024 08:59:15.000,21.9749,32.6425,1.37,8.286,55.105,21.8667
18/07/2024 09:00:15.999,21.9758,32.6429,1.37,8.286,55.116,21.8665
18/07/2024 09:01:15.998,21.9766,32.6420,1.37,8.286,55.110,21.8671
18/07/2024 09:02:15.997,21.9753,32.6423,1.37,8.286,55.187,21.8671
18/07/2024 09:03:15.003,21.9762,32.6428,1.37,8.286,54.969,21.8667
18/07/2024 09:04:15.002,21.9755,32.6438,1.37,8.286,55.102,21.8676
18/07/2024 09:05:15.001,21.9762,32.6430,1.37,8.286,55.033,21.8664
18/07/2024 09:06:15.000,21.9768,32.6432,1.37,8.285,55.064,21.8666
18/07/2024 09:07:15.999,21.9789,32.6429,1.37,8.286,55.059,21.8668
18/07/2024 09:08:15.998,21.9797,32.6427,1.37,8.286,55.066,21.8679
18/07/2024 09:09:15.997,21.9789,32.6436,1.37,8.286,55.040,21.8678
18/07/2024 09:10:15.003,21.9797,32.6419,1.37,8.286,55.040,21.8677
18/07/2024 09:11:15.002,21.9809,32.6430,1.37,8.285,55.119,21.8679
18/07/2024 09:12:15.001,21.9803,32.6424,1.37,8.285,55.014,21.8681
18/07/2024 09:13:15.000,21.9812,32.6422,1.36,8.285,55.048,21.8674
18/07/2024 09:14:15.000,21.9821,32.6426,1.37,8.285,55.018,21.8673
18/07/2024 09:15:15.999,21.9804,32.6436,1.37,8.285,55.063,21.8679
18/07/2024 09:16:15.998,21.9806,32.6431,1.37,8.285,55.094,21.8684
18/07/2024 09:17:15.997,21.9810,32.6425,1.37,8.285,54.968,21.8680
18/07/2024 09:18:15.003,21.9816,32.6420,1.37,8.285,55.027,21.8688
18/07/2024 09:19:15.002,21.9818,32.6434,1.37,8.285,55.007,21.8687
18/07/2024 09:20:15.001,21.9813,32.6439,1.37,8.285,55.052,21.8691
18/07/2024 09:21:15.000,21.9814,32.6424,1.36,8.285,55.233,21.8693
18/07/2024 09:22:15.999,21.9813,32.6425,1.37,8.285,55.196,21.8693
18/07/2024 09:23:15.998,21.9816,32.6432,1.37,8.285,55.068,21.8694
18/07/2024 09:24:15.997,21.9813,32.6434,1.37,8.285,55.193,21.8697
18/07/2024 09:25:15.003,21.9821,32.6435,1.38,8.285,55.073,21.8695
18/07/2024 09:26:15.002,21.9823,32.6439,1.37,8.285,55.060,21.8693
18/07/2024 09:27:15.001,21.9824,32.6435,1.36,8.285,55.133,21.8697
18/07/2024 09:28:15.000,21.9834,32.6438,1.36,8.285,55.185,21.8712
18/07/2024 09:29:15.000,21.9841,32.6432,1.37,8.285,55.090,21.8702
18/07/2024 09:30:15.999,21.9836,32.6431,1.37,8.285,55.073,21.8700
18/07/2024 09:31:15.998,21.9834,32.6442,1.37,8.285,55.123,21.8708
18/07/2024 09:32:15.997,21.9833,32.6445,1.37,8.285,55.041,21.8711
18/07/2024 09:33:15.003,21.9840,32.6428,1.37,8.285,55.014,21.8692
18/07/2024 09:34:15.002,21.9843,32.6446,1.37,8.285,55.098,21.8703
18/07/2024 09:35:15.001,21.9845,32.6443,1.37,8.285,55.037,21.8711
18/07/2024 09:36:15.000,21.9845,32.6440,1.37,8.285,55.080,21.8712
18/07/2024 09:37:15.999,21.9838,32.6442,1.37,8.285,55.105,21.8705
18/07/2024 09:38:15.998,21.9858,32.6445,1.37,8.285,55.077,21.8710
18/07/2024 09:39:15.997,21.9859,32.6434,1.37,8.285,55.117,21.8723
18/07/2024 09:40:15.003,21.9863,32.6445,1.37,8.285,55.100,21.8714
18/07/2024 09:41:15.002,21.9867,32.6435,1.37,8.285,55.146,21.8707
18/07/2024 09:42:15.001,21.9867,32.6447,1.36,8.285,54.986,21.8704
18/07/2024 09:43:15.000,21.9856,32.6448,1.37,8.285,55.039,21.8716
18/07/2024 09:44:15.000,21.9867,32.6435,1.37,8.285,55.026,21.8716
18/07/2024 09:45:15.999,21.9857,32.6442,1.37,8.285,55.172,21.8718
18/07/2024 09:46:15.998,21.9865,32.6447,1.37,8.285,55.100,21.8719
