Cruise namePNNL Tank
cast nameCast 173
cruise start date15/08/2023
cruise end date15/08/2023
09/07/2024 10:47:38.000,21.9110,32.0712,1.50,8.899,56.227,21.3899
09/07/2024 10:48:38.000,21.9114,32.0704,1.51,8.901,56.054,21.3888
09/07/2024 10:49:38.000,21.9097,32.0709,1.51,8.902,56.189,21.3906
09/07/2024 10:50:38.000,21.9093,32.0691,1.51,8.902,56.087,21.3911
09/07/2024 10:51:38.000,21.9082,32.0701,1.51,8.903,56.140,21.3909
09/07/2024 10:52:38.000,21.9075,32.0707,1.51,8.903,56.090,21.3909
09/07/2024 10:53:38.000,21.9067,32.0708,1.51,8.903,56.154,21.3905
09/07/2024 10:54:38.000,21.9049,32.0723,1.51,8.903,56.269,21.3902
09/07/2024 10:55:38.000,21.9058,32.0727,1.50,8.903,56.098,21.3894
09/07/2024 10:56:38.000,21.9048,32.0728,1.50,8.903,56.178,21.3893
09/07/2024 10:57:38.000,21.9045,32.0722,1.50,8.903,56.165,21.3899
09/07/2024 10:58:38.000,21.9045,32.0731,1.51,8.903,56.390,21.3897
09/07/2024 10:59:38.000,21.9060,32.0718,1.51,8.903,56.176,21.3897
09/07/2024 11:00:38.000,21.9045,32.0712,1.50,8.903,56.150,21.3903
09/07/2024 11:01:38.000,21.9033,32.0729,1.50,8.903,56.187,21.3897
09/07/2024 11:02:38.000,21.9039,32.0733,1.50,8.903,56.134,21.3898
09/07/2024 11:03:38.000,21.9038,32.0725,1.50,8.903,56.181,21.3907
09/07/2024 11:04:38.000,21.9042,32.0730,1.50,8.903,56.209,21.3900
09/07/2024 11:05:38.000,21.9033,32.0725,1.50,8.903,56.250,21.3890
09/07/2024 11:06:38.000,21.9038,32.0733,1.50,8.903,56.204,21.3892
09/07/2024 11:07:38.000,21.9036,32.0734,1.50,8.903,56.217,21.3890
09/07/2024 11:08:38.000,21.9035,32.0719,1.50,8.903,56.309,21.3883
09/07/2024 11:09:38.000,21.9018,32.0717,1.50,8.903,56.247,21.3887
09/07/2024 11:10:38.000,21.9021,32.0731,1.50,8.903,56.141,21.3891
09/07/2024 11:11:38.000,21.9009,32.0726,1.50,8.903,56.217,21.3922
09/07/2024 11:12:38.000,21.9011,32.0732,1.50,8.903,56.180,21.3919
09/07/2024 11:13:38.000,21.9031,32.0731,1.49,8.904,56.176,21.3915
09/07/2024 11:14:38.000,21.9030,32.0728,1.50,8.904,56.167,21.3903
09/07/2024 11:15:38.000,21.9030,32.0730,1.50,8.904,56.184,21.3908
09/07/2024 11:16:38.000,21.9033,32.0733,1.49,8.904,56.193,21.3921
09/07/2024 11:17:38.000,21.9012,32.0735,1.49,8.904,56.097,21.3918
09/07/2024 11:18:38.000,21.8991,32.0744,1.49,8.904,56.225,21.3920
09/07/2024 11:19:38.000,21.9006,32.0732,1.50,8.904,56.145,21.3916
09/07/2024 11:20:38.000,21.9011,32.0722,1.50,8.904,56.226,21.3913
09/07/2024 11:21:38.000,21.9008,32.0738,1.50,8.904,56.164,21.3903
09/07/2024 11:22:38.000,21.8997,32.0744,1.50,8.904,56.150,21.3899
09/07/2024 11:23:38.000,21.9006,32.0620,1.53,8.904,58.356,21.3881
09/07/2024 11:24:38.000,21.8355,31.9539,1.53,8.904,56.619,21.3887
09/07/2024 11:25:38.000,21.6587,32.0510,1.53,8.905,56.112,21.3869
09/07/2024 11:26:38.000,21.6974,32.1174,1.53,8.904,56.192,21.3882
09/07/2024 11:27:38.000,21.7795,32.1004,1.52,8.903,56.210,21.3889
09/07/2024 11:28:38.000,21.8294,32.0869,1.52,8.903,56.231,21.3889
09/07/2024 11:29:38.000,21.8478,32.0835,1.52,8.903,56.166,21.3886
09/07/2024 11:30:38.000,21.8613,32.0801,1.52,8.903,56.186,21.2902
09/07/2024 11:31:38.000,21.8681,32.0766,1.52,8.903,56.204,21.3074
09/07/2024 11:32:38.000,21.8701,32.0758,1.52,8.903,56.187,21.2923
09/07/2024 11:33:38.000,21.8734,32.0765,1.52,8.903,56.098,21.3056
09/07/2024 11:34:38.000,21.8756,32.0756,1.52,8.903,56.190,21.3129
09/07/2024 11:35:38.000,21.8792,32.0754,1.52,8.903,56.234,21.3157
09/07/2024 11:36:38.000,21.8812,32.0763,1.51,8.903,56.197,21.3097
09/07/2024 11:37:38.000,21.8825,32.0753,1.51,8.903,56.229,21.3121
09/07/2024 11:38:38.000,21.8809,32.0745,1.52,8.903,56.273,21.3118
09/07/2024 11:39:38.000,21.8809,32.0754,1.52,8.903,56.180,21.2983
09/07/2024 11:40:38.000,21.8817,32.0744,1.51,8.903,56.230,21.2954
09/07/2024 11:41:38.000,21.8831,32.0743,1.52,8.903,56.166,21.3004
09/07/2024 11:42:38.000,21.8831,32.0734,1.51,8.903,56.101,21.2989
09/07/2024 11:43:38.000,21.8811,32.0756,1.52,8.903,56.083,21.2924
09/07/2024 11:44:38.000,21.8827,32.0755,1.51,8.903,56.052,21.3201
09/07/2024 11:45:38.000,21.8834,32.0763,1.52,8.903,56.227,21.3190
09/07/2024 11:46:38.000,21.8856,32.0752,1.52,8.903,56.171,21.3189
09/07/2024 11:47:38.000,21.8863,32.0747,1.52,8.903,56.185,21.2987
09/07/2024 11:48:38.000,21.8874,32.0759,1.52,8.904,56.174,21.3032
09/07/2024 11:49:38.000,21.8868,32.0747,1.52,8.904,56.234,21.3028
09/07/2024 11:50:38.000,21.8873,32.0764,1.52,8.904,56.085,21.3557
09/07/2024 11:51:38.000,21.8869,32.0744,1.52,8.904,56.185,21.3580
09/07/2024 11:52:38.000,21.8869,32.0770,1.52,8.904,56.148,21.3525
09/07/2024 11:53:38.000,21.8868,32.0756,1.52,8.904,56.250,21.3586
09/07/2024 11:54:38.000,21.8879,32.0764,1.52,8.904,56.160,21.3660
09/07/2024 11:55:38.000,21.8890,32.0758,1.52,8.904,56.136,21.3653
09/07/2024 11:56:38.000,21.8894,32.0753,1.52,8.904,56.014,21.3607
09/07/2024 11:57:38.000,21.8905,32.0755,1.53,8.904,56.106,21.3633
09/07/2024 11:58:38.000,21.8912,32.0754,1.52,8.904,56.166,21.3637
09/07/2024 11:59:38.000,21.8907,32.0765,1.53,8.904,56.186,21.3627
09/07/2024 12:00:38.000,21.8912,32.0750,1.52,8.904,56.323,21.3584
09/07/2024 12:01:38.000,21.8912,32.0750,1.52,8.904,56.309,21.3634
09/07/2024 12:02:38.000,21.8905,32.0763,1.52,8.904,56.187,21.3611
09/07/2024 12:03:38.000,21.8922,32.0753,1.52,8.904,56.201,21.3636
09/07/2024 12:04:38.000,21.8919,32.0743,1.52,8.904,56.104,21.3640
09/07/2024 12:05:38.000,21.8910,32.0755,1.52,8.904,56.131,21.3609
09/07/2024 12:06:38.000,21.8919,32.0765,1.52,8.904,56.154,21.3613
09/07/2024 12:07:38.000,21.8937,32.0772,1.52,8.904,56.179,21.3575
09/07/2024 12:08:38.000,21.8962,32.0761,1.52,8.904,56.203,21.3116
09/07/2024 12:09:38.000,21.8966,32.0758,1.52,8.904,56.177,21.3643
09/07/2024 12:10:38.000,21.8980,32.0766,1.52,8.904,56.060,21.3633
09/07/2024 12:11:38.000,21.9003,32.0756,1.52,8.904,56.086,21.3056
09/07/2024 12:12:38.000,21.9006,32.0767,1.53,8.904,56.046,21.3062
09/07/2024 12:13:38.000,21.9025,32.0775,1.52,8.904,55.981,21.3258
09/07/2024 12:14:38.000,21.9040,32.0768,1.52,8.904,56.028,21.3041
09/07/2024 12:15:38.000,21.9058,32.0765,1.52,8.904,55.981,21.3675
09/07/2024 12:16:38.000,21.9063,32.0760,1.52,8.904,56.108,21.3711
09/07/2024 12:17:38.000,21.9058,32.0768,1.52,8.904,56.069,21.3275
09/07/2024 12:18:38.000,21.9064,32.0774,1.52,8.904,56.225,21.3671
09/07/2024 12:19:38.000,21.9067,32.0757,1.52,8.904,56.128,21.3266
09/07/2024 12:20:38.000,21.9069,32.0769,1.52,8.904,56.119,21.3308
09/07/2024 12:21:38.000,21.9092,32.0768,1.52,8.904,56.023,21.3320
09/07/2024 12:22:38.000,21.9096,32.0766,1.52,8.904,56.129,21.3347
09/07/2024 12:23:38.000,21.9114,32.0771,1.52,8.904,56.162,21.3116
09/07/2024 12:24:38.000,21.9128,32.0784,1.52,8.904,56.143,21.3125
09/07/2024 12:25:38.000,21.9159,32.0767,1.53,8.904,56.082,21.2987
09/07/2024 12:26:38.000,21.9173,32.0779,1.53,8.904,56.129,21.3941
09/07/2024 12:27:38.000,21.9187,32.0758,1.52,8.904,56.011,21.3941
09/07/2024 12:28:38.000,21.9202,32.0762,1.53,8.904,56.149,21.3938
09/07/2024 12:29:38.000,21.9202,32.0750,1.53,8.904,55.995,21.3941
09/07/2024 12:30:38.000,21.9192,32.0763,1.53,8.904,56.034,21.3932
09/07/2024 12:31:38.000,21.9186,32.0763,1.53,8.904,56.146,21.3941
09/07/2024 12:32:38.000,21.9199,32.0777,1.53,8.904,56.112,21.3948
09/07/2024 12:33:38.000,21.9211,32.0760,1.53,8.905,56.087,21.3944
09/07/2024 12:34:38.000,21.9200,32.0772,1.53,8.905,56.006,21.3947
09/07/2024 12:35:38.000,21.9216,32.0761,1.53,8.905,56.019,21.3953
09/07/2024 12:36:38.000,21.9224,32.0775,1.53,8.905,56.079,21.3952
09/07/2024 12:37:38.000,21.9241,32.0748,1.54,8.905,56.097,21.3954
09/07/2024 12:38:38.000,21.9228,32.0749,1.53,8.905,55.991,21.3952
09/07/2024 12:39:38.000,21.9214,32.0740,1.53,8.905,56.264,21.3942
09/07/2024 12:40:38.000,21.9188,32.0778,1.53,8.905,56.203,21.3957
09/07/2024 12:41:38.000,21.9201,32.0767,1.53,8.905,56.187,21.3954
09/07/2024 12:42:38.000,21.9208,32.0753,1.53,8.905,56.122,21.3962
09/07/2024 12:43:38.000,21.9197,32.0751,1.52,8.905,56.129,21.3959
09/07/2024 12:44:38.000,21.9202,32.0773,1.52,8.905,56.060,21.3962
09/07/2024 12:45:38.000,21.9212,32.0760,1.53,8.905,56.240,21.3964
09/07/2024 12:46:38.000,21.9216,32.0759,1.52,8.905,56.195,21.3966
09/07/2024 12:47:38.000,21.9214,32.0765,1.53,8.905,56.061,21.3962
09/07/2024 12:48:38.000,21.9217,32.0773,1.53,8.905,56.007,21.3956
09/07/2024 12:49:38.000,21.9228,32.0762,1.53,8.905,56.019,21.3974
09/07/2024 12:50:38.000,21.9222,32.0758,1.53,8.905,56.069,21.3972
09/07/2024 12:51:38.000,21.9215,32.0773,1.53,8.905,56.111,21.3976
09/07/2024 12:52:38.000,21.9225,32.0768,1.53,8.905,56.226,21.3979
09/07/2024 12:53:38.000,21.9224,32.0767,1.52,8.905,56.087,21.3985
09/07/2024 12:54:38.000,21.9243,32.0781,1.53,8.905,56.107,21.3985
09/07/2024 12:55:38.000,21.9257,32.0770,1.53,8.905,59.358,21.3991
09/07/2024 12:56:38.000,21.9266,32.0734,1.53,8.905,56.306,21.3991
09/07/2024 12:57:38.000,21.9211,32.0776,1.52,8.905,56.196,21.3979
09/07/2024 12:58:38.000,21.9209,32.0782,1.52,8.905,56.227,21.3972
09/07/2024 12:59:38.000,21.9208,32.0754,1.53,8.905,56.114,21.3990
09/07/2024 13:00:38.000,21.9166,32.0757,1.52,8.905,56.183,21.3995
09/07/2024 13:01:38.000,21.9145,32.0758,1.52,8.905,56.111,21.3999
09/07/2024 13:02:38.000,21.9132,32.0766,1.52,8.905,56.158,21.3990
09/07/2024 13:03:38.000,21.9108,32.0764,1.52,8.905,56.096,21.3996
09/07/2024 13:04:38.000,21.9087,32.0771,1.52,8.905,56.150,21.4006
09/07/2024 13:05:38.000,21.9080,32.0769,1.52,8.905,56.116,21.4014
09/07/2024 13:06:38.000,21.9104,32.0788,1.52,8.905,56.101,21.4020
09/07/2024 13:07:38.000,21.9148,32.0772,1.51,8.904,56.099,21.4019
09/07/2024 13:08:38.000,21.9141,32.0793,1.51,8.904,56.068,21.4028
09/07/2024 13:09:38.000,21.9135,32.0771,1.51,8.904,56.156,21.4022
09/07/2024 13:10:38.000,21.9144,32.0788,1.52,8.904,56.176,21.4017
09/07/2024 13:11:38.000,21.9151,32.0782,1.52,8.904,56.098,21.4039
09/07/2024 13:12:38.000,21.9169,32.0776,1.52,8.904,56.150,21.4032
09/07/2024 13:13:38.000,21.9154,32.0772,1.52,8.904,56.033,21.4045
09/07/2024 13:14:38.000,21.9160,32.0767,1.52,8.904,55.963,21.4037
09/07/2024 13:15:38.000,21.9153,32.0763,1.52,8.904,56.045,21.4045
09/07/2024 13:16:38.000,21.9149,32.0791,1.52,8.904,56.090,21.4053
09/07/2024 13:17:38.000,21.9194,32.0796,1.53,8.904,56.072,21.4048
09/07/2024 13:18:38.000,21.9221,32.0791,1.52,8.904,55.914,21.4043
09/07/2024 13:19:38.000,21.9236,32.0746,1.52,8.904,55.912,21.4053
09/07/2024 13:20:38.000,21.9195,32.0761,1.52,8.904,56.066,21.4041
09/07/2024 13:21:38.000,21.9174,32.0772,1.52,8.904,56.044,21.4040
09/07/2024 13:22:38.000,21.9175,32.0777,1.52,8.904,55.991,21.4044
09/07/2024 13:23:38.000,21.9187,32.0794,1.52,8.904,56.014,21.4051
09/07/2024 13:24:38.000,21.9203,32.0786,1.52,8.904,55.930,21.4064
09/07/2024 13:25:38.000,21.9248,32.0785,1.52,8.904,55.980,21.4060
09/07/2024 13:26:38.000,21.9237,32.0784,1.52,8.904,55.947,21.4061
09/07/2024 13:27:38.000,21.9254,32.0771,1.51,8.904,56.017,21.4085
09/07/2024 13:28:38.000,21.9257,32.0777,1.51,8.904,56.005,21.4073
09/07/2024 13:29:38.000,21.9225,32.0753,1.51,8.904,56.024,21.4079
09/07/2024 13:30:38.000,21.9223,32.0772,1.51,8.904,56.125,21.4076
09/07/2024 13:31:38.000,21.9237,32.0797,1.51,8.904,56.125,21.4078
09/07/2024 13:32:38.000,21.9270,32.0803,1.51,8.904,56.061,21.4078
09/07/2024 13:33:38.000,21.9291,32.0811,1.51,8.904,56.096,21.4089
09/07/2024 13:34:38.000,21.9340,32.0798,1.51,8.904,56.078,21.4087
09/07/2024 13:35:38.000,21.9325,32.0765,1.51,8.904,55.993,21.4078
09/07/2024 13:36:38.000,21.9314,32.0780,1.54,8.904,56.105,21.4089
09/07/2024 13:37:38.000,21.9320,32.0797,1.52,8.904,55.972,21.4097
09/07/2024 13:38:38.000,21.9318,32.0780,1.51,8.904,56.024,21.4097
09/07/2024 13:39:38.000,21.9312,32.0788,1.51,8.904,56.085,21.4097
09/07/2024 13:40:38.000,21.9309,32.0813,1.51,8.904,56.014,21.4105
09/07/2024 13:41:38.000,21.9355,32.0795,1.51,8.904,56.136,21.4105
09/07/2024 13:42:38.000,21.9342,32.0788,1.51,8.904,56.101,21.4110
09/07/2024 13:43:38.000,21.9362,32.0802,1.51,8.904,56.011,21.4118
09/07/2024 13:44:38.000,21.9389,32.0781,1.51,8.904,56.135,21.4119
09/07/2024 13:45:38.000,21.9379,32.0757,1.52,8.904,56.080,21.4114
09/07/2024 13:46:38.000,21.9377,32.0788,1.51,8.904,56.120,21.4128
09/07/2024 13:47:38.000,21.9374,32.0778,1.51,8.904,56.188,21.4128
09/07/2024 13:48:38.000,21.9391,32.0791,1.51,8.904,56.008,21.4132
09/07/2024 13:49:38.000,21.9446,32.0806,1.52,8.904,56.077,21.4136
09/07/2024 13:50:38.000,21.9496,32.0792,1.51,8.904,56.104,21.4141
09/07/2024 13:51:38.000,21.9507,32.0788,1.51,8.904,56.193,21.4146
09/07/2024 13:52:38.000,21.9524,32.0764,1.51,8.904,56.142,21.4142
09/07/2024 13:53:38.000,21.9496,32.0797,1.51,8.904,56.161,21.4145
09/07/2024 13:54:38.000,21.9515,32.0791,1.51,8.904,56.135,21.4141
09/07/2024 13:55:38.000,21.9518,32.0770,1.51,8.904,56.170,21.4156
09/07/2024 13:56:38.000,21.9530,32.0805,1.51,8.904,56.072,21.4154
09/07/2024 13:57:38.000,21.9546,32.0791,1.51,8.904,56.156,21.4165
09/07/2024 13:58:38.000,21.9550,32.0780,1.51,8.904,56.150,21.4162
09/07/2024 13:59:38.000,21.9550,32.0793,1.51,8.904,56.279,21.4165
09/07/2024 14:00:38.000,21.9562,32.0778,1.51,8.904,56.094,21.4175
09/07/2024 14:01:38.000,21.9553,32.0778,1.51,8.904,56.100,21.4183
09/07/2024 14:02:38.000,21.9563,32.0805,1.51,8.904,56.033,21.4184
09/07/2024 14:03:38.000,21.9600,32.0785,1.51,8.904,56.029,21.4175
09/07/2024 14:04:38.000,21.9613,32.0790,1.51,8.904,56.206,21.4194
09/07/2024 14:05:38.000,21.9624,32.0788,1.51,8.904,56.040,21.4191
09/07/2024 14:06:38.000,21.9626,32.0766,1.51,8.904,56.050,21.4183
09/07/2024 14:07:38.000,21.9638,32.0797,1.51,8.904,56.067,21.4186
09/07/2024 14:08:38.000,21.9681,32.0784,1.51,8.904,56.035,21.4195
09/07/2024 14:09:38.000,21.9712,32.0811,1.51,8.904,56.077,21.4194
09/07/2024 14:10:38.000,21.9754,32.0775,1.50,8.904,56.098,21.4200
09/07/2024 14:11:38.000,21.9728,32.0768,1.50,8.903,56.076,21.4209
09/07/2024 14:12:38.000,21.9716,32.0775,1.50,8.903,55.987,21.4221
09/07/2024 14:13:38.000,21.9727,32.0773,1.50,8.903,55.968,21.4223
09/07/2024 14:14:38.000,21.9750,32.0798,1.50,8.903,56.001,21.4246
09/07/2024 14:15:38.000,21.9793,32.0788,1.50,8.902,55.992,21.4243
09/07/2024 14:16:38.000,21.9812,32.0786,1.49,8.902,56.002,21.4249
09/07/2024 14:17:38.000,21.9794,32.0745,1.50,8.902,55.978,21.4265
09/07/2024 14:18:38.000,21.9773,32.0803,1.50,8.902,55.991,21.4256
09/07/2024 14:19:38.000,21.9791,32.0765,1.49,8.902,56.108,21.4252
09/07/2024 14:20:38.000,21.9790,32.0795,1.50,8.902,56.002,21.4258
09/07/2024 14:21:38.000,21.9816,32.0781,1.50,8.902,56.133,21.4259
09/07/2024 14:22:38.000,21.9816,32.0772,1.50,8.901,56.097,21.4256
09/07/2024 14:23:38.000,21.9790,32.0765,1.50,8.901,56.043,21.4267
09/07/2024 14:24:38.000,21.9791,32.0787,1.50,8.901,56.112,21.4257
09/07/2024 14:25:38.000,21.9775,32.0759,1.49,8.901,56.003,21.4278
09/07/2024 14:26:38.000,21.9762,32.0772,1.50,8.901,56.074,21.4273
09/07/2024 14:27:38.000,21.9743,32.0774,1.50,8.901,56.033,21.4288
09/07/2024 14:28:38.000,21.9758,32.0789,1.49,8.901,55.977,21.4284
09/07/2024 14:29:38.000,21.9777,32.0789,1.50,8.900,55.998,21.4294
09/07/2024 14:30:38.000,21.9793,32.0787,1.50,8.900,55.946,21.4296
09/07/2024 14:31:38.000,21.9816,32.0805,1.50,8.900,56.064,21.4287
09/07/2024 14:32:38.000,21.9832,32.0761,1.50,8.900,56.029,21.4299
09/07/2024 14:33:38.000,21.9819,32.0788,1.50,8.900,56.015,21.4303
09/07/2024 14:34:38.000,21.9820,32.0797,1.50,8.900,55.999,21.4310
09/07/2024 14:35:38.000,21.9833,32.0769,1.50,8.900,56.061,21.4318
09/07/2024 14:36:38.000,21.9793,32.0775,1.50,8.900,56.073,21.4316
09/07/2024 14:37:38.000,21.9781,32.0780,1.50,8.900,56.055,21.4324
09/07/2024 14:38:38.000,21.9797,32.0787,1.50,8.899,56.134,21.4331
09/07/2024 14:39:38.000,21.9812,32.0825,1.50,8.899,55.973,21.4334
09/07/2024 14:40:38.000,21.9844,32.0767,1.50,8.899,56.002,21.4339
09/07/2024 14:41:38.000,21.9824,32.0793,1.50,8.899,56.043,21.4340
09/07/2024 14:42:38.000,21.9811,32.0768,1.51,8.899,56.013,21.4333
09/07/2024 14:43:38.000,21.9781,32.0790,1.50,8.900,56.077,21.4347
09/07/2024 14:44:38.000,21.9779,32.0803,1.50,8.899,55.977,21.4354
09/07/2024 14:45:38.000,21.9816,32.0806,1.51,8.900,55.969,21.4355
09/07/2024 14:46:38.000,21.9847,32.0796,1.51,8.899,55.916,21.4359
09/07/2024 14:47:38.001,21.9850,32.0808,1.51,8.900,56.029,21.4359
09/07/2024 14:48:38.000,21.9874,32.0781,1.51,8.899,55.963,21.4365
09/07/2024 14:49:38.001,21.9881,32.0799,1.51,8.899,55.964,21.4361
09/07/2024 14:50:38.000,21.9874,32.0794,1.51,8.899,55.939,21.4368
09/07/2024 14:51:38.001,21.9877,32.0774,1.51,8.899,55.884,21.4371
09/07/2024 14:52:38.000,21.9870,32.0776,1.51,8.899,55.942,21.4377
09/07/2024 14:53:38.000,21.9856,32.0781,1.51,8.899,56.049,21.4376
09/07/2024 14:54:38.000,21.9835,32.0800,1.51,8.899,55.994,21.4385
09/07/2024 14:55:38.000,21.9855,32.0798,1.51,8.899,56.029,21.4386
09/07/2024 14:56:38.999,21.9847,32.0774,1.51,8.899,56.050,21.4389
09/07/2024 14:57:38.000,21.9828,32.0797,1.51,8.899,55.990,21.4396
09/07/2024 14:58:38.999,21.9849,32.0804,1.51,8.899,56.077,21.4392
09/07/2024 14:59:38.000,21.9839,32.0793,1.51,8.899,56.065,21.4387
09/07/2024 15:00:38.999,21.9828,32.0793,1.50,8.899,56.049,21.4403
09/07/2024 15:01:38.000,21.9825,32.0775,1.51,8.899,55.980,21.4415
09/07/2024 15:02:38.001,21.9803,32.0792,1.50,8.899,56.050,21.4408
09/07/2024 15:03:38.000,21.9815,32.0789,1.50,8.899,56.022,21.4419
09/07/2024 15:04:38.001,21.9793,32.0801,1.51,8.899,55.993,21.4419
09/07/2024 15:05:38.000,21.9779,32.0780,1.51,8.899,55.996,21.4424
09/07/2024 15:06:38.001,21.9775,32.0800,1.51,8.899,56.014,21.4430
09/07/2024 15:07:38.000,21.9756,32.0796,1.51,8.899,55.976,21.4431
09/07/2024 15:08:38.000,21.9786,32.0807,1.51,8.899,55.991,21.4422
09/07/2024 15:09:38.000,21.9809,32.0802,1.50,8.899,55.985,21.4428
09/07/2024 15:10:38.000,21.9806,32.0796,1.51,8.899,55.996,21.4436
09/07/2024 15:11:38.999,21.9780,32.0793,1.51,8.898,55.880,21.4440
09/07/2024 15:12:38.000,21.9813,32.0820,1.50,8.898,55.964,21.4442
09/07/2024 15:13:38.999,21.9831,32.0777,1.51,8.898,55.956,21.4445
09/07/2024 15:14:38.000,21.9829,32.0812,1.51,8.898,55.935,21.4450
09/07/2024 15:15:38.999,21.9883,32.0813,1.50,8.898,56.023,21.4450
09/07/2024 15:16:38.000,21.9892,32.0808,1.50,8.898,56.030,21.4454
09/07/2024 15:17:38.001,21.9893,32.0811,1.50,8.898,56.033,21.4455
09/07/2024 15:18:38.000,21.9870,32.0776,1.50,8.898,56.005,21.4448
09/07/2024 15:19:38.001,21.9848,32.0803,1.51,8.898,56.042,21.4453
09/07/2024 15:20:38.000,21.9843,32.0797,1.51,8.899,56.013,21.4461
09/07/2024 15:21:38.001,21.9854,32.0804,1.51,8.899,56.090,21.4469
09/07/2024 15:22:38.000,21.9873,32.0830,1.50,8.898,56.173,21.4472
09/07/2024 15:23:38.000,21.9921,32.0822,1.50,8.899,56.100,21.4475
09/07/2024 15:24:38.000,21.9907,32.0786,1.50,8.899,56.056,21.4476
09/07/2024 15:25:38.000,21.9876,32.0794,1.50,8.899,56.068,21.4479
09/07/2024 15:26:38.999,21.9861,32.0806,1.50,8.899,56.119,21.4482
09/07/2024 15:27:38.000,21.9862,32.0809,1.51,8.899,56.089,21.4484
09/07/2024 15:28:38.999,21.9840,32.0784,1.50,8.899,55.983,21.4481
09/07/2024 15:29:38.000,21.9831,32.0802,1.50,8.899,55.972,21.4488
09/07/2024 15:30:38.999,21.9831,32.0802,1.50,8.899,55.898,21.4494
09/07/2024 15:31:38.000,21.9808,32.0804,1.50,8.899,56.135,21.4500
09/07/2024 15:32:38.001,21.9807,32.0810,1.51,8.899,55.918,21.4503
09/07/2024 15:33:38.000,21.9817,32.0799,1.50,8.899,55.920,21.4503
09/07/2024 15:34:38.001,21.9810,32.0800,1.50,8.899,55.909,21.4507
09/07/2024 15:35:38.000,21.9798,32.0808,1.51,8.899,55.945,21.4501
09/07/2024 15:36:38.001,21.9809,32.0812,1.50,8.899,55.939,21.4517
09/07/2024 15:37:38.000,21.9830,32.0826,1.50,8.899,56.051,21.4507
09/07/2024 15:38:38.000,21.9864,32.0823,1.50,8.899,55.891,21.4510
09/07/2024 15:39:38.000,21.9901,32.0810,1.51,8.899,55.951,21.4522
09/07/2024 15:40:38.000,21.9886,32.0814,1.51,8.899,55.903,21.4534
09/07/2024 15:41:38.999,21.9917,32.0831,1.50,8.899,55.943,21.4535
09/07/2024 15:42:38.000,21.9949,32.0809,1.50,8.899,55.962,21.4523
09/07/2024 15:43:38.999,21.9951,32.0816,1.50,8.899,55.965,21.4527
09/07/2024 15:44:38.000,21.9963,32.0835,1.50,8.899,55.872,21.4526
09/07/2024 15:45:38.999,21.9970,32.0795,1.50,8.899,56.013,21.4527
09/07/2024 15:46:38.000,21.9943,32.0814,1.50,8.899,55.918,21.4537
09/07/2024 15:47:38.001,21.9923,32.0814,1.50,8.899,56.092,21.4544
09/07/2024 15:48:38.000,21.9955,32.0818,1.50,8.899,55.899,21.4541
09/07/2024 15:49:38.001,21.9976,32.0819,1.50,8.899,55.935,21.4546
09/07/2024 15:50:38.000,21.9990,32.0815,1.50,8.899,56.100,21.4549
09/07/2024 15:51:38.001,22.0000,32.0823,1.50,8.899,55.985,21.4555
09/07/2024 15:52:38.000,22.0020,32.0803,1.50,8.899,55.952,21.4539
09/07/2024 15:53:38.000,22.0020,32.0822,1.51,8.899,56.033,21.4547
09/07/2024 15:54:38.000,22.0055,32.0837,1.50,8.899,55.920,21.4548
09/07/2024 15:55:38.000,22.0075,32.0824,1.50,8.899,55.982,21.4557
09/07/2024 15:56:38.999,22.0074,32.0791,1.51,8.899,55.974,21.4559
09/07/2024 15:57:38.000,22.0059,32.0814,1.51,8.898,55.958,21.4568
09/07/2024 15:58:38.999,22.0047,32.0810,1.51,8.898,56.037,21.4572
09/07/2024 15:59:38.000,22.0042,32.0812,1.51,8.898,56.053,21.4574
09/07/2024 16:00:38.999,22.0017,32.0812,1.51,8.898,55.967,21.4584
09/07/2024 16:01:38.000,22.0015,32.0823,1.51,8.898,55.831,21.4585
09/07/2024 16:02:38.001,22.0036,32.0830,1.51,8.898,55.932,21.4585
09/07/2024 16:03:38.000,22.0079,32.0831,1.51,8.898,55.948,21.4588
09/07/2024 16:04:38.001,22.0107,32.0831,1.51,8.898,55.899,21.4587
09/07/2024 16:05:38.000,22.0107,32.0806,1.51,8.897,55.882,21.4598
09/07/2024 16:06:38.001,22.0098,32.0791,1.51,8.897,55.873,21.4593
09/07/2024 16:07:38.000,22.0070,32.0813,1.51,8.897,55.812,21.4596
09/07/2024 16:08:38.000,22.0070,32.0811,1.51,8.897,56.095,21.4599
09/07/2024 16:09:38.000,22.0076,32.0823,1.51,8.897,55.981,21.4607
09/07/2024 16:10:38.000,22.0089,32.0817,1.51,8.897,56.057,21.4610
09/07/2024 16:11:38.999,22.0080,32.0799,1.51,8.897,56.004,21.4610
09/07/2024 16:12:38.000,22.0049,32.0798,1.50,8.897,55.843,21.4610
09/07/2024 16:13:38.999,22.0036,32.0793,1.51,8.897,55.936,21.4619
09/07/2024 16:14:38.000,22.0015,32.0797,1.51,8.897,55.913,21.4619
09/07/2024 16:15:38.999,21.9986,32.0811,1.51,8.897,56.082,21.4621
09/07/2024 16:16:38.000,21.9984,32.0819,1.50,8.897,56.079,21.4621
09/07/2024 16:17:38.001,22.0008,32.0812,1.51,8.896,55.887,21.4625
09/07/2024 16:18:38.000,21.9990,32.0814,1.51,8.896,55.976,21.4633
09/07/2024 16:19:38.001,22.0006,32.0831,1.51,8.896,55.966,21.4635
09/07/2024 16:20:38.000,22.0043,32.0844,1.51,8.896,55.917,21.4643
09/07/2024 16:21:38.001,22.0078,32.0834,1.51,8.896,55.849,21.4638
09/07/2024 16:22:38.000,22.0076,32.0818,1.51,8.896,56.026,21.4637
09/07/2024 16:23:38.000,22.0051,32.0811,1.51,8.896,55.924,21.4645
09/07/2024 16:24:38.000,22.0023,32.0823,1.51,8.896,55.866,21.4646
09/07/2024 16:25:38.000,22.0046,32.0852,1.51,8.896,55.911,21.4642
09/07/2024 16:26:38.999,22.0050,32.0824,1.51,8.896,55.857,21.4650
09/07/2024 16:27:38.000,22.0041,32.0802,1.51,8.896,55.950,21.4657
09/07/2024 16:28:38.999,22.0027,32.0814,1.51,8.896,55.944,21.4655
09/07/2024 16:29:38.000,22.0010,32.0834,1.51,8.896,55.986,21.4666
09/07/2024 16:30:38.999,22.0012,32.0808,1.51,8.896,56.064,21.4655
09/07/2024 16:31:38.000,21.9986,32.0819,1.51,8.897,55.925,21.4661
09/07/2024 16:32:38.001,21.9983,32.0849,1.51,8.897,56.071,21.4659
09/07/2024 16:33:38.000,22.0007,32.0824,1.51,8.897,56.122,21.4667
09/07/2024 16:34:38.001,22.0015,32.0835,1.51,8.897,56.111,21.4676
09/07/2024 16:35:38.000,22.0041,32.0827,1.50,8.897,55.948,21.4679
09/07/2024 16:36:38.001,22.0060,32.0819,1.50,8.897,56.093,21.4682
09/07/2024 16:37:38.000,22.0041,32.0811,1.51,8.897,56.182,21.4683
09/07/2024 16:38:38.000,22.0032,32.0817,1.51,8.897,56.020,21.4686
09/07/2024 16:39:38.000,22.0014,32.0832,1.51,8.897,56.057,21.4688
09/07/2024 16:40:38.000,22.0033,32.0846,1.50,8.896,55.956,21.4688
09/07/2024 16:41:38.999,22.0058,32.0830,1.50,8.896,55.949,21.4691
09/07/2024 16:42:38.000,22.0071,32.0869,1.50,8.896,55.892,21.4691
09/07/2024 16:43:38.999,22.0116,32.0827,1.50,8.896,56.128,21.4694
09/07/2024 16:44:38.000,22.0101,32.0838,1.50,8.896,55.964,21.4701
09/07/2024 16:45:38.999,22.0108,32.0831,1.50,8.896,55.988,21.4706
09/07/2024 16:46:38.000,22.0112,32.0825,1.50,8.896,56.004,21.4716
09/07/2024 16:47:38.001,22.0094,32.0824,1.50,8.896,56.164,21.4720
09/07/2024 16:48:38.000,22.0065,32.0825,1.50,8.896,56.143,21.4713
09/07/2024 16:49:38.001,22.0056,32.0837,1.50,8.896,55.914,21.4713
09/07/2024 16:50:38.000,22.0072,32.0832,1.50,8.895,56.029,21.4718
09/07/2024 16:51:38.001,22.0061,32.0855,1.50,8.895,56.007,21.4724
09/07/2024 16:52:38.000,22.0092,32.0848,1.50,8.895,55.935,21.4718
09/07/2024 16:53:38.000,22.0119,32.0856,1.50,8.895,56.009,21.4726
09/07/2024 16:54:38.000,22.0129,32.0818,1.50,8.895,55.954,21.4734
09/07/2024 16:55:38.000,22.0112,32.0834,1.50,8.895,56.114,21.4731
09/07/2024 16:56:38.999,22.0098,32.0828,1.50,8.895,55.968,21.4742
09/07/2024 16:57:38.000,22.0114,32.0858,1.50,8.895,56.024,21.4741
09/07/2024 16:58:38.999,22.0114,32.0842,1.50,8.895,55.996,21.4737
09/07/2024 16:59:38.000,22.0146,32.0861,1.50,8.895,56.044,21.4738
09/07/2024 17:00:38.999,22.0135,32.0825,1.50,8.895,55.996,21.4753
09/07/2024 17:01:38.000,22.0109,32.0844,1.50,8.895,55.948,21.4755
09/07/2024 17:02:38.001,22.0107,32.0843,1.50,8.895,55.845,21.4757
09/07/2024 17:03:38.000,22.0092,32.0836,1.50,8.895,55.987,21.4759
09/07/2024 17:04:38.001,22.0095,32.0854,1.50,8.894,56.119,21.4765
09/07/2024 17:05:38.000,22.0108,32.0848,1.50,8.894,55.924,21.4767
09/07/2024 17:06:38.001,22.0107,32.0845,1.50,8.894,55.868,21.4760
09/07/2024 17:07:38.000,22.0143,32.0848,1.50,8.894,55.984,21.4761
09/07/2024 17:08:38.000,22.0142,32.0838,1.50,8.894,55.954,21.4764
09/07/2024 17:09:38.000,22.0146,32.0837,1.50,8.894,56.014,21.4765
09/07/2024 17:10:38.000,22.0134,32.0858,1.50,8.894,56.008,21.4769
09/07/2024 17:11:38.999,22.0171,32.0860,1.50,8.894,55.957,21.4769
09/07/2024 17:12:38.000,22.0151,32.0827,1.49,8.894,56.011,21.4772
09/07/2024 17:13:38.999,22.0156,32.0858,1.49,8.894,56.036,21.4772
09/07/2024 17:14:38.000,22.0187,32.0860,1.50,8.894,56.031,21.4775
09/07/2024 17:15:38.999,22.0198,32.0829,1.50,8.894,56.047,21.4779
09/07/2024 17:16:38.000,22.0196,32.0828,1.50,8.894,55.959,21.4780
09/07/2024 17:17:38.001,22.0154,32.0840,1.50,8.894,55.963,21.4790
09/07/2024 17:18:38.000,22.0159,32.0842,1.50,8.893,55.906,21.4796
09/07/2024 17:19:38.001,22.0142,32.0845,1.50,8.894,55.974,21.4797
09/07/2024 17:20:38.000,22.0141,32.0858,1.50,8.893,55.874,21.4799
09/07/2024 17:21:38.001,22.0176,32.0857,1.51,8.893,55.885,21.4799
09/07/2024 17:22:38.000,22.0176,32.0855,1.50,8.893,55.905,21.4801
09/07/2024 17:23:38.000,22.0165,32.0849,1.50,8.893,55.953,21.4806
09/07/2024 17:24:38.000,22.0137,32.0832,1.50,8.893,55.967,21.4804
09/07/2024 17:25:38.000,22.0127,32.0858,1.50,8.893,55.940,21.4804
09/07/2024 17:26:38.999,22.0128,32.0849,1.50,8.893,55.962,21.4812
09/07/2024 17:27:38.000,22.0147,32.0862,1.50,8.893,55.900,21.4814
09/07/2024 17:28:38.999,22.0147,32.0876,1.50,8.892,55.832,21.4814
09/07/2024 17:29:38.000,22.0208,32.0901,1.50,8.892,55.832,21.4813
09/07/2024 17:30:38.999,22.0263,32.0860,1.50,8.892,56.038,21.4823
09/07/2024 17:31:38.000,22.0275,32.0851,1.50,8.892,55.954,21.4829
09/07/2024 17:32:38.001,22.0289,32.0873,1.49,8.892,55.979,21.4831
09/07/2024 17:33:38.000,22.0335,32.0857,1.50,8.892,56.043,21.4831
09/07/2024 17:34:38.001,22.0323,32.0840,1.50,8.892,55.779,21.4840
09/07/2024 17:35:38.000,22.0312,32.0858,1.50,8.892,55.754,21.4838
09/07/2024 17:36:38.001,22.0320,32.0844,1.50,8.892,55.891,21.4837
09/07/2024 17:37:38.000,22.0340,32.0888,1.50,8.892,55.794,21.4849
09/07/2024 17:38:38.000,22.0369,32.0855,1.50,8.891,55.890,21.4847
09/07/2024 17:39:38.000,22.0374,32.0844,1.50,8.891,55.884,21.4851
09/07/2024 17:40:38.000,22.0367,32.0859,1.50,8.891,55.875,21.4852
09/07/2024 17:41:38.999,22.0346,32.0828,1.50,8.891,55.875,21.4857
09/07/2024 17:42:38.000,22.0326,32.0841,1.50,8.891,55.987,21.4852
09/07/2024 17:43:38.999,22.0315,32.0880,1.50,8.891,55.938,21.4864
09/07/2024 17:44:38.000,22.0347,32.0858,1.50,8.891,55.972,21.4869
09/07/2024 17:45:38.999,22.0367,32.0890,1.49,8.891,55.961,21.4872
09/07/2024 17:46:38.000,22.0408,32.0854,1.50,8.891,55.962,21.4873
09/07/2024 17:47:38.001,22.0406,32.0854,1.51,8.891,56.039,21.4875
09/07/2024 17:48:38.000,22.0407,32.0867,1.50,8.891,55.821,21.4882
09/07/2024 17:49:38.001,22.0423,32.0876,1.50,8.891,55.853,21.4877
09/07/2024 17:50:38.000,22.0434,32.0855,1.50,8.891,55.852,21.4883
09/07/2024 17:51:38.001,22.0439,32.0847,1.50,8.891,55.784,21.4890
09/07/2024 17:52:38.000,22.0406,32.0858,1.50,8.891,55.836,21.4893
09/07/2024 17:53:38.000,22.0423,32.0871,1.51,8.890,55.830,21.4898
09/07/2024 17:54:38.000,22.0436,32.0869,1.50,8.890,55.833,21.4899
09/07/2024 17:55:38.000,22.0461,32.0872,1.50,8.890,55.908,21.4897
09/07/2024 17:56:38.999,22.0459,32.0858,1.50,8.890,55.844,21.4906
09/07/2024 17:57:38.000,22.0436,32.0845,1.50,8.890,55.785,21.4896
09/07/2024 17:58:38.999,22.0396,32.0843,1.51,8.890,55.846,21.4902
09/07/2024 17:59:38.000,22.0354,32.0854,1.51,8.890,55.844,21.4907
09/07/2024 18:00:38.999,22.0359,32.0877,1.50,8.889,55.864,21.4912
09/07/2024 18:01:38.000,22.0360,32.0864,1.50,8.889,55.816,21.4918
09/07/2024 18:02:38.001,22.0342,32.0841,1.50,8.889,55.794,21.4924
09/07/2024 18:03:38.000,22.0301,32.0865,1.50,8.889,55.810,21.4926
09/07/2024 18:04:38.001,22.0326,32.0865,1.50,8.889,55.783,21.4924
09/07/2024 18:05:38.000,22.0310,32.0857,1.50,8.889,55.875,21.4917
09/07/2024 18:06:38.001,22.0301,32.0877,1.50,8.889,55.915,21.4921
09/07/2024 18:07:38.000,22.0310,32.0859,1.50,8.889,55.881,21.4930
09/07/2024 18:08:38.000,22.0276,32.0841,1.50,8.889,55.857,21.4935
09/07/2024 18:09:38.000,22.0253,32.0869,1.50,8.889,55.819,21.4940
09/07/2024 18:10:38.000,22.0273,32.0884,1.50,8.889,55.846,21.4942
09/07/2024 18:11:38.999,22.0290,32.0866,1.50,8.888,55.905,21.4938
09/07/2024 18:12:38.000,22.0277,32.0869,1.50,8.888,55.846,21.4940
09/07/2024 18:13:38.999,22.0262,32.0863,1.50,8.888,55.885,21.4942
09/07/2024 18:14:38.000,22.0248,32.0871,1.51,8.888,56.018,21.4947
09/07/2024 18:15:38.999,22.0244,32.0858,1.50,8.888,55.936,21.4953
09/07/2024 18:16:38.000,22.0220,32.0873,1.50,8.888,55.892,21.4952
09/07/2024 18:17:38.001,22.0224,32.0866,1.50,8.888,55.969,21.4952
09/07/2024 18:18:38.000,22.0216,32.0870,1.50,8.888,55.964,21.4953
09/07/2024 18:19:38.001,22.0233,32.0898,1.50,8.888,56.035,21.4955
09/07/2024 18:20:38.000,22.0254,32.0888,1.50,8.888,55.937,21.4959
09/07/2024 18:21:38.001,22.0285,32.0890,1.50,8.888,55.941,21.4960
09/07/2024 18:22:38.000,22.0285,32.0870,1.50,8.888,55.871,21.4962
09/07/2024 18:23:38.000,22.0299,32.0867,1.50,8.888,55.800,21.4967
09/07/2024 18:24:38.000,22.0297,32.0879,1.50,8.887,55.923,21.4969
09/07/2024 18:25:38.000,22.0314,32.0891,1.50,8.887,55.934,21.4964
09/07/2024 18:26:38.999,22.0313,32.0882,1.50,8.887,55.936,21.4963
09/07/2024 18:27:38.000,22.0345,32.0890,1.50,8.887,56.042,21.4971
09/07/2024 18:28:38.999,22.0329,32.0869,1.50,8.887,55.942,21.4979
09/07/2024 18:29:38.000,22.0333,32.0900,1.50,8.887,56.071,21.4981
09/07/2024 18:30:38.999,22.0373,32.0880,1.50,8.887,56.107,21.4985
09/07/2024 18:31:38.000,22.0385,32.0906,1.50,8.887,56.055,21.4984
09/07/2024 18:32:38.001,22.0420,32.0867,1.50,8.887,55.982,21.4982
09/07/2024 18:33:38.000,22.0383,32.0864,1.50,8.887,56.015,21.4990
09/07/2024 18:34:38.001,22.0377,32.0873,1.50,8.887,56.170,21.4991
09/07/2024 18:35:38.000,22.0364,32.0874,1.50,8.887,56.125,21.4984
09/07/2024 18:36:38.001,22.0325,32.0863,1.50,8.887,56.057,21.4998
09/07/2024 18:37:38.000,22.0335,32.0892,1.50,8.887,55.966,21.5001
09/07/2024 18:38:38.000,22.0337,32.0896,1.50,8.886,56.025,21.5005
09/07/2024 18:39:38.000,22.0356,32.0869,1.51,8.886,56.066,21.5010
09/07/2024 18:40:38.000,22.0365,32.0884,1.50,8.886,56.023,21.5011
09/07/2024 18:41:38.999,22.0375,32.0896,1.50,8.886,55.898,21.5010
09/07/2024 18:42:38.000,22.0366,32.0865,1.50,8.886,55.893,21.5012
09/07/2024 18:43:38.999,22.0337,32.0883,1.50,8.886,56.033,21.5024
09/07/2024 18:44:38.000,22.0320,32.0888,1.50,8.886,55.970,21.5024
09/07/2024 18:45:38.999,22.0339,32.0896,1.50,8.885,55.985,21.5029
09/07/2024 18:46:38.000,22.0334,32.0878,1.50,8.885,55.972,21.5025
09/07/2024 18:47:38.999,22.0361,32.0923,1.50,8.885,55.901,21.5031
09/07/2024 18:48:38.002,22.0401,32.0901,1.49,8.885,56.015,21.5037
09/07/2024 18:49:38.001,22.0428,32.0897,1.49,8.885,55.923,21.5033
09/07/2024 18:50:38.000,22.0424,32.0887,1.50,8.885,55.983,21.5032
09/07/2024 18:51:38.999,22.0410,32.0887,1.50,8.884,55.967,21.5042
09/07/2024 18:52:38.001,22.0365,32.0882,1.50,8.884,56.010,21.5044
09/07/2024 18:53:38.000,22.0360,32.0876,1.50,8.884,56.057,21.5044
09/07/2024 18:54:38.000,22.0352,32.0906,1.50,8.884,56.011,21.5048
09/07/2024 18:55:38.999,22.0361,32.0873,1.50,8.884,55.985,21.5040
09/07/2024 18:56:38.001,22.0319,32.0869,1.50,8.884,56.044,21.5049
09/07/2024 18:57:38.000,22.0309,32.0909,1.50,8.883,56.020,21.5053
09/07/2024 18:58:38.999,22.0306,32.0875,1.50,8.884,55.944,21.5052
09/07/2024 18:59:38.998,22.0298,32.0904,1.50,8.883,55.975,21.5062
09/07/2024 19:00:38.001,22.0347,32.0926,1.50,8.883,56.122,21.5060
09/07/2024 19:01:38.000,22.0386,32.0907,1.50,8.883,56.110,21.5054
09/07/2024 19:02:38.999,22.0414,32.0904,1.50,8.883,56.107,21.5062
09/07/2024 19:03:38.002,22.0410,32.0895,1.49,8.883,56.034,21.5060
09/07/2024 19:04:38.001,22.0427,32.0912,1.50,8.883,55.998,21.5070
09/07/2024 19:05:38.000,22.0408,32.0883,1.50,8.882,55.951,21.5066
09/07/2024 19:06:38.999,22.0415,32.0885,1.50,8.882,56.021,21.5070
09/07/2024 19:07:38.001,22.0425,32.0912,1.50,8.882,55.881,21.5075
09/07/2024 19:08:38.000,22.0461,32.0903,1.50,8.882,55.987,21.5078
09/07/2024 19:09:38.000,22.0500,32.0917,1.50,8.882,56.091,21.5083
09/07/2024 19:10:38.999,22.0523,32.0889,1.50,8.882,55.989,21.5082
09/07/2024 19:11:38.001,22.0513,32.0910,1.50,8.881,55.905,21.5092
09/07/2024 19:12:38.000,22.0545,32.0914,1.50,8.881,55.915,21.5087
09/07/2024 19:13:38.999,22.0531,32.0892,1.50,8.881,55.888,21.5096
09/07/2024 19:14:38.998,22.0518,32.0902,1.50,8.881,55.997,21.5099
09/07/2024 19:15:38.001,22.0538,32.0908,1.50,8.881,56.004,21.5101
09/07/2024 19:16:38.000,22.0570,32.0902,1.49,8.881,55.936,21.5101
09/07/2024 19:17:38.999,22.0554,32.0913,1.50,8.881,56.034,21.5104
09/07/2024 19:18:38.002,22.0570,32.0888,1.50,8.880,55.847,21.5101
09/07/2024 19:19:38.001,22.0544,32.0884,1.50,8.880,55.988,21.5112
09/07/2024 19:20:38.000,22.0529,32.0913,1.49,8.880,55.914,21.5112
09/07/2024 19:21:38.999,22.0549,32.0905,1.49,8.880,55.912,21.5119
09/07/2024 19:22:38.001,22.0573,32.0904,1.49,8.880,55.770,21.5117
09/07/2024 19:23:38.000,22.0586,32.0901,1.50,8.880,56.008,21.5122
09/07/2024 19:24:38.000,22.0596,32.0917,1.50,8.880,55.919,21.5123
09/07/2024 19:25:38.999,22.0626,32.0903,1.50,8.880,55.980,21.5130
09/07/2024 19:26:38.001,22.0625,32.0903,1.50,8.880,56.025,21.5132
09/07/2024 19:27:38.000,22.0598,32.0892,1.50,8.879,55.899,21.5134
09/07/2024 19:28:38.999,22.0608,32.0956,1.50,8.879,55.986,21.5146
09/07/2024 19:29:38.998,22.0685,32.0917,1.50,8.879,55.971,21.5138
09/07/2024 19:30:38.001,22.0688,32.0901,1.50,8.879,55.956,21.5151
09/07/2024 19:31:38.000,22.0680,32.0885,1.50,8.879,55.991,21.5149
09/07/2024 19:32:38.999,22.0653,32.0894,1.50,8.879,55.846,21.5157
09/07/2024 19:33:38.002,22.0636,32.0908,1.50,8.879,55.967,21.5158
09/07/2024 19:34:38.001,22.0650,32.0888,1.50,8.879,56.014,21.5158
09/07/2024 19:35:38.000,22.0619,32.0891,1.49,8.878,55.937,21.5159
09/07/2024 19:36:38.999,22.0607,32.0902,1.50,8.878,56.061,21.5166
09/07/2024 19:37:38.001,22.0598,32.0916,1.50,8.878,55.974,21.5169
09/07/2024 19:38:38.000,22.0601,32.0898,1.49,8.878,56.076,21.5178
09/07/2024 19:39:38.000,22.0592,32.0897,1.50,8.878,55.928,21.5168
09/07/2024 19:40:38.999,22.0587,32.0908,1.50,8.878,55.879,21.5177
09/07/2024 19:41:38.001,22.0595,32.0932,1.49,8.878,55.982,21.5183
09/07/2024 19:42:38.000,22.0627,32.0924,1.49,8.878,55.838,21.5189
09/07/2024 19:43:38.999,22.0629,32.0906,1.49,8.877,55.916,21.5192
09/07/2024 19:44:38.998,22.0619,32.0910,1.49,8.877,55.850,21.5192
09/07/2024 19:45:38.001,22.0607,32.0905,1.49,8.877,55.990,21.5197
09/07/2024 19:46:38.000,22.0584,32.0883,1.49,8.877,55.980,21.5200
09/07/2024 19:47:38.999,22.0554,32.0911,1.49,8.877,55.878,21.5204
09/07/2024 19:48:38.002,22.0562,32.0924,1.49,8.877,56.017,21.5198
09/07/2024 19:49:38.001,22.0575,32.0897,1.50,8.877,56.063,21.5206
09/07/2024 19:50:38.000,22.0555,32.0900,1.49,8.877,55.892,21.5194
09/07/2024 19:51:38.999,22.0534,32.0912,1.50,8.877,55.981,21.5196
09/07/2024 19:52:38.001,22.0529,32.0908,1.50,8.877,55.939,21.5202
09/07/2024 19:53:38.000,22.0514,32.0903,1.50,8.877,55.958,21.5209
09/07/2024 19:54:38.000,22.0495,32.0902,1.50,8.877,56.022,21.5213
09/07/2024 19:55:38.999,22.0495,32.0926,1.50,8.877,56.068,21.5212
09/07/2024 19:56:38.001,22.0499,32.0911,1.51,8.877,56.081,21.5225
09/07/2024 19:57:38.000,22.0496,32.0915,1.50,8.877,56.119,21.5224
09/07/2024 19:58:38.999,22.0502,32.0927,1.51,8.877,55.908,21.5227
09/07/2024 19:59:38.998,22.0497,32.0920,1.51,8.877,55.950,21.5229
09/07/2024 20:00:38.001,22.0524,32.0919,1.51,8.877,55.973,21.5231
09/07/2024 20:01:38.000,22.0510,32.0913,1.51,8.877,55.822,21.5233
09/07/2024 20:02:38.999,22.0502,32.0931,1.51,8.877,56.107,21.5237
09/07/2024 20:03:38.002,22.0499,32.0923,1.51,8.877,56.078,21.5235
09/07/2024 20:04:38.001,22.0499,32.0909,1.51,8.876,56.151,21.5235
09/07/2024 20:05:38.000,22.0477,32.0915,1.51,8.876,56.210,21.5238
09/07/2024 20:06:38.999,22.0486,32.0933,1.50,8.876,56.143,21.5223
09/07/2024 20:07:38.001,22.0518,32.0939,1.51,8.876,56.132,21.5233
09/07/2024 20:08:38.000,22.0544,32.0941,1.50,8.876,56.089,21.5237
09/07/2024 20:09:38.000,22.0549,32.0915,1.50,8.876,56.068,21.5239
09/07/2024 20:10:38.999,22.0517,32.0926,1.50,8.876,56.114,21.5241
09/07/2024 20:11:38.001,22.0514,32.0914,1.50,8.876,56.094,21.5242
09/07/2024 20:12:38.000,22.0486,32.0924,1.50,8.876,56.186,21.5246
09/07/2024 20:13:38.999,22.0489,32.0933,1.50,8.876,56.115,21.5248
09/07/2024 20:14:38.998,22.0489,32.0932,1.51,8.876,56.151,21.5251
09/07/2024 20:15:38.001,22.0505,32.0930,1.50,8.876,56.085,21.5252
09/07/2024 20:16:38.000,22.0498,32.0949,1.50,8.876,56.037,21.5252
09/07/2024 20:17:38.999,22.0515,32.0929,1.50,8.876,56.199,21.5264
09/07/2024 20:18:38.002,22.0546,32.0941,1.50,8.876,56.200,21.5258
09/07/2024 20:19:38.001,22.0570,32.0950,1.50,8.876,56.030,21.5267
09/07/2024 20:20:38.000,22.0623,32.0945,1.50,8.876,56.184,21.5275
09/07/2024 20:21:38.999,22.0633,32.0929,1.50,8.876,56.117,21.5283
09/07/2024 20:22:38.001,22.0648,32.0945,1.50,8.876,56.074,21.5281
09/07/2024 20:23:38.000,22.0647,32.0927,1.50,8.876,56.048,21.5288
09/07/2024 20:24:38.000,22.0640,32.0916,1.50,8.876,55.993,21.5279
09/07/2024 20:25:38.999,22.0633,32.0945,1.50,8.876,56.118,21.5289
09/07/2024 20:26:38.001,22.0643,32.0934,1.50,8.876,56.062,21.5292
09/07/2024 20:27:38.000,22.0660,32.0951,1.50,8.876,56.128,21.5300
09/07/2024 20:28:38.999,22.0689,32.0937,1.50,8.876,56.119,21.5298
09/07/2024 20:29:38.998,22.0695,32.0946,1.50,8.876,56.006,21.5298
09/07/2024 20:30:38.001,22.0703,32.0923,1.50,8.876,56.012,21.5305
09/07/2024 20:31:38.000,22.0709,32.0937,1.50,8.876,55.998,21.5311
09/07/2024 20:32:38.999,22.0714,32.0958,1.50,8.876,55.927,21.5309
09/07/2024 20:33:38.002,22.0756,32.0931,1.50,8.876,56.079,21.5310
09/07/2024 20:34:38.001,22.0744,32.0929,1.50,8.876,56.118,21.5313
09/07/2024 20:35:38.000,22.0726,32.0925,1.50,8.876,56.160,21.5315
09/07/2024 20:36:38.999,22.0701,32.0923,1.50,8.876,56.319,21.5319
09/07/2024 20:37:38.001,22.0694,32.0941,1.50,8.876,56.178,21.5324
09/07/2024 20:38:38.000,22.0703,32.0929,1.51,8.876,56.239,21.5325
09/07/2024 20:39:38.000,22.0719,32.0958,1.50,8.876,56.177,21.5329
09/07/2024 20:40:38.999,22.0757,32.0922,1.50,8.876,56.272,21.5333
09/07/2024 20:41:38.001,22.0724,32.0916,1.50,8.876,56.157,21.5334
09/07/2024 20:42:38.000,22.0692,32.0923,1.50,8.876,56.217,21.5333
09/07/2024 20:43:38.999,22.0676,32.0926,1.51,8.876,56.141,21.5343
09/07/2024 20:44:38.998,22.0676,32.0948,1.50,8.876,56.016,21.5341
09/07/2024 20:45:38.001,22.0687,32.0933,1.50,8.876,56.199,21.5341
09/07/2024 20:46:38.000,22.0681,32.0910,1.51,8.876,56.178,21.5347
09/07/2024 20:47:38.999,22.0646,32.0939,1.51,8.876,56.252,21.5348
09/07/2024 20:48:38.002,22.0645,32.0935,1.51,8.876,56.118,21.5350
09/07/2024 20:49:38.001,22.0640,32.0951,1.51,8.875,56.221,21.5355
09/07/2024 20:50:38.000,22.0641,32.0940,1.51,8.875,56.237,21.5354
09/07/2024 20:51:38.999,22.0661,32.0951,1.51,8.875,56.218,21.5361
09/07/2024 20:52:38.001,22.0686,32.0960,1.51,8.875,56.206,21.5358
09/07/2024 20:53:38.000,22.0678,32.0918,1.51,8.875,56.140,21.5360
09/07/2024 20:54:38.000,22.0649,32.0942,1.50,8.875,56.171,21.5355
09/07/2024 20:55:38.999,22.0644,32.0939,1.50,8.875,56.198,21.5354
09/07/2024 20:56:38.001,22.0654,32.0951,1.50,8.875,56.120,21.5353
09/07/2024 20:57:38.000,22.0673,32.0964,1.50,8.875,56.209,21.5364
09/07/2024 20:58:38.999,22.0671,32.0939,1.50,8.875,56.110,21.5363
09/07/2024 20:59:38.998,22.0647,32.0937,1.50,8.875,56.064,21.5363
09/07/2024 21:00:38.001,22.0662,32.0942,1.50,8.875,56.171,21.5366
09/07/2024 21:01:38.000,22.0650,32.0946,1.50,8.875,56.264,21.5367
09/07/2024 21:02:38.999,22.0643,32.0971,1.50,8.875,56.098,21.5371
09/07/2024 21:03:38.002,22.0669,32.0951,1.50,8.875,56.043,21.5373
09/07/2024 21:04:38.001,22.0688,32.0927,1.51,8.875,56.135,21.5372
09/07/2024 21:05:38.000,22.0656,32.0947,1.50,8.874,56.137,21.5373
09/07/2024 21:06:38.999,22.0621,32.0925,1.50,8.875,56.054,21.5372
09/07/2024 21:07:38.001,22.0598,32.0936,1.51,8.875,56.227,21.5373
09/07/2024 21:08:38.000,22.0573,32.0934,1.51,8.875,56.142,21.5375
09/07/2024 21:09:38.000,22.0570,32.0979,1.51,8.875,56.081,21.5374
09/07/2024 21:10:38.999,22.0614,32.0960,1.51,8.875,56.084,21.5378
09/07/2024 21:11:38.001,22.0609,32.0951,1.51,8.875,56.093,21.5376
09/07/2024 21:12:38.000,22.0614,32.0948,1.51,8.875,56.077,21.5381
09/07/2024 21:13:38.999,22.0635,32.0977,1.51,8.875,56.015,21.5380
09/07/2024 21:14:38.998,22.0683,32.0996,1.51,8.875,56.120,21.5380
09/07/2024 21:15:38.001,22.0708,32.0969,1.51,8.875,55.988,21.5379
09/07/2024 21:16:38.000,22.0753,32.0963,1.51,8.875,56.170,21.5388
09/07/2024 21:17:38.999,22.0753,32.0950,1.52,8.875,56.265,21.5389
09/07/2024 21:18:38.002,22.0710,32.0937,1.51,8.875,56.219,21.5383
09/07/2024 21:19:38.001,22.0679,32.0943,1.51,8.875,56.028,21.5393
09/07/2024 21:20:38.000,22.0678,32.0979,1.51,8.875,56.086,21.5385
09/07/2024 21:21:38.999,22.0717,32.0950,1.51,8.875,55.959,21.5377
09/07/2024 21:22:38.001,22.0713,32.0967,1.50,8.875,56.054,21.5389
09/07/2024 21:23:38.000,22.0715,32.0967,1.50,8.875,56.142,21.5392
09/07/2024 21:24:38.000,22.0730,32.0954,1.50,8.875,56.172,21.5397
09/07/2024 21:25:38.999,22.0748,32.0998,1.50,8.875,56.077,21.5390
09/07/2024 21:26:38.001,22.0782,32.0950,1.50,8.875,56.076,21.5392
09/07/2024 21:27:38.000,22.0761,32.0947,1.50,8.875,56.184,21.5395
09/07/2024 21:28:38.999,22.0724,32.0959,1.50,8.875,56.101,21.5396
09/07/2024 21:29:38.998,22.0736,32.0948,1.50,8.875,56.045,21.5403
09/07/2024 21:30:38.001,22.0732,32.0961,1.50,8.875,56.133,21.5406
09/07/2024 21:31:38.000,22.0731,32.0950,1.50,8.875,56.093,21.5398
09/07/2024 21:32:38.999,22.0711,32.0950,1.50,8.875,56.119,21.5407
09/07/2024 21:33:38.002,22.0701,32.0962,1.50,8.875,56.114,21.5401
09/07/2024 21:34:38.001,22.0724,32.0954,1.50,8.875,56.201,21.5410
09/07/2024 21:35:38.000,22.0713,32.0955,1.50,8.875,56.091,21.5406
09/07/2024 21:36:38.999,22.0727,32.0982,1.50,8.875,56.049,21.5410
09/07/2024 21:37:38.001,22.0729,32.0957,1.50,8.874,56.094,21.5411
09/07/2024 21:38:38.000,22.0750,32.0982,1.50,8.874,56.184,21.5409
09/07/2024 21:39:38.000,22.0774,32.0994,1.50,8.874,55.947,21.5408
09/07/2024 21:40:38.999,22.0799,32.0950,1.50,8.874,56.073,21.5414
09/07/2024 21:41:38.001,22.0751,32.0950,1.50,8.874,56.063,21.5400
09/07/2024 21:42:38.000,22.0743,32.0960,1.50,8.874,56.074,21.5402
09/07/2024 21:43:38.999,22.0727,32.0974,1.50,8.874,55.994,21.5413
09/07/2024 21:44:38.998,22.0735,32.0975,1.50,8.874,56.069,21.5412
09/07/2024 21:45:38.001,22.0750,32.0967,1.50,8.874,56.078,21.5415
09/07/2024 21:46:38.000,22.0737,32.0976,1.50,8.874,56.064,21.5414
09/07/2024 21:47:38.999,22.0731,32.0970,1.50,8.874,56.023,21.5416
09/07/2024 21:48:38.002,22.0721,32.0965,1.50,8.874,56.006,21.5418
09/07/2024 21:49:38.001,22.0736,32.0987,1.50,8.874,56.102,21.5418
09/07/2024 21:50:38.000,22.0764,32.0961,1.50,8.874,56.153,21.5418
09/07/2024 21:51:38.999,22.0736,32.0940,1.50,8.874,55.987,21.5407
09/07/2024 21:52:38.001,22.0690,32.0960,1.50,8.874,56.102,21.5413
09/07/2024 21:53:38.000,22.0667,32.0964,1.50,8.874,56.038,21.5420
09/07/2024 21:54:38.000,22.0664,32.0979,1.50,8.874,56.055,21.5418
09/07/2024 21:55:38.999,22.0658,32.0959,1.50,8.874,56.069,21.5422
09/07/2024 21:56:38.001,22.0638,32.0973,1.50,8.874,56.020,21.5420
09/07/2024 21:57:38.000,22.0616,32.0964,1.49,8.874,56.111,21.5421
09/07/2024 21:58:38.999,22.0622,32.0976,1.50,8.874,56.016,21.5427
09/07/2024 21:59:38.998,22.0602,32.0950,1.50,8.874,56.131,21.5423
09/07/2024 22:00:38.001,22.0550,32.0952,1.50,8.874,56.096,21.5426
09/07/2024 22:01:38.000,22.0525,32.0984,1.50,8.874,56.098,21.5417
09/07/2024 22:02:38.999,22.0524,32.0976,1.50,8.874,56.162,21.5419
09/07/2024 22:03:38.002,22.0515,32.0971,1.50,8.874,56.112,21.5417
09/07/2024 22:04:38.001,22.0521,32.0985,1.50,8.874,56.213,21.5421
09/07/2024 22:05:38.000,22.0546,32.0976,1.50,8.874,56.174,21.5425
09/07/2024 22:06:38.999,22.0536,32.0999,1.50,8.874,56.024,21.5413
09/07/2024 22:07:38.001,22.0558,32.0972,1.50,8.874,56.243,21.5417
09/07/2024 22:08:38.000,22.0520,32.0981,1.50,8.874,56.165,21.5423
09/07/2024 22:09:38.000,22.0500,32.0969,1.50,8.874,56.148,21.5420
09/07/2024 22:10:38.999,22.0493,32.1001,1.50,8.874,56.206,21.5420
09/07/2024 22:11:38.001,22.0521,32.0985,1.50,8.873,56.064,21.5414
09/07/2024 22:12:38.000,22.0519,32.1008,1.50,8.873,56.104,21.5414
09/07/2024 22:13:38.999,22.0532,32.0979,1.50,8.873,56.130,21.5419
09/07/2024 22:14:38.998,22.0511,32.0977,1.50,8.873,56.165,21.5417
09/07/2024 22:15:38.001,22.0501,32.1008,1.51,8.873,56.316,21.5420
09/07/2024 22:16:38.000,22.0523,32.0988,1.50,8.873,56.207,21.5419
09/07/2024 22:17:38.999,22.0556,32.1021,1.50,8.873,56.225,21.5421
09/07/2024 22:18:38.002,22.0624,32.1004,1.50,8.873,56.111,21.5413
09/07/2024 22:19:38.001,22.0614,32.0978,1.50,8.873,56.063,21.5414
09/07/2024 22:20:38.000,22.0580,32.0984,1.50,8.873,56.199,21.5423
09/07/2024 22:21:38.999,22.0562,32.0985,1.50,8.873,56.111,21.5425
09/07/2024 22:22:38.001,22.0568,32.1007,1.50,8.873,56.240,21.5420
09/07/2024 22:23:38.000,22.0574,32.0990,1.51,8.873,56.300,21.5418
09/07/2024 22:24:38.000,22.0587,32.0996,1.50,8.873,56.167,21.5421
09/07/2024 22:25:38.999,22.0577,32.0993,1.50,8.873,56.184,21.5425
09/07/2024 22:26:38.001,22.0584,32.0992,1.50,8.873,56.149,21.5425
09/07/2024 22:27:38.000,22.0580,32.0999,1.50,8.873,56.243,21.5411
09/07/2024 22:28:38.999,22.0576,32.0991,1.51,8.873,56.191,21.5414
09/07/2024 22:29:38.998,22.0586,32.1021,1.50,8.873,56.116,21.5413
09/07/2024 22:30:38.001,22.0595,32.0991,1.50,8.873,56.177,21.5427
09/07/2024 22:31:38.000,22.0606,32.1028,1.50,8.872,56.204,21.5426
09/07/2024 22:32:38.999,22.0620,32.0992,1.50,8.872,56.219,21.5434
09/07/2024 22:33:38.002,22.0609,32.1003,1.50,8.872,56.088,21.5425
09/07/2024 22:34:38.001,22.0601,32.1008,1.50,8.872,56.078,21.5425
09/07/2024 22:35:38.000,22.0619,32.1007,1.50,8.872,56.152,21.5422
09/07/2024 22:36:38.999,22.0612,32.0980,1.51,8.872,56.079,21.5429
09/07/2024 22:37:38.001,22.0631,32.1011,1.51,8.872,56.182,21.5425
09/07/2024 22:38:38.000,22.0638,32.0985,1.50,8.872,56.097,21.5415
09/07/2024 22:39:38.000,22.0626,32.0992,1.50,8.872,56.174,21.5420
09/07/2024 22:40:38.999,22.0645,32.0988,1.50,8.872,56.138,21.5425
09/07/2024 22:41:38.001,22.0624,32.0976,1.50,8.872,56.218,21.5426
09/07/2024 22:42:38.000,22.0610,32.1004,1.50,8.872,56.195,21.5430
09/07/2024 22:43:38.999,22.0614,32.1001,1.50,8.872,56.146,21.5428
09/07/2024 22:44:38.998,22.0606,32.0991,1.50,8.872,56.160,21.5424
09/07/2024 22:45:38.001,22.0579,32.1001,1.50,8.872,56.149,21.5428
09/07/2024 22:46:38.000,22.0567,32.1013,1.50,8.872,56.233,21.5440
09/07/2024 22:47:38.999,22.0577,32.1002,1.50,8.872,56.034,21.5430
09/07/2024 22:48:38.002,22.0579,32.1013,1.50,8.872,56.189,21.5421
09/07/2024 22:49:38.001,22.0600,32.1009,1.50,8.872,56.177,21.5421
09/07/2024 22:50:38.000,22.0596,32.1004,1.50,8.872,56.074,21.5433
09/07/2024 22:51:38.999,22.0579,32.1005,1.50,8.872,56.142,21.5431
09/07/2024 22:52:38.001,22.0590,32.1005,1.50,8.872,56.160,21.5428
09/07/2024 22:53:38.000,22.0567,32.1012,1.50,8.872,56.006,21.5429
09/07/2024 22:54:38.000,22.0577,32.1007,1.50,8.872,56.106,21.5421
09/07/2024 22:55:38.999,22.0603,32.1016,1.50,8.872,56.224,21.5418
09/07/2024 22:56:38.001,22.0614,32.1008,1.50,8.872,56.148,21.5426
09/07/2024 22:57:38.000,22.0609,32.1000,1.50,8.872,56.203,21.5431
09/07/2024 22:58:38.999,22.0588,32.1005,1.50,8.872,56.182,21.5432
09/07/2024 22:59:38.998,22.0586,32.1000,1.50,8.872,56.088,21.5424
09/07/2024 23:00:38.001,22.0588,32.1039,1.50,8.872,56.001,21.5432
09/07/2024 23:01:38.000,22.0622,32.1017,1.50,8.872,56.160,21.5432
09/07/2024 23:02:38.999,22.0624,32.1013,1.50,8.871,56.168,21.5441
09/07/2024 23:03:38.002,22.0613,32.1009,1.50,8.871,56.142,21.5436
09/07/2024 23:04:38.001,22.0627,32.1013,1.50,8.871,56.157,21.5429
09/07/2024 23:05:38.000,22.0608,32.1009,1.51,8.871,56.250,21.5429
09/07/2024 23:06:38.999,22.0602,32.1001,1.50,8.871,56.196,21.5436
09/07/2024 23:07:38.001,22.0587,32.1004,1.51,8.872,56.094,21.5421
09/07/2024 23:08:38.000,22.0576,32.1009,1.50,8.872,56.173,21.5424
09/07/2024 23:09:38.000,22.0588,32.1032,1.51,8.872,56.171,21.5429
09/07/2024 23:10:38.999,22.0600,32.1006,1.51,8.872,56.186,21.5417
09/07/2024 23:11:38.001,22.0603,32.1011,1.51,8.872,56.140,21.5420
09/07/2024 23:12:38.000,22.0594,32.1032,1.51,8.872,56.134,21.5420
09/07/2024 23:13:38.999,22.0614,32.1024,1.51,8.872,56.334,21.5423
09/07/2024 23:14:38.998,22.0614,32.1042,1.50,8.871,56.058,21.5420
09/07/2024 23:15:38.001,22.0627,32.1024,1.51,8.872,56.021,21.5412
09/07/2024 23:16:38.000,22.0612,32.1023,1.50,8.872,56.106,21.5414
09/07/2024 23:17:38.999,22.0611,32.1011,1.50,8.872,56.051,21.5435
09/07/2024 23:18:38.002,22.0608,32.1020,1.50,8.872,56.022,21.5436
09/07/2024 23:19:38.001,22.0610,32.1028,1.50,8.872,56.136,21.5430
09/07/2024 23:20:38.000,22.0597,32.1019,1.50,8.872,56.109,21.5422
09/07/2024 23:21:38.999,22.0596,32.1023,1.50,8.872,56.186,21.5431
09/07/2024 23:22:38.001,22.0583,32.1042,1.50,8.872,56.075,21.5431
09/07/2024 23:23:38.000,22.0584,32.0995,1.50,8.872,56.060,21.5432
09/07/2024 23:24:38.000,22.0543,32.1027,1.50,8.872,56.186,21.5427
09/07/2024 23:25:38.999,22.0558,32.1038,1.50,8.872,56.136,21.5423
09/07/2024 23:26:38.001,22.0584,32.1026,1.49,8.872,56.090,21.5428
09/07/2024 23:27:38.000,22.0581,32.1004,1.49,8.872,56.042,21.5433
09/07/2024 23:28:38.999,22.0548,32.1013,1.49,8.872,56.156,21.5436
09/07/2024 23:29:38.998,22.0545,32.1019,1.50,8.872,56.187,21.5432
09/07/2024 23:30:38.001,22.0525,32.1024,1.50,8.872,56.159,21.5430
09/07/2024 23:31:38.000,22.0525,32.1030,1.49,8.872,56.114,21.5427
09/07/2024 23:32:38.999,22.0527,32.1051,1.50,8.872,56.262,21.5428
09/07/2024 23:33:38.002,22.0563,32.1039,1.50,8.872,56.103,21.5430
09/07/2024 23:34:38.001,22.0555,32.1034,1.49,8.872,56.142,21.5428
09/07/2024 23:35:38.000,22.0576,32.1019,1.50,8.872,56.093,21.5425
09/07/2024 23:36:38.999,22.0545,32.1017,1.50,8.872,56.112,21.5424
09/07/2024 23:37:38.001,22.0553,32.1042,1.50,8.872,56.153,21.5428
09/07/2024 23:38:38.000,22.0574,32.1021,1.50,8.872,56.190,21.5430
09/07/2024 23:39:38.000,22.0525,32.1024,1.50,8.872,56.189,21.5427
09/07/2024 23:40:38.999,22.0531,32.1035,1.50,8.872,56.135,21.5425
09/07/2024 23:41:38.001,22.0510,32.1030,1.50,8.872,56.215,21.5422
09/07/2024 23:42:38.000,22.0516,32.1038,1.50,8.872,56.243,21.5427
09/07/2024 23:43:38.999,22.0534,32.1057,1.51,8.872,56.081,21.5431
09/07/2024 23:44:38.998,22.0522,32.1027,1.51,8.872,56.291,21.5429
09/07/2024 23:45:38.001,22.0483,32.1035,1.51,8.872,56.073,21.5429
09/07/2024 23:46:38.000,22.0485,32.1039,1.51,8.872,56.212,21.5421
09/07/2024 23:47:38.999,22.0482,32.1043,1.51,8.872,56.214,21.5429
09/07/2024 23:48:38.002,22.0484,32.1039,1.51,8.872,56.225,21.5424
09/07/2024 23:49:38.001,22.0490,32.1056,1.51,8.872,56.143,21.5424
09/07/2024 23:50:38.000,22.0498,32.1038,1.51,8.872,56.074,21.5419
09/07/2024 23:51:38.999,22.0498,32.1038,1.50,8.872,56.188,21.5420
09/07/2024 23:52:38.001,22.0502,32.1045,1.50,8.872,56.183,21.5415
09/07/2024 23:53:38.000,22.0513,32.1046,1.50,8.872,56.193,21.5422
09/07/2024 23:54:38.000,22.0501,32.1037,1.50,8.872,56.029,21.5418
09/07/2024 23:55:38.999,22.0492,32.1051,1.50,8.872,56.152,21.5427
09/07/2024 23:56:38.001,22.0499,32.1045,1.51,8.872,56.216,21.5422
09/07/2024 23:57:38.000,22.0505,32.1053,1.50,8.873,56.253,21.5419
09/07/2024 23:58:38.999,22.0497,32.1044,1.51,8.872,56.242,21.5419
09/07/2024 23:59:38.998,22.0487,32.1043,1.50,8.872,56.195,21.5420
10/07/2024 00:00:38.001,22.0479,32.1072,1.51,8.873,56.192,21.5421
10/07/2024 00:01:38.000,22.0514,32.1051,1.50,8.873,56.198,21.5408
10/07/2024 00:02:38.999,22.0510,32.1045,1.50,8.873,56.167,21.5405
10/07/2024 00:03:38.002,22.0483,32.1042,1.51,8.873,56.222,21.5417
10/07/2024 00:04:38.001,22.0494,32.1056,1.51,8.873,56.095,21.5412
10/07/2024 00:05:38.000,22.0505,32.1061,1.50,8.873,56.144,21.5421
10/07/2024 00:06:38.999,22.0507,32.1047,1.50,8.873,56.136,21.5411
10/07/2024 00:07:38.001,22.0490,32.1040,1.50,8.873,56.170,21.5408
10/07/2024 00:08:38.000,22.0452,32.1044,1.50,8.873,56.152,21.5416
10/07/2024 00:09:38.000,22.0448,32.1032,1.50,8.873,56.166,21.5413
10/07/2024 00:10:38.999,22.0421,32.1046,1.50,8.874,56.104,21.5414
10/07/2024 00:11:38.001,22.0415,32.1051,1.50,8.874,56.266,21.5419
10/07/2024 00:12:38.000,22.0418,32.1079,1.50,8.874,56.206,21.5403
10/07/2024 00:13:38.999,22.0459,32.1078,1.50,8.874,56.291,21.5406
10/07/2024 00:14:38.998,22.0491,32.1043,1.50,8.874,56.027,21.5414
10/07/2024 00:15:38.001,22.0484,32.1048,1.50,8.874,56.145,21.5405
10/07/2024 00:16:38.000,22.0467,32.1060,1.50,8.874,56.178,21.5409
10/07/2024 00:17:38.999,22.0483,32.1044,1.50,8.874,56.228,21.5404
10/07/2024 00:18:38.002,22.0481,32.1066,1.50,8.874,56.289,21.5409
10/07/2024 00:19:38.001,22.0483,32.1064,1.50,8.874,56.045,21.5407
10/07/2024 00:20:38.000,22.0484,32.1050,1.50,8.873,56.195,21.5408
10/07/2024 00:21:38.999,22.0478,32.1057,1.50,8.873,56.203,21.5402
10/07/2024 00:22:38.001,22.0476,32.1058,1.50,8.873,56.114,21.5400
10/07/2024 00:23:38.000,22.0475,32.1049,1.50,8.873,56.229,21.5396
10/07/2024 00:24:38.000,22.0449,32.1064,1.51,8.873,56.193,21.5398
10/07/2024 00:25:38.999,22.0425,32.1044,1.51,8.873,56.298,21.5396
10/07/2024 00:26:38.001,22.0417,32.1052,1.50,8.873,56.207,21.5403
10/07/2024 00:27:38.000,22.0408,32.1072,1.50,8.873,56.277,21.5403
10/07/2024 00:28:38.999,22.0440,32.1064,1.50,8.873,56.183,21.5390
10/07/2024 00:29:38.998,22.0445,32.1061,1.51,8.873,56.247,21.5396
10/07/2024 00:30:38.001,22.0437,32.1071,1.51,8.873,56.167,21.5398
10/07/2024 00:31:38.000,22.0482,32.1077,1.51,8.873,56.101,21.5396
10/07/2024 00:32:38.999,22.0453,32.1031,1.51,8.873,56.138,21.5394
10/07/2024 00:33:38.002,22.0425,32.1052,1.51,8.873,56.226,21.5384
10/07/2024 00:34:38.001,22.0390,32.1075,1.51,8.873,56.217,21.5392
10/07/2024 00:35:38.000,22.0402,32.1071,1.51,8.873,56.161,21.5394
10/07/2024 00:36:38.999,22.0395,32.1068,1.50,8.873,56.165,21.5389
10/07/2024 00:37:38.001,22.0389,32.1054,1.51,8.873,56.301,21.5387
10/07/2024 00:38:38.000,22.0364,32.1059,1.50,8.873,56.155,21.5391
10/07/2024 00:39:38.000,22.0370,32.1061,1.51,8.873,56.251,21.5391
10/07/2024 00:40:38.999,22.0352,32.1052,1.50,8.873,56.196,21.5386
10/07/2024 00:41:38.001,22.0329,32.1055,1.51,8.873,56.199,21.5386
10/07/2024 00:42:38.000,22.0346,32.1089,1.51,8.873,56.159,21.5385
10/07/2024 00:43:38.999,22.0342,32.1051,1.51,8.873,56.116,21.5383
10/07/2024 00:44:38.998,22.0322,32.1080,1.50,8.873,56.212,21.5381
10/07/2024 00:45:38.001,22.0320,32.1085,1.51,8.873,56.236,21.5380
10/07/2024 00:46:38.000,22.0300,32.1055,1.51,8.873,56.150,21.5379
10/07/2024 00:47:38.999,22.0291,32.1070,1.51,8.873,56.164,21.5378
10/07/2024 00:48:38.002,22.0288,32.1066,1.51,8.873,56.231,21.5369
10/07/2024 00:49:38.001,22.0286,32.1102,1.51,8.873,56.360,21.5367
10/07/2024 00:50:38.000,22.0335,32.1099,1.51,8.873,56.271,21.5372
10/07/2024 00:51:38.999,22.0367,32.1095,1.51,8.873,56.280,21.5373
10/07/2024 00:52:38.001,22.0359,32.1077,1.51,8.873,56.119,21.5373
10/07/2024 00:53:38.000,22.0359,32.1056,1.51,8.873,56.226,21.5368
10/07/2024 00:54:38.000,22.0332,32.1074,1.50,8.873,56.236,21.5366
10/07/2024 00:55:38.999,22.0321,32.1060,1.51,8.873,56.144,21.5368
10/07/2024 00:56:38.001,22.0302,32.1077,1.51,8.873,56.219,21.5366
10/07/2024 00:57:38.000,22.0294,32.1077,1.51,8.873,56.233,21.5365
10/07/2024 00:58:38.999,22.0305,32.1097,1.51,8.873,56.298,21.5362
10/07/2024 00:59:38.998,22.0340,32.1090,1.51,8.873,56.265,21.5373
10/07/2024 01:00:38.001,22.0330,32.1071,1.51,8.873,56.263,21.5363
10/07/2024 01:01:38.000,22.0316,32.1069,1.51,8.873,56.414,21.5369
10/07/2024 01:02:38.999,22.0299,32.1086,1.51,8.873,56.189,21.5366
10/07/2024 01:03:38.002,22.0299,32.1080,1.51,8.873,56.451,21.5369
10/07/2024 01:04:38.001,22.0263,32.1085,1.51,8.872,56.354,21.5354
10/07/2024 01:05:38.000,22.0272,32.1096,1.51,8.872,56.176,21.5354
10/07/2024 01:06:38.999,22.0276,32.1081,1.51,8.872,56.291,21.5351
10/07/2024 01:07:38.001,22.0246,32.1080,1.51,8.873,56.247,21.5355
10/07/2024 01:08:38.000,22.0240,32.1075,1.51,8.872,56.224,21.5350
10/07/2024 01:09:38.000,22.0219,32.1083,1.51,8.873,56.170,21.5339
10/07/2024 01:10:38.999,22.0198,32.1077,1.52,8.872,56.223,21.5345
10/07/2024 01:11:38.001,22.0203,32.1104,1.51,8.872,56.406,21.5344
10/07/2024 01:12:38.000,22.0224,32.1099,1.51,8.872,56.321,21.5345
10/07/2024 01:13:38.999,22.0223,32.1093,1.51,8.872,56.170,21.5337
10/07/2024 01:14:38.998,22.0261,32.1087,1.51,8.872,56.168,21.5336
10/07/2024 01:15:38.001,22.0248,32.1100,1.51,8.872,56.268,21.5338
10/07/2024 01:16:38.000,22.0278,32.1094,1.51,8.872,56.244,21.5346
10/07/2024 01:17:38.999,22.0252,32.1090,1.51,8.872,56.127,21.5361
10/07/2024 01:18:38.002,22.0223,32.1084,1.51,8.872,56.341,21.5340
10/07/2024 01:19:38.001,22.0187,32.1084,1.51,8.872,56.170,21.5333
10/07/2024 01:20:38.000,22.0173,32.1113,1.51,8.872,56.329,21.5328
10/07/2024 01:21:38.999,22.0179,32.1099,1.51,8.872,56.307,21.5333
10/07/2024 01:22:38.001,22.0165,32.1096,1.51,8.872,56.126,21.5330
10/07/2024 01:23:38.000,22.0166,32.1105,1.51,8.872,56.190,21.5332
10/07/2024 01:24:38.000,22.0175,32.1112,1.51,8.872,56.143,21.5321
10/07/2024 01:25:38.999,22.0185,32.1093,1.51,8.871,56.315,21.5316
10/07/2024 01:26:38.001,22.0174,32.1094,1.51,8.871,56.287,21.5310
10/07/2024 01:27:38.000,22.0137,32.1082,1.51,8.871,56.252,21.5322
10/07/2024 01:28:38.999,22.0118,32.1092,1.51,8.871,56.223,21.5311
10/07/2024 01:29:38.998,22.0118,32.1102,1.51,8.871,56.258,21.5317
10/07/2024 01:30:38.001,22.0104,32.1097,1.51,8.871,56.252,21.5311
10/07/2024 01:31:38.000,22.0113,32.1095,1.51,8.871,56.209,21.5308
10/07/2024 01:32:38.999,22.0115,32.1106,1.51,8.870,56.295,21.5306
10/07/2024 01:33:38.002,22.0100,32.1117,1.51,8.870,56.188,21.5308
10/07/2024 01:34:38.001,22.0102,32.1087,1.52,8.870,56.212,21.5294
10/07/2024 01:35:38.000,22.0103,32.1110,1.52,8.870,56.179,21.5295
10/07/2024 01:36:38.999,22.0110,32.1121,1.52,8.870,56.150,21.5297
10/07/2024 01:37:38.001,22.0135,32.1101,1.52,8.870,56.153,21.5301
10/07/2024 01:38:38.000,22.0119,32.1104,1.52,8.870,56.183,21.5300
10/07/2024 01:39:38.000,22.0129,32.1099,1.52,8.870,56.164,21.5287
10/07/2024 01:40:38.999,22.0114,32.1085,1.52,8.870,56.162,21.5292
10/07/2024 01:41:38.001,22.0069,32.1102,1.52,8.869,56.156,21.5288
10/07/2024 01:42:38.000,22.0098,32.1120,1.52,8.869,56.103,21.5287
10/07/2024 01:43:38.999,22.0112,32.1108,1.52,8.869,56.048,21.5282
10/07/2024 01:44:38.998,22.0090,32.1113,1.52,8.869,56.069,21.5282
10/07/2024 01:45:38.001,22.0109,32.1123,1.52,8.869,56.127,21.5270
10/07/2024 01:46:38.000,22.0092,32.1121,1.51,8.869,56.155,21.5269
10/07/2024 01:47:38.999,22.0075,32.1100,1.52,8.869,56.197,21.5279
10/07/2024 01:48:38.002,22.0061,32.1130,1.52,8.869,56.156,21.5281
10/07/2024 01:49:38.001,22.0068,32.1099,1.52,8.869,56.230,21.5277
10/07/2024 01:50:38.000,22.0053,32.1095,1.52,8.869,56.066,21.5265
10/07/2024 01:51:38.999,22.0006,32.1114,1.52,8.870,56.166,21.5262
10/07/2024 01:52:38.001,21.9991,32.1133,1.51,8.870,56.240,21.5266
10/07/2024 01:53:38.000,22.0010,32.1129,1.51,8.870,56.175,21.5269
10/07/2024 01:54:38.000,22.0012,32.1119,1.52,8.870,56.224,21.5259
10/07/2024 01:55:38.999,21.9987,32.1111,1.52,8.870,56.278,21.5253
10/07/2024 01:56:38.001,21.9975,32.1102,1.52,8.870,56.306,21.5250
10/07/2024 01:57:38.000,21.9951,32.1128,1.52,8.870,56.184,21.5254
10/07/2024 01:58:38.999,21.9972,32.1122,1.52,8.870,56.197,21.5252
10/07/2024 01:59:38.998,21.9973,32.1120,1.52,8.870,56.280,21.5253
10/07/2024 02:00:38.001,21.9958,32.1138,1.52,8.870,56.213,21.5248
10/07/2024 02:01:38.000,21.9959,32.1123,1.52,8.870,56.248,21.5245
10/07/2024 02:02:38.999,21.9956,32.1103,1.52,8.870,56.200,21.5236
10/07/2024 02:03:38.002,21.9939,32.1127,1.53,8.870,56.182,21.5242
10/07/2024 02:04:38.001,21.9944,32.1116,1.52,8.870,56.151,21.5226
10/07/2024 02:05:38.000,21.9944,32.1132,1.53,8.870,56.188,21.5231
10/07/2024 02:06:38.999,21.9947,32.1124,1.53,8.869,56.223,21.5234
10/07/2024 02:07:38.001,21.9923,32.1121,1.53,8.869,56.174,21.5224
10/07/2024 02:08:38.000,21.9898,32.1144,1.53,8.869,56.304,21.5221
10/07/2024 02:09:38.000,21.9928,32.1133,1.53,8.869,56.255,21.5216
10/07/2024 02:10:38.999,21.9906,32.1121,1.53,8.869,56.170,21.5206
10/07/2024 02:11:38.001,21.9896,32.1135,1.52,8.869,56.142,21.5212
10/07/2024 02:12:38.000,21.9887,32.1142,1.53,8.869,56.036,21.5209
10/07/2024 02:13:38.999,21.9894,32.1136,1.53,8.869,56.079,21.5206
10/07/2024 02:14:38.998,21.9895,32.1141,1.52,8.868,56.210,21.5195
10/07/2024 02:15:38.001,21.9890,32.1135,1.53,8.868,56.252,21.5195
10/07/2024 02:16:38.000,21.9896,32.1155,1.53,8.868,56.136,21.5204
10/07/2024 02:17:38.999,21.9893,32.1140,1.53,8.868,56.136,21.5200
10/07/2024 02:18:38.002,21.9893,32.1127,1.53,8.868,56.236,21.5204
10/07/2024 02:19:38.001,21.9878,32.1155,1.52,8.868,56.129,21.5198
10/07/2024 02:20:38.000,21.9903,32.1139,1.52,8.868,56.119,21.5187
10/07/2024 02:21:38.999,21.9906,32.1160,1.52,8.868,56.185,21.5191
10/07/2024 02:22:38.001,21.9919,32.1106,1.52,8.868,56.188,21.5191
10/07/2024 02:23:38.000,21.9866,32.1136,1.52,8.868,56.247,21.5189
10/07/2024 02:24:38.000,21.9838,32.1130,1.53,8.868,56.116,21.5181
10/07/2024 02:25:38.999,21.9835,32.1133,1.52,8.868,56.225,21.5178
10/07/2024 02:26:38.001,21.9817,32.1122,1.52,8.868,56.225,21.5179
10/07/2024 02:27:38.000,21.9821,32.1139,1.52,8.868,56.223,21.5168
10/07/2024 02:28:38.999,21.9819,32.1127,1.52,8.868,56.227,21.5173
10/07/2024 02:29:38.998,21.9789,32.1145,1.52,8.867,56.208,21.5164
10/07/2024 02:30:38.001,21.9797,32.1162,1.52,8.867,56.196,21.5167
10/07/2024 02:31:38.000,21.9811,32.1171,1.53,8.867,56.292,21.5170
10/07/2024 02:32:38.999,21.9825,32.1141,1.53,8.867,56.208,21.5161
10/07/2024 02:33:38.002,21.9790,32.1144,1.53,8.867,56.291,21.5161
10/07/2024 02:34:38.001,21.9810,32.1142,1.52,8.867,56.106,21.5156
10/07/2024 02:35:38.000,21.9776,32.1144,1.53,8.867,56.242,21.5153
10/07/2024 02:36:38.999,21.9775,32.1164,1.52,8.867,56.200,21.5158
10/07/2024 02:37:38.001,21.9792,32.1160,1.52,8.867,56.199,21.5145
10/07/2024 02:38:38.000,21.9815,32.1144,1.52,8.867,56.157,21.5137
10/07/2024 02:39:38.000,21.9784,32.1154,1.52,8.867,56.110,21.5143
10/07/2024 02:40:38.999,21.9767,32.1159,1.52,8.867,56.108,21.5142
10/07/2024 02:41:38.001,21.9791,32.1158,1.52,8.867,56.135,21.5141
10/07/2024 02:42:38.000,21.9809,32.1146,1.52,8.867,56.116,21.5135
10/07/2024 02:43:38.999,21.9784,32.1136,1.52,8.867,56.007,21.5127
10/07/2024 02:44:38.998,21.9758,32.1126,1.52,8.867,56.125,21.5128
10/07/2024 02:45:38.001,21.9730,32.1164,1.52,8.867,56.198,21.5127
10/07/2024 02:46:38.000,21.9730,32.1143,1.52,8.867,56.118,21.5125
10/07/2024 02:47:38.999,21.9716,32.1157,1.52,8.867,56.204,21.5121
10/07/2024 02:48:38.998,21.9716,32.1144,1.52,8.867,56.147,21.5114
10/07/2024 02:49:38.997,21.9706,32.1161,1.52,8.867,56.314,21.5111
10/07/2024 02:50:38.003,21.9716,32.1149,1.52,8.868,56.306,21.5108
10/07/2024 02:51:38.002,21.9673,32.1156,1.52,8.868,56.267,21.5103
10/07/2024 02:52:38.001,21.9702,32.1164,1.52,8.868,56.147,21.5104
10/07/2024 02:53:38.000,21.9699,32.1151,1.50,8.868,56.151,21.5103
10/07/2024 02:54:38.000,21.9682,32.1155,1.50,8.868,56.261,21.5099
10/07/2024 02:55:38.999,21.9700,32.1172,1.51,8.868,56.219,21.5097
10/07/2024 02:56:38.998,21.9718,32.1160,1.50,8.868,56.141,21.5090
10/07/2024 02:57:38.997,21.9689,32.1141,1.51,8.868,56.227,21.5090
10/07/2024 02:58:38.003,21.9658,32.1139,1.51,8.868,56.300,21.5084
10/07/2024 02:59:38.002,21.9646,32.1155,1.51,8.868,56.160,21.5079
10/07/2024 03:00:38.001,21.9631,32.1203,1.51,8.868,56.205,21.5076
10/07/2024 03:01:38.000,21.9653,32.1167,1.51,8.868,56.263,21.5068
10/07/2024 03:02:38.999,21.9659,32.1170,1.51,8.868,56.283,21.5067
10/07/2024 03:03:38.998,21.9617,32.1172,1.51,8.868,56.276,21.5070
10/07/2024 03:04:38.997,21.9617,32.1152,1.51,8.868,56.148,21.5057
10/07/2024 03:05:38.003,21.9618,32.1174,1.51,8.868,56.190,21.5066
10/07/2024 03:06:38.002,21.9625,32.1160,1.51,8.868,56.160,21.5063
10/07/2024 03:07:38.001,21.9614,32.1178,1.51,8.868,56.185,21.5059
10/07/2024 03:08:38.000,21.9608,32.1166,1.51,8.868,56.324,21.5054
10/07/2024 03:09:38.000,21.9595,32.1182,1.51,8.869,56.154,21.5050
10/07/2024 03:10:38.999,21.9630,32.1164,1.52,8.869,56.241,21.5049
10/07/2024 03:11:38.998,21.9602,32.1183,1.52,8.869,56.272,21.5045
10/07/2024 03:12:38.997,21.9587,32.1157,1.52,8.869,56.291,21.5039
10/07/2024 03:13:38.003,21.9554,32.1181,1.52,8.869,56.192,21.5039
10/07/2024 03:14:38.002,21.9565,32.1201,1.52,8.869,56.124,21.5038
10/07/2024 03:15:38.001,21.9597,32.1190,1.52,8.869,56.248,21.5026
10/07/2024 03:16:38.000,21.9579,32.1170,1.53,8.869,56.274,21.5026
10/07/2024 03:17:38.999,21.9572,32.1164,1.52,8.869,56.331,21.5024
10/07/2024 03:18:38.998,21.9553,32.1169,1.52,8.869,56.190,21.5017
10/07/2024 03:19:38.997,21.9547,32.1175,1.52,8.869,56.220,21.5015
10/07/2024 03:20:38.003,21.9539,32.1215,1.52,8.869,56.206,21.5013
10/07/2024 03:21:38.002,21.9558,32.1184,1.52,8.869,56.255,21.5004
10/07/2024 03:22:38.001,21.9542,32.1175,1.52,8.869,56.223,21.5004
10/07/2024 03:23:38.000,21.9556,32.1213,1.52,8.869,56.235,21.4997
10/07/2024 03:24:38.000,21.9575,32.1196,1.52,8.869,56.209,21.4993
10/07/2024 03:25:38.999,21.9571,32.1175,1.52,8.869,56.217,21.5001
10/07/2024 03:26:38.998,21.9529,32.1153,1.52,8.869,56.194,21.4995
10/07/2024 03:27:38.997,21.9463,32.1165,1.52,8.869,56.239,21.4987
10/07/2024 03:28:38.003,21.9448,32.1174,1.52,8.869,56.059,21.4978
10/07/2024 03:29:38.002,21.9462,32.1207,1.52,8.869,56.176,21.4982
10/07/2024 03:30:38.001,21.9467,32.1180,1.52,8.868,56.162,21.4980
10/07/2024 03:31:38.000,21.9478,32.1180,1.52,8.868,56.115,21.4969
10/07/2024 03:32:38.999,21.9485,32.1186,1.53,8.868,56.245,21.4961
10/07/2024 03:33:38.998,21.9509,32.1202,1.53,8.868,56.225,21.4967
10/07/2024 03:34:38.997,21.9539,32.1192,1.52,8.868,56.150,21.4958
10/07/2024 03:35:38.003,21.9508,32.1163,1.53,8.868,56.192,21.4958
10/07/2024 03:36:38.002,21.9444,32.1180,1.53,8.868,56.108,21.4952
10/07/2024 03:37:38.001,21.9429,32.1189,1.52,8.868,56.144,21.4960
10/07/2024 03:38:38.000,21.9435,32.1163,1.52,8.868,56.202,21.4947
10/07/2024 03:39:38.000,21.9395,32.1196,1.53,8.868,56.114,21.4949
10/07/2024 03:40:38.999,21.9415,32.1188,1.53,8.868,56.194,21.4945
10/07/2024 03:41:38.998,21.9399,32.1198,1.53,8.868,56.104,21.4941
10/07/2024 03:42:38.997,21.9392,32.1211,1.52,8.868,56.196,21.4933
10/07/2024 03:43:38.003,21.9435,32.1190,1.52,8.868,56.192,21.4926
10/07/2024 03:44:38.002,21.9412,32.1192,1.52,8.868,56.138,21.4929
10/07/2024 03:45:38.001,21.9403,32.1182,1.53,8.868,56.243,21.4921
10/07/2024 03:46:38.000,21.9423,32.1204,1.52,8.868,56.310,21.4912
10/07/2024 03:47:38.999,21.9431,32.1173,1.53,8.869,56.260,21.4918
10/07/2024 03:48:38.998,21.9397,32.1188,1.52,8.868,56.175,21.4915
10/07/2024 03:49:38.997,21.9384,32.1198,1.52,8.869,56.195,21.4911
10/07/2024 03:50:38.003,21.9390,32.1190,1.53,8.869,56.224,21.4900
10/07/2024 03:51:38.002,21.9371,32.1199,1.52,8.868,56.103,21.4902
10/07/2024 03:52:38.001,21.9365,32.1214,1.52,8.868,56.151,21.4895
10/07/2024 03:53:38.000,21.9353,32.1191,1.53,8.868,56.226,21.4892
10/07/2024 03:54:38.000,21.9346,32.1178,1.53,8.868,56.130,21.4887
10/07/2024 03:55:38.999,21.9312,32.1207,1.52,8.868,56.162,21.4868
10/07/2024 03:56:38.998,21.9338,32.1216,1.52,8.868,56.115,21.4883
10/07/2024 03:57:38.997,21.9342,32.1205,1.52,8.868,56.115,21.4876
10/07/2024 03:58:38.003,21.9335,32.1184,1.52,8.868,55.996,21.4867
10/07/2024 03:59:38.002,21.9306,32.1187,1.52,8.868,56.097,21.4871
10/07/2024 04:00:38.001,21.9293,32.1200,1.52,8.868,56.179,21.4867
10/07/2024 04:01:38.000,21.9296,32.1201,1.52,8.868,56.140,21.4862
10/07/2024 04:02:38.999,21.9309,32.1212,1.52,8.868,56.126,21.4857
10/07/2024 04:03:38.998,21.9334,32.1207,1.52,8.868,56.235,21.4859
10/07/2024 04:04:38.997,21.9305,32.1207,1.52,8.868,56.221,21.4841
10/07/2024 04:05:38.003,21.9329,32.1202,1.52,8.867,56.318,21.4840
10/07/2024 04:06:38.002,21.9296,32.1194,1.52,8.867,56.240,21.4847
10/07/2024 04:07:38.001,21.9301,32.1200,1.52,8.867,56.211,21.4837
10/07/2024 04:08:38.000,21.9306,32.1209,1.53,8.868,56.282,21.4822
10/07/2024 04:09:38.000,21.9297,32.1194,1.52,8.867,56.270,21.4830
10/07/2024 04:10:38.999,21.9288,32.1216,1.52,8.867,56.298,21.4825
10/07/2024 04:11:38.998,21.9309,32.1217,1.52,8.867,56.246,21.4817
10/07/2024 04:12:38.997,21.9321,32.1214,1.52,8.867,56.213,21.4819
10/07/2024 04:13:38.003,21.9293,32.1179,1.52,8.867,56.254,21.4816
10/07/2024 04:14:38.002,21.9261,32.1200,1.52,8.867,56.379,21.4808
10/07/2024 04:15:38.001,21.9212,32.1198,1.52,8.867,56.241,21.4793
10/07/2024 04:16:38.000,21.9219,32.1234,1.52,8.867,56.235,21.4785
10/07/2024 04:17:38.999,21.9248,32.1235,1.52,8.867,56.231,21.4800
10/07/2024 04:18:38.998,21.9230,32.1184,1.53,8.866,56.290,21.4784
10/07/2024 04:19:38.997,21.9198,32.1212,1.53,8.866,56.348,21.4784
10/07/2024 04:20:38.003,21.9190,32.1210,1.53,8.866,56.442,21.4781
10/07/2024 04:21:38.002,21.9175,32.1229,1.53,8.866,56.267,21.4774
10/07/2024 04:22:38.001,21.9188,32.1216,1.53,8.866,56.383,21.4775
10/07/2024 04:23:38.000,21.9174,32.1216,1.53,8.866,56.236,21.4770
10/07/2024 04:24:38.000,21.9155,32.1196,1.52,8.866,56.288,21.4767
10/07/2024 04:25:38.999,21.9147,32.1220,1.53,8.865,56.206,21.4766
10/07/2024 04:26:38.998,21.9169,32.1215,1.53,8.865,56.196,21.4757
10/07/2024 04:27:38.997,21.9144,32.1227,1.53,8.865,56.285,21.4750
10/07/2024 04:28:38.003,21.9156,32.1234,1.53,8.865,56.198,21.4750
10/07/2024 04:29:38.002,21.9177,32.1226,1.53,8.865,56.207,21.4743
10/07/2024 04:30:38.001,21.9204,32.1232,1.53,8.865,56.224,21.4733
10/07/2024 04:31:38.000,21.9201,32.1211,1.53,8.865,56.163,21.4725
10/07/2024 04:32:38.999,21.9197,32.1208,1.53,8.865,56.432,21.4719
10/07/2024 04:33:38.998,21.9162,32.1227,1.53,8.865,56.166,21.4720
10/07/2024 04:34:38.997,21.9166,32.1210,1.53,8.864,56.282,21.4719
10/07/2024 04:35:38.003,21.9124,32.1197,1.53,8.864,56.181,21.4712
10/07/2024 04:36:38.002,21.9061,32.1209,1.53,8.864,56.246,21.4712
10/07/2024 04:37:38.001,21.9043,32.1240,1.53,8.864,56.268,21.4703
10/07/2024 04:38:38.000,21.9073,32.1234,1.53,8.864,56.356,21.4698
10/07/2024 04:39:38.000,21.9112,32.1224,1.54,8.864,56.280,21.4697
10/07/2024 04:40:38.999,21.9094,32.1214,1.53,8.864,56.204,21.4686
10/07/2024 04:41:38.998,21.9074,32.1225,1.53,8.863,56.169,21.4687
10/07/2024 04:42:38.997,21.9063,32.1234,1.53,8.863,56.172,21.4678
10/07/2024 04:43:38.003,21.9098,32.1242,1.52,8.863,56.215,21.4682
10/07/2024 04:44:38.002,21.9104,32.1224,1.53,8.863,56.208,21.4681
10/07/2024 04:45:38.001,21.9103,32.1216,1.53,8.863,56.085,21.4673
10/07/2024 04:46:38.000,21.9044,32.1223,1.53,8.863,56.144,21.4677
10/07/2024 04:47:38.999,21.9038,32.1225,1.53,8.863,56.163,21.4666
10/07/2024 04:48:38.998,21.8996,32.1241,1.53,8.863,56.117,21.4662
10/07/2024 04:49:38.997,21.8989,32.1226,1.53,8.862,56.125,21.4660
10/07/2024 04:50:38.003,21.8965,32.1248,1.53,8.862,56.292,21.4656
10/07/2024 04:51:38.002,21.8979,32.1225,1.53,8.862,56.148,21.4646
10/07/2024 04:52:38.001,21.8978,32.1222,1.53,8.862,56.153,21.4645
10/07/2024 04:53:38.000,21.8952,32.1227,1.54,8.862,56.212,21.4644
10/07/2024 04:54:38.000,21.8944,32.1226,1.53,8.862,56.327,21.4636
10/07/2024 04:55:38.999,21.8926,32.1243,1.53,8.861,56.238,21.4631
10/07/2024 04:56:38.998,21.8918,32.1245,1.53,8.861,56.212,21.4623
10/07/2024 04:57:38.997,21.8927,32.1235,1.53,8.861,56.255,21.4617
10/07/2024 04:58:38.003,21.8936,32.1236,1.53,8.861,56.066,21.4608
10/07/2024 04:59:38.002,21.8923,32.1222,1.53,8.861,56.144,21.4599
10/07/2024 05:00:38.001,21.8910,32.1239,1.53,8.861,56.231,21.4605
10/07/2024 05:01:38.000,21.8910,32.1254,1.54,8.860,56.277,21.4586
10/07/2024 05:02:38.999,21.8914,32.1243,1.54,8.860,56.253,21.4601
10/07/2024 05:03:38.998,21.8901,32.1225,1.53,8.860,56.221,21.4597
10/07/2024 05:04:38.997,21.8874,32.1251,1.53,8.860,56.194,21.4585
10/07/2024 05:05:38.003,21.8877,32.1240,1.53,8.859,56.326,21.4582
10/07/2024 05:06:38.002,21.8868,32.1245,1.54,8.859,56.434,21.4579
10/07/2024 05:07:38.001,21.8884,32.1232,1.53,8.859,56.329,21.4562
10/07/2024 05:08:38.000,21.8845,32.1212,1.53,8.859,56.337,21.4561
10/07/2024 05:09:38.000,21.8810,32.1251,1.53,8.859,56.293,21.4556
10/07/2024 05:10:38.999,21.8817,32.1248,1.53,8.858,56.235,21.4549
10/07/2024 05:11:38.998,21.8844,32.1277,1.53,8.858,56.240,21.4538
10/07/2024 05:12:38.997,21.8879,32.1288,1.54,8.858,56.310,21.4540
10/07/2024 05:13:38.003,21.8929,32.1249,1.53,8.858,56.174,21.4540
10/07/2024 05:14:38.002,21.8908,32.1249,1.53,8.857,56.256,21.4531
10/07/2024 05:15:38.001,21.8884,32.1247,1.53,8.857,56.298,21.4526
10/07/2024 05:16:38.000,21.8894,32.1255,1.54,8.857,56.254,21.4523
10/07/2024 05:17:38.999,21.8884,32.1230,1.54,8.857,56.189,21.4529
10/07/2024 05:18:38.998,21.8829,32.1227,1.54,8.857,56.152,21.4514
10/07/2024 05:19:38.997,21.8773,32.1255,1.54,8.857,56.244,21.4514
10/07/2024 05:20:38.003,21.8797,32.1257,1.54,8.857,56.285,21.4511
10/07/2024 05:21:38.002,21.8765,32.1252,1.53,8.857,56.191,21.4499
10/07/2024 05:22:38.001,21.8756,32.1249,1.53,8.856,56.255,21.4495
10/07/2024 05:23:38.000,21.8740,32.1257,1.53,8.856,56.321,21.4489
10/07/2024 05:24:38.000,21.8744,32.1265,1.53,8.856,56.174,21.4497
10/07/2024 05:25:38.999,21.8774,32.1246,1.54,8.856,56.150,21.4492
10/07/2024 05:26:38.998,21.8764,32.1245,1.53,8.856,56.328,21.4480
10/07/2024 05:27:38.997,21.8741,32.1249,1.53,8.855,56.301,21.4473
10/07/2024 05:28:38.003,21.8728,32.1241,1.53,8.855,56.224,21.4461
10/07/2024 05:29:38.002,21.8713,32.1270,1.53,8.855,56.342,21.4465
10/07/2024 05:30:38.001,21.8705,32.1262,1.53,8.855,56.403,21.4466
10/07/2024 05:31:38.000,21.8702,32.1275,1.53,8.855,56.476,21.4452
10/07/2024 05:32:38.999,21.8717,32.1240,1.53,8.855,56.230,21.4446
10/07/2024 05:33:38.998,21.8693,32.1256,1.53,8.854,56.254,21.4446
10/07/2024 05:34:38.997,21.8691,32.1273,1.53,8.854,56.252,21.4442
10/07/2024 05:35:38.003,21.8701,32.1248,1.53,8.854,56.236,21.4439
10/07/2024 05:36:38.002,21.8694,32.1263,1.53,8.854,56.170,21.4428
10/07/2024 05:37:38.001,21.8715,32.1269,1.53,8.854,56.402,21.4417
10/07/2024 05:38:38.000,21.8721,32.1270,1.53,8.854,56.319,21.4418
10/07/2024 05:39:38.000,21.8741,32.1262,1.53,8.854,56.192,21.4412
10/07/2024 05:40:38.999,21.8724,32.1236,1.53,8.853,56.249,21.4398
10/07/2024 05:41:38.998,21.8684,32.1242,1.53,8.853,56.342,21.4397
10/07/2024 05:42:38.997,21.8652,32.1261,1.53,8.853,56.284,21.4398
10/07/2024 05:43:38.003,21.8677,32.1290,1.53,8.853,56.290,21.4392
10/07/2024 05:44:38.002,21.8687,32.1270,1.53,8.853,56.338,21.4384
10/07/2024 05:45:38.001,21.8697,32.1257,1.53,8.853,56.251,21.4372
10/07/2024 05:46:38.000,21.8706,32.1285,1.53,8.853,56.301,21.4376
10/07/2024 05:47:38.999,21.8700,32.1245,1.53,8.853,56.268,21.4371
10/07/2024 05:48:38.998,21.8657,32.1245,1.53,8.852,56.252,21.4366
10/07/2024 05:49:38.997,21.8639,32.1269,1.53,8.852,56.363,21.4359
10/07/2024 05:50:38.003,21.8600,32.1252,1.53,8.852,56.335,21.4362
10/07/2024 05:51:38.002,21.8583,32.1280,1.53,8.852,56.398,21.4356
10/07/2024 05:52:38.001,21.8604,32.1268,1.53,8.852,56.232,21.4348
10/07/2024 05:53:38.000,21.8591,32.1273,1.53,8.852,56.329,21.4343
10/07/2024 05:54:38.000,21.8588,32.1264,1.53,8.852,56.215,21.4341
10/07/2024 05:55:38.999,21.8593,32.1267,1.54,8.852,56.367,21.4334
10/07/2024 05:56:38.998,21.8567,32.1266,1.53,8.852,56.263,21.4313
10/07/2024 05:57:38.997,21.8567,32.1261,1.54,8.852,56.238,21.4325
10/07/2024 05:58:38.003,21.8532,32.1268,1.53,8.852,56.284,21.4307
10/07/2024 05:59:38.002,21.8532,32.1265,1.53,8.852,56.189,21.4314
10/07/2024 06:00:38.001,21.8514,32.1279,1.53,8.851,56.314,21.4312
10/07/2024 06:01:38.000,21.8518,32.1269,1.53,8.851,56.340,21.4309
10/07/2024 06:02:38.999,21.8529,32.1270,1.53,8.851,56.236,21.4298
10/07/2024 06:03:38.998,21.8522,32.1282,1.53,8.851,56.316,21.4299
10/07/2024 06:04:38.997,21.8497,32.1250,1.54,8.851,56.261,21.4291
10/07/2024 06:05:38.003,21.8481,32.1270,1.54,8.851,56.321,21.4269
10/07/2024 06:06:38.002,21.8480,32.1277,1.53,8.851,56.462,21.4283
10/07/2024 06:07:38.001,21.8470,32.1281,1.54,8.851,56.321,21.4275
10/07/2024 06:08:38.000,21.8452,32.1252,1.54,8.851,56.397,21.4256
10/07/2024 06:09:38.000,21.8415,32.1287,1.54,8.851,56.243,21.4258
10/07/2024 06:10:38.999,21.8469,32.1325,1.54,8.851,56.311,21.4257
10/07/2024 06:11:38.998,21.8489,32.1273,1.53,8.851,56.248,21.4254
10/07/2024 06:12:38.997,21.8473,32.1275,1.53,8.851,56.376,21.4245
10/07/2024 06:13:38.003,21.8486,32.1284,1.53,8.851,56.417,21.4239
10/07/2024 06:14:38.002,21.8513,32.1286,1.53,8.850,56.230,21.4226
10/07/2024 06:15:38.001,21.8519,32.1263,1.54,8.850,56.260,21.4211
10/07/2024 06:16:38.000,21.8475,32.1264,1.54,8.850,56.417,21.4229
10/07/2024 06:17:38.999,21.8453,32.1281,1.54,8.850,56.442,21.4212
10/07/2024 06:18:38.998,21.8461,32.1279,1.54,8.850,56.305,21.4215
10/07/2024 06:19:38.997,21.8461,32.1287,1.54,8.850,56.355,21.4210
10/07/2024 06:20:38.003,21.8469,32.1265,1.54,8.850,56.280,21.4207
10/07/2024 06:21:38.002,21.8409,32.1281,1.54,8.850,56.396,21.4203
10/07/2024 06:22:38.001,21.8424,32.1292,1.54,8.850,56.413,21.4193
10/07/2024 06:23:38.000,21.8425,32.1288,1.54,8.850,56.250,21.4195
10/07/2024 06:24:38.000,21.8427,32.1275,1.54,8.850,56.344,21.4191
10/07/2024 06:25:38.999,21.8400,32.1295,1.54,8.850,56.340,21.4174
10/07/2024 06:26:38.998,21.8388,32.1297,1.54,8.850,56.294,21.4175
10/07/2024 06:27:38.997,21.8389,32.1283,1.54,8.849,56.383,21.4175
10/07/2024 06:28:38.003,21.8352,32.1299,1.54,8.849,56.291,21.4160
10/07/2024 06:29:38.002,21.8369,32.1282,1.54,8.849,56.315,21.4166
10/07/2024 06:30:38.001,21.8364,32.1307,1.54,8.849,56.180,21.4162
10/07/2024 06:31:38.000,21.8385,32.1321,1.54,8.849,56.353,21.4158
10/07/2024 06:32:38.999,21.8436,32.1298,1.53,8.848,56.214,21.4142
10/07/2024 06:33:38.998,21.8429,32.1270,1.53,8.848,56.258,21.4144
10/07/2024 06:34:38.997,21.8397,32.1293,1.53,8.848,56.256,21.4126
10/07/2024 06:35:38.003,21.8396,32.1307,1.53,8.848,56.276,21.4137
10/07/2024 06:36:38.002,21.8382,32.1281,1.54,8.848,56.345,21.4131
10/07/2024 06:37:38.001,21.8366,32.1298,1.54,8.848,56.254,21.4120
10/07/2024 06:38:38.000,21.8352,32.1282,1.54,8.847,56.320,21.4116
10/07/2024 06:39:38.000,21.8352,32.1302,1.54,8.847,56.317,21.4112
10/07/2024 06:40:38.999,21.8357,32.1304,1.54,8.847,56.344,21.4111
10/07/2024 06:41:38.998,21.8348,32.1272,1.54,8.847,56.295,21.4097
10/07/2024 06:42:38.997,21.8335,32.1291,1.54,8.847,56.207,21.4104
10/07/2024 06:43:38.003,21.8306,32.1293,1.54,8.847,56.286,21.4086
10/07/2024 06:44:38.002,21.8276,32.1297,1.55,8.847,56.341,21.4090
10/07/2024 06:45:38.001,21.8285,32.1304,1.54,8.847,56.317,21.4090
10/07/2024 06:46:38.000,21.8279,32.1289,1.54,8.847,56.318,21.4083
10/07/2024 06:47:38.999,21.8275,32.1296,1.54,8.847,56.247,21.4078
10/07/2024 06:48:38.998,21.8291,32.1309,1.54,8.846,56.135,21.4073
10/07/2024 06:49:38.997,21.8309,32.1301,1.54,8.846,56.078,21.4064
10/07/2024 06:50:38.003,21.8314,32.1296,1.54,8.846,56.101,21.4052
10/07/2024 06:51:38.002,21.8300,32.1293,1.54,8.846,56.124,21.4046
10/07/2024 06:52:38.001,21.8294,32.1304,1.53,8.846,56.133,21.4046
10/07/2024 06:53:38.000,21.8265,32.1292,1.54,8.846,56.088,21.4046
10/07/2024 06:54:38.000,21.8228,32.1295,1.54,8.845,56.181,21.4030
10/07/2024 06:55:38.999,21.8231,32.1314,1.54,8.845,56.175,21.4037
10/07/2024 06:56:38.998,21.8225,32.1326,1.54,8.845,56.283,21.4029
10/07/2024 06:57:38.997,21.8232,32.1281,1.54,8.845,56.194,21.4026
10/07/2024 06:58:38.003,21.8198,32.1311,1.54,8.845,56.315,21.4020
10/07/2024 06:59:38.002,21.8208,32.1310,1.54,8.844,56.222,21.4007
10/07/2024 07:00:38.001,21.8216,32.1305,1.54,8.844,56.395,21.4005
10/07/2024 07:01:38.000,21.8205,32.1298,1.54,8.844,56.146,21.3993
10/07/2024 07:02:38.999,21.8189,32.1307,1.54,8.844,56.326,21.3997
10/07/2024 07:03:38.998,21.8191,32.1343,1.54,8.844,56.184,21.3994
10/07/2024 07:04:38.997,21.8221,32.1304,1.54,8.844,56.131,21.3974
10/07/2024 07:05:38.003,21.8216,32.1317,1.54,8.844,56.235,21.3990
10/07/2024 07:06:38.002,21.8211,32.1305,1.54,8.844,56.227,21.3983
10/07/2024 07:07:38.001,21.8215,32.1305,1.54,8.844,56.330,21.3967
10/07/2024 07:08:38.000,21.8206,32.1328,1.54,8.843,56.271,21.3972
10/07/2024 07:09:38.000,21.8204,32.1313,1.54,8.843,56.117,21.3967
10/07/2024 07:10:38.999,21.8239,32.1340,1.54,8.843,56.176,21.3960
10/07/2024 07:11:38.998,21.8261,32.1298,1.54,8.843,56.179,21.3938
10/07/2024 07:12:38.997,21.8250,32.1305,1.54,8.843,56.290,21.3948
10/07/2024 07:13:38.003,21.8238,32.1308,1.54,8.843,56.265,21.3952
10/07/2024 07:14:38.002,21.8224,32.1311,1.54,8.843,56.273,21.3923
10/07/2024 07:15:38.001,21.8225,32.1337,1.54,8.843,56.209,21.3931
10/07/2024 07:16:38.000,21.8251,32.1330,1.54,8.843,56.364,21.3923
10/07/2024 07:17:38.999,21.8270,32.1315,1.54,8.843,56.211,21.3927
10/07/2024 07:18:38.998,21.8260,32.1315,1.55,8.842,56.071,21.3919
10/07/2024 07:19:38.997,21.8228,32.1333,1.55,8.842,56.312,21.3908
10/07/2024 07:20:38.003,21.8212,32.1311,1.55,8.842,56.191,21.3908
10/07/2024 07:21:38.002,21.8211,32.1319,1.55,8.842,56.282,21.3889
10/07/2024 07:22:38.001,21.8206,32.1317,1.55,8.842,56.190,21.3902
10/07/2024 07:23:38.000,21.8177,32.1314,1.55,8.842,56.196,21.3896
10/07/2024 07:24:38.000,21.8167,32.1313,1.55,8.842,56.246,21.3891
10/07/2024 07:25:38.999,21.8171,32.1322,1.55,8.841,56.156,21.3887
10/07/2024 07:26:38.998,21.8165,32.1325,1.55,8.841,56.115,21.3884
10/07/2024 07:27:38.997,21.8159,32.1315,1.55,8.841,56.209,21.3874
10/07/2024 07:28:38.003,21.8155,32.1342,1.55,8.841,56.175,21.3870
10/07/2024 07:29:38.002,21.8175,32.1318,1.55,8.841,56.231,21.3855
10/07/2024 07:30:38.001,21.8141,32.1335,1.55,8.841,56.213,21.3863
10/07/2024 07:31:38.000,21.8136,32.1320,1.55,8.841,56.227,21.3843
10/07/2024 07:32:38.999,21.8119,32.1328,1.55,8.841,56.371,21.3854
10/07/2024 07:33:38.998,21.8139,32.1321,1.55,8.840,56.151,21.3840
10/07/2024 07:34:38.997,21.8120,32.1338,1.55,8.840,56.276,21.3846
10/07/2024 07:35:38.003,21.8139,32.1328,1.55,8.840,56.336,21.3841
10/07/2024 07:36:38.002,21.8147,32.1343,1.55,8.840,56.378,21.3833
10/07/2024 07:37:38.001,21.8149,32.1338,1.55,8.840,56.255,21.3839
10/07/2024 07:38:38.000,21.8146,32.1343,1.55,8.840,56.322,21.3815
10/07/2024 07:39:38.000,21.8174,32.1357,1.55,8.840,56.265,21.3810
10/07/2024 07:40:38.999,21.8186,32.1321,1.55,8.839,56.253,21.3819
10/07/2024 07:41:38.998,21.8171,32.1326,1.55,8.839,56.296,21.3806
10/07/2024 07:42:38.997,21.8152,32.1310,1.55,8.839,56.322,21.3811
10/07/2024 07:43:38.003,21.8132,32.1315,1.55,8.839,56.152,21.3801
10/07/2024 07:44:38.002,21.8108,32.1324,1.55,8.839,56.215,21.3801
10/07/2024 07:45:38.001,21.8107,32.1329,1.56,8.839,56.212,21.3795
10/07/2024 07:46:38.000,21.8110,32.1327,1.55,8.839,56.272,21.3790
10/07/2024 07:47:38.999,21.8113,32.1346,1.55,8.839,56.264,21.3782
10/07/2024 07:48:38.998,21.8156,32.1332,1.56,8.838,56.301,21.3778
10/07/2024 07:49:38.997,21.8177,32.1359,1.56,8.838,56.377,21.3764
10/07/2024 07:50:38.003,21.8161,32.1332,1.55,8.838,56.269,21.3775
10/07/2024 07:51:38.002,21.8156,32.1322,1.55,8.838,56.244,21.3760
10/07/2024 07:52:38.001,21.8140,32.1341,1.56,8.838,56.256,21.3768
10/07/2024 07:53:38.000,21.8138,32.1342,1.56,8.838,56.383,21.3763
10/07/2024 07:54:38.000,21.8122,32.1330,1.55,8.838,56.153,21.3759
10/07/2024 07:55:38.999,21.8121,32.1358,1.55,8.838,56.197,21.3750
10/07/2024 07:56:38.998,21.8150,32.1342,1.55,8.838,56.255,21.3750
10/07/2024 07:57:38.997,21.8123,32.1331,1.55,8.838,56.252,21.3741
10/07/2024 07:58:38.003,21.8129,32.1359,1.55,8.838,56.164,21.3742
10/07/2024 07:59:38.002,21.8152,32.1329,1.56,8.837,56.196,21.3743
10/07/2024 08:00:38.001,21.8144,32.1349,1.55,8.837,56.279,21.3732
10/07/2024 08:01:38.000,21.8145,32.1320,1.56,8.837,56.197,21.3729
10/07/2024 08:02:38.999,21.8112,32.1325,1.57,8.837,56.293,21.3726
10/07/2024 08:03:38.998,21.8096,32.1332,1.57,8.837,56.206,21.3726
10/07/2024 08:04:38.997,21.8064,32.1351,1.57,8.837,56.277,21.3724
10/07/2024 08:05:38.003,21.8065,32.1335,1.57,8.837,56.124,21.3718
10/07/2024 08:06:38.002,21.8082,32.1362,1.57,8.837,56.122,21.3707
10/07/2024 08:07:38.001,21.8116,32.1349,1.57,8.837,56.230,21.3695
10/07/2024 08:08:38.000,21.8128,32.1328,1.57,8.837,56.191,21.3684
10/07/2024 08:09:38.000,21.8129,32.1373,1.57,8.836,56.403,21.3694
10/07/2024 08:10:38.999,21.8145,32.1352,1.57,8.836,56.299,21.3682
10/07/2024 08:11:38.998,21.8123,32.1328,1.57,8.836,56.293,21.3682
10/07/2024 08:12:38.997,21.8097,32.1343,1.57,8.836,56.318,21.3682
10/07/2024 08:13:38.003,21.8077,32.1356,1.57,8.836,56.285,21.3677
10/07/2024 08:14:38.002,21.8111,32.1375,1.57,8.836,56.205,21.3673
10/07/2024 08:15:38.001,21.8136,32.1356,1.57,8.836,56.210,21.3670
10/07/2024 08:16:38.000,21.8146,32.1367,1.57,8.836,56.213,21.3649
10/07/2024 08:17:38.999,21.8147,32.1331,1.57,8.836,56.127,21.3663
10/07/2024 08:18:38.998,21.8136,32.1331,1.57,8.835,56.314,21.3656
10/07/2024 08:19:38.997,21.8105,32.1341,1.57,8.835,56.201,21.3663
10/07/2024 08:20:38.003,21.8104,32.1343,1.57,8.835,56.211,21.3658
10/07/2024 08:21:38.002,21.8109,32.1341,1.57,8.835,56.217,21.3651
10/07/2024 08:22:38.001,21.8129,32.1362,1.57,8.835,56.218,21.3648
10/07/2024 08:23:38.000,21.8147,32.1355,1.57,8.835,56.195,21.3654
10/07/2024 08:24:38.000,21.8156,32.1331,1.57,8.835,56.220,21.3638
10/07/2024 08:25:38.999,21.8135,32.1351,1.57,8.835,56.287,21.3651
10/07/2024 08:26:38.998,21.8124,32.1362,1.58,8.834,56.098,21.3635
10/07/2024 08:27:38.997,21.8147,32.1344,1.57,8.834,56.184,21.3639
10/07/2024 08:28:38.003,21.8136,32.1343,1.58,8.834,56.070,21.3635
10/07/2024 08:29:38.002,21.8126,32.1351,1.58,8.834,56.097,21.3639
10/07/2024 08:30:38.001,21.8142,32.1367,1.58,8.834,56.054,21.3624
10/07/2024 08:31:38.000,21.8147,32.1343,1.58,8.834,56.226,21.3621
10/07/2024 08:32:38.999,21.8152,32.1383,1.58,8.834,56.280,21.3619
10/07/2024 08:33:38.998,21.8183,32.1375,1.58,8.834,56.297,21.3615
10/07/2024 08:34:38.997,21.8175,32.1359,1.58,8.834,56.192,21.3610
10/07/2024 08:35:38.003,21.8193,32.1378,1.58,8.834,56.220,21.3612
10/07/2024 08:36:38.002,21.8221,32.1376,1.58,8.834,56.231,21.3604
10/07/2024 08:37:38.001,21.8229,32.1356,1.58,8.834,56.173,21.3592
10/07/2024 08:38:38.000,21.8227,32.1344,1.58,8.834,56.062,21.3597
10/07/2024 08:39:38.000,21.8186,32.1343,1.59,8.834,56.232,21.3592
10/07/2024 08:40:38.999,21.8191,32.1343,1.59,8.834,56.184,21.3593
10/07/2024 08:41:38.998,21.8195,32.1351,1.59,8.834,56.208,21.3584
10/07/2024 08:42:38.997,21.8230,32.1351,1.59,8.834,56.338,21.3586
10/07/2024 08:43:38.003,21.8191,32.1336,1.59,8.834,56.230,21.3578
10/07/2024 08:44:38.002,21.8189,32.1350,1.59,8.834,56.207,21.3584
10/07/2024 08:45:38.001,21.8181,32.1345,1.59,8.834,56.292,21.3580
10/07/2024 08:46:38.000,21.8162,32.1372,1.59,8.834,56.306,21.3567
10/07/2024 08:47:38.999,21.8173,32.1352,1.59,8.834,56.286,21.3571
10/07/2024 08:48:38.998,21.8153,32.1355,1.59,8.833,56.322,21.3577
10/07/2024 08:49:38.997,21.8173,32.1348,1.59,8.833,56.235,21.3554
10/07/2024 08:50:38.003,21.8158,32.1349,1.59,8.833,56.219,21.3551
10/07/2024 08:51:38.002,21.8174,32.1399,1.59,8.833,56.279,21.3548
10/07/2024 08:52:38.001,21.8246,32.1352,1.58,8.833,56.368,21.3553
10/07/2024 08:53:38.000,21.8220,32.1354,1.59,8.833,56.308,21.3533
10/07/2024 08:54:38.000,21.8219,32.1359,1.59,8.833,56.222,21.3549
10/07/2024 08:55:38.999,21.8224,32.1357,1.59,8.833,56.137,21.3545
10/07/2024 08:56:38.998,21.8212,32.1352,1.59,8.833,56.314,21.3542
10/07/2024 08:57:38.997,21.8237,32.1349,1.59,8.833,56.288,21.3539
10/07/2024 08:58:38.003,21.8220,32.1354,1.59,8.833,56.102,21.3537
10/07/2024 08:59:38.002,21.8202,32.1338,1.59,8.833,56.366,21.3532
10/07/2024 09:00:38.001,21.8191,32.1351,1.59,8.833,56.290,21.3533
10/07/2024 09:01:38.000,21.8173,32.1357,1.58,8.833,56.272,21.3530
10/07/2024 09:02:38.999,21.8181,32.1358,1.59,8.833,56.281,21.3526
10/07/2024 09:03:38.998,21.8184,32.1369,1.59,8.833,56.246,21.3525
10/07/2024 09:04:38.997,21.8191,32.1338,1.58,8.833,56.225,21.3522
10/07/2024 09:05:38.003,21.8165,32.1368,1.59,8.833,56.354,21.3516
10/07/2024 09:06:38.002,21.8169,32.1378,1.59,8.833,56.280,21.3515
10/07/2024 09:07:38.001,21.8194,32.1364,1.58,8.833,56.349,21.3516
10/07/2024 09:08:38.000,21.8187,32.1371,1.58,8.833,56.400,21.3515
10/07/2024 09:09:38.000,21.8204,32.1364,1.58,8.833,56.247,21.3508
10/07/2024 09:10:38.999,21.8228,32.1361,1.58,8.833,56.189,21.3512
10/07/2024 09:11:38.998,21.8224,32.1361,1.58,8.833,56.235,21.3503
10/07/2024 09:12:38.997,21.8224,32.1379,1.58,8.833,56.232,21.3503
10/07/2024 09:13:38.003,21.8236,32.1348,1.58,8.832,56.278,21.3501
10/07/2024 09:14:38.002,21.8209,32.1367,1.58,8.833,56.131,21.3485
10/07/2024 09:15:38.001,21.8207,32.1369,1.58,8.832,56.166,21.3495
10/07/2024 09:16:38.000,21.8222,32.1362,1.58,8.832,56.195,21.3493
10/07/2024 09:17:38.999,21.8211,32.1381,1.58,8.832,56.295,21.3497
10/07/2024 09:18:38.998,21.8226,32.1377,1.58,8.832,56.222,21.3495
10/07/2024 09:19:38.997,21.8229,32.1375,1.59,8.832,56.235,21.3500
10/07/2024 09:20:38.003,21.8253,32.1370,1.59,8.832,56.261,21.3489
10/07/2024 09:21:38.002,21.8263,32.1377,1.59,8.832,56.208,21.3490
10/07/2024 09:22:38.001,21.8268,32.1367,1.59,8.832,56.309,21.3482
10/07/2024 09:23:38.000,21.8247,32.1345,1.59,8.832,56.229,21.3487
10/07/2024 09:24:38.000,21.8209,32.1362,1.59,8.832,56.346,21.3485
10/07/2024 09:25:38.999,21.8198,32.1371,1.59,8.832,56.420,21.3484
10/07/2024 09:26:38.998,21.8202,32.1382,1.59,8.832,56.256,21.3479
10/07/2024 09:27:38.997,21.8231,32.1388,1.59,8.831,56.334,21.3480
10/07/2024 09:28:38.003,21.8227,32.1388,1.59,8.831,56.336,21.3475
10/07/2024 09:29:38.002,21.8234,32.1362,1.59,8.831,56.196,21.3467
10/07/2024 09:30:38.001,21.8225,32.1364,1.59,8.831,56.229,21.3461
10/07/2024 09:31:38.000,21.8204,32.1364,1.59,8.831,56.273,21.3454
10/07/2024 09:32:38.999,21.8211,32.1393,1.59,8.831,56.189,21.3466
10/07/2024 09:33:38.998,21.8229,32.1384,1.59,8.831,56.249,21.3465
10/07/2024 09:34:38.997,21.8245,32.1377,1.59,8.830,56.188,21.3465
10/07/2024 09:35:38.003,21.8240,32.1376,1.59,8.830,56.334,21.3455
10/07/2024 09:36:38.002,21.8222,32.1358,1.59,8.830,56.196,21.3460
10/07/2024 09:37:38.001,21.8231,32.1379,1.59,8.830,56.229,21.3457
10/07/2024 09:38:38.000,21.8240,32.1381,1.59,8.830,56.149,21.3457
10/07/2024 09:39:38.000,21.8267,32.1368,1.59,8.830,56.204,21.3454
10/07/2024 09:40:38.999,21.8258,32.1383,1.59,8.830,56.240,21.3455
10/07/2024 09:41:38.998,21.8257,32.1354,1.59,8.830,56.226,21.3446
10/07/2024 09:42:38.997,21.8236,32.1376,1.60,8.829,56.143,21.3446
10/07/2024 09:43:38.003,21.8225,32.1388,1.60,8.829,56.225,21.3449
10/07/2024 09:44:38.002,21.8248,32.1400,1.59,8.829,56.213,21.3450
10/07/2024 09:45:38.001,21.8273,32.1391,1.59,8.829,56.345,21.3446
10/07/2024 09:46:38.000,21.8275,32.1362,1.59,8.829,56.199,21.3444
10/07/2024 09:47:38.999,21.8237,32.1363,1.59,8.829,56.290,21.3447
10/07/2024 09:48:38.998,21.8197,32.1357,1.59,8.829,56.326,21.3434
10/07/2024 09:49:38.997,21.8179,32.1362,1.59,8.828,56.182,21.3424
10/07/2024 09:50:38.003,21.8147,32.1385,1.59,8.828,56.245,21.3427
10/07/2024 09:51:38.002,21.8158,32.1382,1.59,8.828,56.221,21.3420
10/07/2024 09:52:38.001,21.8142,32.1396,1.59,8.828,56.297,21.3429
10/07/2024 09:53:38.000,21.8176,32.1388,1.59,8.828,56.346,21.3425
10/07/2024 09:54:38.000,21.8170,32.1366,1.59,8.827,56.167,21.3406
10/07/2024 09:55:38.999,21.8176,32.1367,1.59,8.827,56.265,21.3416
10/07/2024 09:56:38.998,21.8143,32.1402,1.59,8.827,56.188,21.3416
10/07/2024 09:57:38.997,21.8172,32.1399,1.59,8.827,56.165,21.3418
10/07/2024 09:58:38.003,21.8176,32.1407,1.59,8.827,56.214,21.3418
10/07/2024 09:59:38.002,21.8190,32.1380,1.59,8.827,56.273,21.3403
10/07/2024 10:00:38.001,21.8211,32.1415,1.58,8.827,56.248,21.3408
10/07/2024 10:01:38.000,21.8228,32.1405,1.59,8.826,56.214,21.3416
10/07/2024 10:02:38.999,21.8241,32.1396,1.59,8.826,56.259,21.3415
10/07/2024 10:03:38.998,21.8217,32.1375,1.59,8.826,56.356,21.3412
10/07/2024 10:04:38.997,21.8195,32.1383,1.59,8.826,56.344,21.3413
10/07/2024 10:05:38.003,21.8168,32.1387,1.59,8.826,56.256,21.3411
10/07/2024 10:06:38.002,21.8181,32.1390,1.59,8.826,56.387,21.3411
10/07/2024 10:07:38.001,21.8155,32.1376,1.59,8.826,56.323,21.3404
10/07/2024 10:08:38.000,21.8165,32.1390,1.59,8.826,56.212,21.3405
10/07/2024 10:09:38.000,21.8166,32.1397,1.59,8.826,56.347,21.3407
10/07/2024 10:10:38.999,21.8166,32.1397,1.59,8.826,56.195,21.3407
10/07/2024 10:11:38.998,21.8199,32.1392,1.59,8.826,56.335,21.3407
10/07/2024 10:12:38.997,21.8174,32.1379,1.59,8.826,56.163,21.3406
10/07/2024 10:13:38.003,21.8156,32.1416,1.59,8.826,56.285,21.3402
10/07/2024 10:14:38.002,21.8179,32.1402,1.59,8.826,56.267,21.3396
10/07/2024 10:15:38.001,21.8160,32.1385,1.59,8.826,56.198,21.3397
10/07/2024 10:16:38.000,21.8145,32.1411,1.59,8.826,56.257,21.3396
10/07/2024 10:17:38.999,21.8162,32.1410,1.59,8.826,56.293,21.3394
10/07/2024 10:18:38.998,21.8188,32.1385,1.59,8.826,56.247,21.3395
10/07/2024 10:19:38.997,21.8183,32.1401,1.60,8.825,56.301,21.3395
10/07/2024 10:20:38.003,21.8178,32.1426,1.60,8.825,56.270,21.3383
10/07/2024 10:21:38.002,21.8228,32.1402,1.60,8.825,56.184,21.3387
10/07/2024 10:22:38.001,21.8234,32.1427,1.60,8.825,56.300,21.3407
10/07/2024 10:23:38.000,21.8278,32.1409,1.60,8.825,56.133,21.3388
10/07/2024 10:24:38.000,21.8308,32.1376,1.60,8.825,56.284,21.3383
10/07/2024 10:25:38.999,21.8300,32.1401,1.60,8.825,56.259,21.3383
10/07/2024 10:26:38.998,21.8330,32.1386,1.60,8.825,56.272,21.3383
10/07/2024 10:27:38.997,21.8303,32.1399,1.60,8.825,56.172,21.3389
10/07/2024 10:28:38.003,21.8288,32.1385,1.60,8.825,56.160,21.3385
10/07/2024 10:29:38.002,21.8302,32.1410,1.60,8.825,56.177,21.3387
10/07/2024 10:30:38.001,21.8351,32.1409,1.60,8.825,56.276,21.3385
10/07/2024 10:31:38.000,21.8387,32.1417,1.59,8.825,56.256,21.3376
10/07/2024 10:32:38.999,21.8390,32.1389,1.60,8.825,56.226,21.3383
10/07/2024 10:33:38.998,21.8395,32.1401,1.60,8.826,56.141,21.3381
10/07/2024 10:34:38.997,21.8397,32.1389,1.60,8.826,56.193,21.3386
10/07/2024 10:35:38.003,21.8384,32.1386,1.60,8.826,56.187,21.3382
10/07/2024 10:36:38.002,21.8382,32.1410,1.60,8.826,56.189,21.3382
10/07/2024 10:37:38.001,21.8419,32.1396,1.60,8.826,56.295,21.3385
10/07/2024 10:38:38.000,21.8429,32.1386,1.60,8.826,56.228,21.3382
10/07/2024 10:39:38.000,21.8447,32.1438,1.60,8.825,56.309,21.3376
10/07/2024 10:40:38.999,21.8498,32.1394,1.60,8.825,56.171,21.3382
10/07/2024 10:41:38.998,21.8522,32.1397,1.60,8.825,56.281,21.3377
10/07/2024 10:42:38.997,21.8515,32.1406,1.60,8.825,56.213,21.3385
10/07/2024 10:43:38.003,21.8520,32.1414,1.60,8.826,56.161,21.3380
10/07/2024 10:44:38.002,21.8556,32.1425,1.60,8.825,56.273,21.3383
10/07/2024 10:45:38.001,21.8583,32.1387,1.60,8.825,56.255,21.3379
10/07/2024 10:46:38.000,21.8577,32.1378,1.60,8.825,56.206,21.3386
10/07/2024 10:47:38.999,21.8552,32.1396,1.60,8.825,56.292,21.3380
10/07/2024 10:48:38.998,21.8555,32.1408,1.60,8.825,56.270,21.3391
10/07/2024 10:49:38.997,21.8585,32.1393,1.60,8.826,56.052,21.3392
10/07/2024 10:50:38.003,21.8580,32.1383,1.60,8.825,56.141,21.3391
10/07/2024 10:51:38.002,21.8570,32.1377,1.60,8.826,56.175,21.3383
10/07/2024 10:52:38.001,21.8547,32.1384,1.60,8.826,56.234,21.3388
10/07/2024 10:53:38.000,21.8522,32.1382,1.61,8.826,56.259,21.3386
10/07/2024 10:54:38.000,21.8512,32.1394,1.60,8.826,56.174,21.3385
10/07/2024 10:55:38.999,21.8493,32.1383,1.60,8.826,56.186,21.3385
10/07/2024 10:56:38.998,21.8485,32.1406,1.60,8.825,56.224,21.3383
10/07/2024 10:57:38.997,21.8490,32.1399,1.60,8.825,56.157,21.3407
10/07/2024 10:58:38.003,21.8470,32.1383,1.60,8.825,56.188,21.3389
10/07/2024 10:59:38.002,21.8446,32.1381,1.60,8.825,56.156,21.3382
